                          6.5M Z=0.001 VW93  
Species    Yield      MassExp     ProdFact    E-Yield    E-MassExp  E-ProdFact 
      p   -6.253E-01  3.450E+00  -7.236E-02  -6.297E-01  3.446E+00  -7.292E-02
    he3    1.767E-07  1.767E-07   0.000E+00   1.767E-07  1.767E-07   0.000E+00
    he4    5.970E-01  1.951E+00   1.586E-01   5.991E-01  1.954E+00   1.590E-01
    li7   -5.638E-09  6.944E-11  -1.915E+00  -5.638E-09  6.944E-11  -1.915E+00
    c12    2.315E-03  3.303E-03   5.240E-01   4.472E-03  5.460E-03   7.423E-01
    c13    4.083E-04  4.194E-04   1.575E+00   4.070E-04  4.181E-04   1.574E+00
    n14    2.687E-02  2.718E-02   1.952E+00   2.683E-02  2.713E-02   1.952E+00
    n15    2.855E-07  1.412E-06   9.804E-02   2.843E-07  1.411E-06   9.770E-02
    o16   -1.813E-03  9.396E-04  -4.669E-01  -1.719E-03  1.034E-03  -4.253E-01
    o17    2.970E-06  4.024E-06   5.820E-01   2.966E-06  4.019E-06   5.815E-01
    o18   -5.793E-06  7.776E-08  -1.878E+00  -5.793E-06  7.776E-08  -1.878E+00
    f19   -9.483E-08  5.688E-08  -4.261E-01  -6.667E-08  8.504E-08  -2.514E-01
   ne20    2.361E-05  5.154E-04   2.034E-02   2.615E-05  5.179E-04   2.247E-02
   ne21   -9.966E-07  2.590E-07  -6.857E-01  -8.569E-07  3.987E-07  -4.983E-01
   ne22    2.079E-04  2.474E-04   7.967E-01   2.339E-04  2.734E-04   8.401E-01
   na23   -5.099E-06  5.717E-06  -2.769E-01  -4.214E-06  6.602E-06  -2.144E-01
   mg24   -1.543E-04  4.229E-06  -1.574E+00  -1.537E-04  4.784E-06  -1.520E+00
   mg25    1.788E-04  1.997E-04   9.799E-01   1.899E-04  2.108E-04   1.003E+00
   mg26    2.159E-04  2.398E-04   1.001E+00   2.576E-04  2.816E-04   1.070E+00
   al26    1.895E-05  1.895E-05   0.000E+00   1.893E-05  1.893E-05   0.000E+00
   al27    3.309E-05  5.061E-05   4.606E-01   3.372E-05  5.124E-05   4.660E-01
   si28    1.577E-05  2.173E-04   3.270E-02   1.650E-05  2.180E-04   3.416E-02
   si29    1.346E-06  1.192E-05   5.201E-02   1.531E-06  1.210E-05   5.873E-02
   si30    2.879E-06  1.014E-05   1.450E-01   3.325E-06  1.058E-05   1.638E-01
    p31    8.636E-07  2.786E-06   1.611E-01   1.020E-06  2.943E-06   1.848E-01
    s32   -1.044E-06  1.419E-04  -3.208E-03  -1.156E-06  1.418E-04  -3.551E-03
    s33    1.208E-08  1.176E-06   4.458E-03   1.240E-08  1.176E-06   4.576E-03
    s34   -7.619E-07  5.745E-05  -5.747E-03  -8.306E-07  5.738E-05  -6.267E-03
    s35    8.830E-07  8.830E-07   0.000E+00   9.684E-07  9.684E-07   0.000E+00
   fe54   -4.033E-07  2.138E-05  -8.141E-03  -4.307E-07  2.136E-05  -8.697E-03
   fe55    8.284E-08  8.284E-08   0.000E+00   8.273E-08  8.273E-08   0.000E+00
   fe56   -4.905E-06  3.524E-04  -6.028E-03  -5.353E-06  3.520E-04  -6.581E-03
   fe57    1.642E-07  8.886E-06   8.073E-03   1.537E-07  8.875E-06   7.561E-03
   fe58    9.114E-07  2.041E-06   2.569E-01   9.249E-07  2.054E-06   2.598E-01
   fe60    1.345E-06  1.345E-06   0.000E+00   1.479E-06  1.479E-06   0.000E+00
   co59    4.055E-07  1.485E-06   1.385E-01   4.135E-07  1.493E-06   1.408E-01
   ni58   -2.566E-07  1.523E-05  -7.280E-03  -2.761E-07  1.521E-05  -7.836E-03
   ni60    8.951E-08  6.214E-06   6.275E-03   8.621E-08  6.211E-06   6.045E-03
   ni61    3.814E-06  4.084E-06   1.180E+00   4.210E-06  4.480E-06   1.220E+00
   ni62   -8.631E-07  7.316E-09  -2.076E+00  -8.631E-07  7.316E-09  -2.076E+00
      g    5.091E-07  5.249E-07   1.521E+00   5.935E-07  6.093E-07   1.586E+00
                          7.0M Z=0.001 VW93
Species    Yield      MassExp     ProdFact    E-Yield    E-MassExp  E-ProdFact 
      p   -6.277E-01  3.763E+00  -6.702E-02  -6.307E-01  3.760E+00  -6.736E-02
    he3    3.890E-08  3.890E-08   0.000E+00   3.890E-08  3.890E-08   0.000E+00
    he4    6.134E-01  2.073E+00   1.524E-01   6.148E-01  2.074E+00   1.526E-01
    li7   -5.928E-09  2.209E-10  -1.445E+00  -5.928E-09  2.209E-10  -1.445E+00
    c12    1.204E-03  2.268E-03   3.284E-01   2.683E-03  3.747E-03   5.465E-01
    c13    3.187E-04  3.307E-04   1.439E+00   3.179E-04  3.299E-04   1.438E+00
    n14    1.462E-02  1.495E-02   1.660E+00   1.460E-02  1.493E-02   1.660E+00
    n15    1.111E-07  1.325E-06   3.800E-02   1.101E-07  1.324E-06   3.768E-02
    o16   -2.021E-03  9.447E-04  -4.969E-01  -1.952E-03  1.014E-03  -4.664E-01
    o17    3.966E-06  5.101E-06   6.527E-01   3.963E-06  5.098E-06   6.524E-01
    o18   -6.247E-06  7.799E-08  -1.909E+00  -6.247E-06  7.799E-08  -1.909E+00
    f19   -1.426E-07  2.085E-08  -8.944E-01  -1.226E-07  4.085E-08  -6.023E-01
   ne20    2.200E-05  5.519E-04   1.764E-02   2.615E-05  5.560E-04   2.090E-02
   ne21   -1.212E-06  1.409E-07  -9.822E-01  -1.077E-06  2.756E-07  -6.910E-01
   ne22    6.483E-05  1.074E-04   4.019E-01   7.063E-05  1.132E-04   4.247E-01
   na23   -8.841E-06  2.813E-06  -6.174E-01  -8.365E-06  3.289E-06  -5.494E-01
   mg24   -1.673E-04  3.518E-06  -1.686E+00  -1.665E-04  4.273E-06  -1.602E+00
   mg25    1.665E-04  1.890E-04   9.236E-01   1.760E-04  1.986E-04   9.451E-01
   mg26    8.471E-05  1.105E-04   6.318E-01   1.220E-04  1.478E-04   7.582E-01
   al26    1.047E-05  1.047E-05   0.000E+00   1.046E-05  1.046E-05   0.000E+00
   al27    2.033E-05  3.921E-05   3.174E-01   2.099E-05  3.987E-05   3.247E-01
   si28    2.015E-05  2.373E-04   3.851E-02   2.078E-05  2.379E-04   3.967E-02
   si29    6.163E-07  1.201E-05   2.286E-02   7.787E-07  1.217E-05   2.870E-02
   si30    1.373E-06  9.193E-06   7.023E-02   1.721E-06  9.541E-06   8.635E-02
    p31    3.906E-07  2.462E-06   7.500E-02   4.960E-07  2.568E-06   9.321E-02
    s32   -4.937E-07  1.536E-04  -1.420E-03  -5.747E-07  1.535E-04  -1.649E-03
    s33    7.914E-09  1.262E-06   2.706E-03   9.817E-09  1.264E-06   3.360E-03
    s34   -3.907E-07  6.233E-05  -2.740E-03  -4.360E-07  6.229E-05  -3.056E-03
    s35    4.488E-07  4.488E-07   0.000E+00   5.063E-07  5.063E-07   0.000E+00
   fe54   -2.473E-07  2.323E-05  -4.626E-03  -2.657E-07  2.321E-05  -4.969E-03
   fe55    9.289E-08  9.289E-08   0.000E+00   9.282E-08  9.282E-08   0.000E+00
   fe56   -2.423E-06  3.826E-04  -2.768E-03  -2.724E-06  3.823E-04  -3.110E-03
   fe57    1.564E-07  9.553E-06   7.144E-03   1.493E-07  9.546E-06   6.822E-03
   fe58    4.469E-07  1.664E-06   1.358E-01   4.542E-07  1.671E-06   1.377E-01
   fe60    6.622E-07  6.622E-07   0.000E+00   7.554E-07  7.554E-07   0.000E+00
   co59    2.072E-07  1.370E-06   7.116E-02   2.121E-07  1.375E-06   7.273E-02
   ni58   -1.405E-07  1.655E-05  -3.698E-03  -1.536E-07  1.653E-05  -4.041E-03
   ni60    2.180E-08  6.621E-06   1.406E-03   1.661E-08  6.616E-06   1.065E-03
   ni61    2.326E-06  2.617E-06   9.546E-01   2.591E-06  2.882E-06   9.965E-01
   ni62   -9.266E-07  1.126E-08  -1.921E+00  -9.266E-07  1.126E-08  -1.921E+00
      g    2.459E-07  2.629E-07   1.188E+00   3.008E-07  3.178E-07   1.271E+00
                          7.5M Z=0.001 VW93  
 Species    Yield      MassExp     ProdFact    E-Yield   E-MassExp   E- ProdFa
      p   -6.812E-01  4.029E+00  -6.788E-02  -6.852E-01  4.025E+00  -6.830E-02
    he3    3.870E-06  3.870E-06   0.000E+00   3.870E-06  3.870E-06   0.000E+00
    he4    6.608E-01  2.226E+00   1.529E-01   6.626E-01  2.228E+00   1.533E-01
    li7    4.364E-08  5.023E-08   8.817E-01   4.364E-08  5.023E-08   8.817E-01
    c12    1.014E-03  2.156E-03   2.759E-01   3.003E-03  4.145E-03   5.598E-01
    c13    3.780E-04  3.909E-04   1.482E+00   3.770E-04  3.899E-04   1.481E+00
    n14    1.861E-02  1.896E-02   1.733E+00   1.858E-02  1.893E-02   1.733E+00
    n15    1.458E-06  2.760E-06   3.263E-01   1.457E-06  2.759E-06   3.261E-01
    o16    1.280E-04  3.309E-03   1.711E-02   2.291E-04  3.410E-03   3.018E-02
    o17    1.975E-05  2.096E-05   1.236E+00   1.973E-05  2.095E-05   1.236E+00
    o18   -6.680E-06  1.043E-07  -1.813E+00  -6.680E-06  1.043E-07  -1.813E+00
    f19   -1.594E-07  1.589E-08  -1.043E+00  -1.529E-07  2.241E-08  -8.934E-01
   ne20    2.803E-05  5.964E-04   2.088E-02   3.730E-05  6.056E-04   2.758E-02
   ne21   -1.323E-06  1.276E-07  -1.056E+00  -1.162E-06  2.893E-07  -7.003E-01
   ne22    7.655E-05  1.222E-04   4.275E-01   7.921E-05  1.249E-04   4.369E-01
   na23   -3.785E-07  1.212E-05  -1.338E-02   3.327E-07  1.283E-05   1.138E-02
   mg24   -1.704E-04  1.274E-05  -1.158E+00  -1.683E-04  1.485E-05  -1.091E+00
   mg25    1.964E-04  2.205E-04   9.602E-01   2.107E-04  2.348E-04   9.875E-01
   mg26    1.023E-04  1.300E-04   6.719E-01   1.587E-04  1.863E-04   8.283E-01
   al26    5.894E-06  5.894E-06   0.000E+00   5.885E-06  5.885E-06   0.000E+00
   al27    1.065E-05  3.090E-05   1.836E-01   1.174E-05  3.199E-05   1.985E-01
   si28    7.820E-06  2.407E-04   1.432E-02   8.770E-06  2.416E-04   1.603E-02
   si29    5.274E-07  1.274E-05   1.833E-02   7.735E-07  1.299E-05   2.664E-02
   si30    1.311E-06  9.699E-06   6.307E-02   1.871E-06  1.026E-05   8.743E-02
    p31    5.504E-07  2.772E-06   9.610E-02   7.383E-07  2.960E-06   1.246E-01
    s32   -3.703E-07  1.649E-04  -1.000E-03  -4.840E-07  1.648E-04  -1.300E-03
    s33    2.644E-08  1.372E-06   8.429E-03   3.502E-08  1.380E-06   1.114E-02
    s34   -3.120E-07  6.696E-05  -2.045E-03  -3.703E-07  6.690E-05  -2.423E-03
    s35    1.774E-06  1.774E-06   0.000E+00   1.857E-06  1.857E-06   0.000E+00
   fe54   -2.315E-07  2.495E-05  -4.038E-03  -2.560E-07  2.492E-05  -4.465E-03
   fe55    1.143E-07  1.143E-07   0.000E+00   1.142E-07  1.142E-07   0.000E+00
   fe56   -1.908E-06  4.111E-04  -2.037E-03  -2.311E-06  4.107E-04  -2.463E-03
   fe57    1.740E-07  1.025E-05   7.408E-03   1.641E-07  1.024E-05   6.988E-03
   fe58    2.178E-07  1.523E-06   6.700E-02   2.204E-07  1.526E-06   6.772E-02
   fe60    4.967E-07  4.967E-07   0.000E+00   5.813E-07  5.813E-07   0.000E+00
   co59    1.077E-07  1.355E-06   3.595E-02   1.088E-07  1.356E-06   3.631E-02
   ni58   -1.222E-07  1.778E-05  -3.002E-03  -1.397E-07  1.776E-05  -3.429E-03
   ni60   -1.157E-08  7.066E-06  -7.367E-04  -1.854E-08  7.059E-06  -1.165E-03
   ni61    2.310E-06  2.622E-06   9.250E-01   2.722E-06  3.033E-06   9.883E-01
   ni62   -9.943E-07  1.160E-08  -1.938E+00  -9.943E-07  1.160E-08  -1.938E+00
      g    7.787E-07  7.969E-07   1.639E+00   8.903E-07  9.086E-07   1.696E+00
                          6.5M Z=0.0001 VW93 
Species    Yield      MassExp     ProdFact    E-Yield    E-MassExp  E-ProdFact 
      p   -9.320E-01  3.129E+00  -1.133E-01  -9.337E-01  3.127E+00  -1.135E-01
    he3    2.738E-07  2.738E-07   0.000E+00   2.738E-07  2.738E-07   0.000E+00
    he4    8.319E-01  2.171E+00   2.098E-01   8.325E-01  2.172E+00   2.099E-01
    li7   -5.549E-09  1.221E-10  -1.667E+00  -5.549E-09  1.221E-10  -1.667E+00
    c12    2.901E-03  3.000E-03   1.484E+00   3.868E-03  3.966E-03   1.605E+00
    c13    8.525E-04  8.536E-04   2.886E+00   8.518E-04  8.529E-04   2.886E+00
    n14    9.042E-02  9.045E-02   3.476E+00   9.036E-02  9.039E-02   3.476E+00
    n15    6.146E-06  6.258E-06   1.747E+00   6.144E-06  6.256E-06   1.747E+00
    o16    1.636E-03  1.910E-03   8.428E-01   1.689E-03  1.963E-03   8.548E-01
    o17    1.043E-05  1.054E-05   2.003E+00   1.043E-05  1.053E-05   2.003E+00
    o18   -5.760E-07  7.273E-09  -1.904E+00  -5.760E-07  7.273E-09  -1.904E+00
    f19    7.164E-09  2.224E-08   1.688E-01   1.929E-08  3.436E-08   3.578E-01
   ne20    1.722E-04  2.210E-04   6.554E-01   1.750E-04  2.239E-04   6.610E-01
   ne21   -8.081E-08  4.395E-08  -4.532E-01   7.567E-08  2.004E-07   2.059E-01
   ne22    1.189E-03  1.193E-03   2.483E+00   1.205E-03  1.209E-03   2.488E+00
   na23    2.962E-05  3.069E-05   1.456E+00   3.101E-05  3.209E-05   1.475E+00
   mg24   -7.214E-06  8.535E-06  -2.661E-01  -6.028E-06  9.720E-06  -2.096E-01
   mg25    4.788E-04  4.809E-04   2.364E+00   4.983E-04  5.004E-04   2.382E+00
   mg26    2.012E-03  2.014E-03   2.928E+00   2.099E-03  2.102E-03   2.946E+00
   al26    2.325E-05  2.325E-05   0.000E+00   2.324E-05  2.324E-05   0.000E+00
   al27    2.377E-04  2.394E-04   2.138E+00   2.394E-04  2.411E-04   2.141E+00
   si28    8.517E-05  1.052E-04   7.205E-01   8.764E-05  1.077E-04   7.305E-01
   si29    1.011E-05  1.116E-05   1.026E+00   1.062E-05  1.167E-05   1.046E+00
   si30    2.086E-05  2.158E-05   1.476E+00   2.198E-05  2.270E-05   1.498E+00
    p31    7.874E-06  8.065E-06   1.625E+00   8.281E-06  8.472E-06   1.647E+00
    s32    1.036E-06  1.524E-05   3.055E-02   1.093E-06  1.530E-05   3.216E-02
    s33    6.774E-08  1.834E-07   2.002E-01   7.123E-08  1.869E-07   2.084E-01
    s34   -1.441E-07  5.640E-06  -1.098E-02  -1.370E-07  5.647E-06  -1.043E-02
    s35    6.866E-07  6.866E-07   0.000E+00   7.128E-07  7.128E-07   0.000E+00
   fe54   -1.131E-07  2.052E-06  -2.334E-02  -1.143E-07  2.051E-06  -2.358E-02
   fe55    9.554E-09  9.554E-09   0.000E+00   9.549E-09  9.549E-09   0.000E+00
   fe56   -1.682E-06  3.382E-05  -2.110E-02  -1.701E-06  3.381E-05  -2.134E-02
   fe57   -1.823E-08  8.483E-07  -9.261E-03  -1.870E-08  8.479E-07  -9.502E-03
   fe58    6.986E-08  1.821E-07   2.101E-01   6.987E-08  1.821E-07   2.102E-01
   fe60    3.493E-07  3.493E-07   0.000E+00   3.520E-07  3.520E-07   0.000E+00
   co59    3.451E-08  1.418E-07   1.211E-01   3.451E-08  1.418E-07   1.211E-01
   ni58   -7.665E-08  1.462E-06  -2.222E-02  -7.747E-08  1.461E-06  -2.246E-02
   ni60    1.899E-08  6.275E-07   1.332E-02   1.865E-08  6.272E-07   1.308E-02
   ni61    1.650E-06  1.677E-06   1.797E+00   1.671E-06  1.698E-06   1.802E+00
   ni62   -8.583E-08  6.557E-10  -2.120E+00  -8.583E-08  6.557E-10  -2.120E+00
      g    4.446E-07  4.462E-07   2.453E+00   4.522E-07  4.537E-07   2.460E+00
                          7.0M Z=0.0001 VW93
 Species    Yield     MassExp     ProdFact    E-Yield   E-MassExp   E-ProdFac
      p   -8.000E-01  3.581E+00  -8.760E-02  -8.024E-01  3.579E+00  -8.789E-02
      d    2.126E-17  2.126E-17   0.000E+00   2.125E-17  2.125E-17   0.000E+00
    he3    2.783E-08  2.783E-08   0.000E+00   2.783E-08  2.783E-08   0.000E+00
    he4    7.508E-01  2.196E+00   1.817E-01   7.512E-01  2.196E+00   1.818E-01
    li7   -6.023E-09  9.532E-11  -1.807E+00  -6.023E-09  9.532E-11  -1.807E+00
    c12    1.889E-03  1.995E-03   1.274E+00   3.614E-03  3.720E-03   1.544E+00
    c13    5.670E-04  5.682E-04   2.677E+00   5.662E-04  5.674E-04   2.676E+00
    n14    4.483E-02  4.486E-02   3.139E+00   4.478E-02  4.482E-02   3.138E+00
    n15    6.425E-06  6.546E-06   1.734E+00   6.423E-06  6.544E-06   1.734E+00
    o16    7.991E-04  1.095E-03   5.682E-01   9.486E-04  1.245E-03   6.238E-01
    o17    6.573E-06  6.686E-06   1.772E+00   6.567E-06  6.680E-06   1.772E+00
    o18   -6.230E-07  6.225E-09  -2.005E+00  -6.231E-07  6.225E-09  -2.005E+00
    f19   -6.319E-09  9.944E-09  -2.137E-01  -1.199E-09  1.506E-08  -3.330E-02
   ne20    8.477E-05  1.375E-04   4.163E-01   9.693E-05  1.496E-04   4.531E-01
   ne21   -1.004E-07  3.421E-08  -5.949E-01   8.994E-08  2.245E-07   2.222E-01
   ne22    1.883E-04  1.925E-04   1.658E+00   1.912E-04  1.955E-04   1.664E+00
   na23    3.896E-06  5.056E-06   6.395E-01   4.581E-06  5.740E-06   6.946E-01
   mg24   -1.343E-05  3.560E-06  -6.788E-01  -1.099E-05  6.005E-06  -4.517E-01
   mg25    1.278E-04  1.301E-04   1.764E+00   1.413E-04  1.435E-04   1.806E+00
   mg26    4.885E-04  4.910E-04   2.282E+00   5.508E-04  5.533E-04   2.334E+00
   al26    4.320E-06  4.320E-06   0.000E+00   4.315E-06  4.315E-06   0.000E+00
   al27    7.219E-05  7.407E-05   1.596E+00   7.341E-05  7.529E-05   1.603E+00
   si28    4.709E-05  6.869E-05   5.024E-01   4.844E-05  7.004E-05   5.108E-01
   si29    1.892E-06  3.025E-06   4.265E-01   2.167E-06  3.300E-06   4.642E-01
   si30    3.816E-06  4.594E-06   7.712E-01   4.333E-06  5.111E-06   8.175E-01
    p31    1.514E-06  1.720E-06   9.214E-01   1.693E-06  1.900E-06   9.646E-01
    s32    9.066E-08  1.542E-05   2.535E-03   1.129E-07  1.544E-05   3.160E-03
    s33    4.053E-08  1.653E-07   1.221E-01   4.246E-08  1.672E-07   1.272E-01
    s34   -9.073E-08  6.150E-06  -6.387E-03  -9.141E-08  6.149E-06  -6.435E-03
    s35    6.415E-07  6.415E-07   0.000E+00   6.546E-07  6.546E-07   0.000E+00
   fe54   -6.032E-08  2.275E-06  -1.139E-02  -6.184E-08  2.274E-06  -1.168E-02
   fe55    1.134E-08  1.134E-08   0.000E+00   1.133E-08  1.133E-08   0.000E+00
   fe56   -7.988E-07  3.751E-05  -9.178E-03  -8.239E-07  3.748E-05  -9.469E-03
   fe57    2.363E-09  9.373E-07   1.070E-03   1.747E-09  9.367E-07   7.846E-04
   fe58    3.726E-08  1.583E-07   1.165E-01   3.742E-08  1.585E-07   1.169E-01
   fe60    1.606E-07  1.606E-07   0.000E+00   1.652E-07  1.652E-07   0.000E+00
   co59    1.910E-08  1.348E-07   6.632E-02   1.920E-08  1.349E-07   6.664E-02
   ni58   -3.829E-08  1.622E-06  -1.016E-02  -3.938E-08  1.621E-06  -1.045E-02
   ni60   -1.400E-09  6.551E-07  -9.535E-04  -1.809E-09  6.547E-07  -1.225E-03
   ni61    8.313E-07  8.602E-07   1.474E+00   8.576E-07  8.865E-07   1.487E+00
   ni62   -9.262E-08  6.862E-10  -2.134E+00  -9.262E-08  6.862E-10  -2.134E+00
      g    2.240E-07  2.256E-07   2.124E+00   2.324E-07  2.341E-07   2.140E+00
                          7.5M Z=0.0001 VW93
 Species   Yield      MassExp      ProdFact   E-Yield    E-MassExp   E-ProdFac 
      p   -7.539E-01  3.959E+00  -7.573E-02  -7.559E-01  3.957E+00  -7.595E-02
    he3    1.904E-07  1.904E-07   0.000E+00   1.904E-07  1.904E-07   0.000E+00
    he4    7.217E-01  2.276E+00   1.656E-01   7.224E-01  2.277E+00   1.657E-01
    li7   -4.987E-09  1.594E-09  -6.159E-01  -4.987E-09  1.594E-09  -6.159E-01
    c12    1.952E-03  2.066E-03   1.257E+00   3.097E-03  3.212E-03   1.449E+00
    c13    4.981E-04  4.994E-04   2.589E+00   4.973E-04  4.986E-04   2.588E+00
    n14    2.939E-02  2.942E-02   2.924E+00   2.937E-02  2.940E-02   2.923E+00
    n15    7.490E-06  7.620E-06   1.768E+00   7.489E-06  7.619E-06   1.768E+00
    o16    9.198E-04  1.238E-03   5.899E-01   1.004E-03  1.323E-03   6.186E-01
    o17    7.411E-06  7.532E-06   1.792E+00   7.406E-06  7.527E-06   1.792E+00
    o18   -6.694E-07  7.523E-09  -1.954E+00  -6.694E-07  7.522E-09  -1.954E+00
    f19   -1.197E-08  5.526E-09  -5.005E-01  -9.786E-09  7.708E-09  -3.560E-01
   ne20    4.728E-05  1.040E-04   2.633E-01   5.544E-05  1.122E-04   2.961E-01
   ne21   -7.268E-08  7.210E-08  -3.028E-01   4.809E-08  1.929E-07   1.245E-01
   ne22    7.799E-05  8.255E-05   1.258E+00   7.890E-05  8.346E-05   1.263E+00
   na23    1.173E-06  2.421E-06   2.879E-01   1.651E-06  2.898E-06   3.661E-01
   mg24   -1.577E-05  2.509E-06  -8.624E-01  -1.371E-05  4.565E-06  -6.025E-01
   mg25    6.946E-05  7.188E-05   1.474E+00   7.867E-05  8.108E-05   1.527E+00
   mg26    2.149E-04  2.177E-04   1.897E+00   2.567E-04  2.595E-04   1.973E+00
   al26    1.700E-06  1.700E-06   0.000E+00   1.699E-06  1.699E-06   0.000E+00
   al27    2.588E-05  2.790E-05   1.140E+00   2.677E-05  2.880E-05   1.154E+00
   si28    1.682E-05  4.005E-05   2.364E-01   1.775E-05  4.099E-05   2.465E-01
   si29    7.911E-07  2.010E-06   2.172E-01   9.904E-07  2.209E-06   2.583E-01
   si30    1.606E-06  2.443E-06   4.651E-01   1.982E-06  2.818E-06   5.273E-01
    p31    8.137E-07  1.035E-06   6.693E-01   9.392E-07  1.161E-06   7.190E-01
    s32    1.517E-07  1.664E-05   3.953E-03   1.617E-07  1.665E-05   4.212E-03
    s33    6.599E-08  2.002E-07   1.737E-01   7.178E-08  2.060E-07   1.860E-01
    s34   -2.087E-08  6.692E-06  -1.379E-03  -1.926E-08  6.693E-06  -1.274E-03
    s35    5.050E-06  5.050E-06   0.000E+00   5.063E-06  5.063E-06   0.000E+00
   fe54   -3.665E-08  2.476E-06  -6.409E-03  -3.790E-08  2.474E-06  -6.628E-03
   fe55    1.355E-08  1.355E-08   0.000E+00   1.354E-08  1.354E-08   0.000E+00
   fe56   -3.895E-07  4.082E-05  -4.151E-03  -4.100E-07  4.080E-05  -4.370E-03
   fe57    1.461E-08  1.020E-06   6.237E-03   1.410E-08  1.020E-06   6.020E-03
   fe58    1.882E-08  1.491E-07   5.858E-02   1.887E-08  1.491E-07   5.872E-02
   fe60    8.261E-08  8.261E-08   0.000E+00   8.581E-08  8.581E-08   0.000E+00
   co59    1.056E-08  1.350E-07   3.533E-02   1.059E-08  1.351E-07   3.545E-02
   ni58   -2.100E-08  1.765E-06  -5.164E-03  -2.189E-08  1.764E-06  -5.383E-03
   ni60   -4.108E-09  7.021E-07  -2.560E-03  -4.453E-09  7.018E-07  -2.773E-03
   ni61    4.335E-07  4.646E-07   1.174E+00   4.557E-07  4.868E-07   1.195E+00
   ni62   -9.966E-08  7.156E-10  -2.147E+00  -9.966E-08  7.156E-10  -2.147E+00
      g    1.767E-07  1.785E-07   1.990E+00   1.847E-07  1.865E-07   2.009E+00
