2.668496083328282431e-05 7.299711536679122946e+04 7.299710115263119224e+04 9.732672756736126030e+04 9.732645368998739286e+04 7.700109212969953660e+04 -3.506034769863104004e+12 7.299711289993183163e+04 7.382035169586510165e+04
2.994101850726841419e-05 8.200531705389551644e+04 8.200529695221384463e+04 1.093365202122965420e+05 1.093361309831848484e+05 8.650306996539256943e+04 -3.128605844280457520e+12 8.200531356526007585e+04 8.293010962571570417e+04
3.359437530575177166e-05 8.916075569409705349e+04 8.916072818061518774e+04 1.188756662493251497e+05 1.188751313968635513e+05 9.405050623504183022e+04 -2.701969648248990723e+12 8.916075091914790391e+04 9.016619365638881573e+04
3.769350905379970302e-05 9.484448448443842062e+04 9.484444764017572743e+04 1.264521599940755259e+05 1.264514414920822601e+05 1.000453294467915111e+05 -2.283053789694648438e+12 9.484447809013756341e+04 9.591395164651254890e+04
4.229281276576139179e-05 9.935918271775430185e+04 9.935913412683521165e+04 1.324694773924218025e+05 1.324685274373072025e+05 1.048067858137850853e+05 -1.899803672757450928e+12 9.935917428482792457e+04 1.004794726780732890e+05
4.745331640752191552e-05 1.029452745324381831e+05 1.029452111534564901e+05 1.372480625537339947e+05 1.372468210213756829e+05 1.085884402534083783e+05 -1.563518088174610840e+12 1.029452635330519261e+05 1.041058873897291778e+05
5.324349672706971918e-05 1.057937324091260525e+05 1.057936504131440452e+05 1.410423926193812513e+05 1.410407838668604672e+05 1.115916796825009951e+05 -1.276295160190354492e+12 1.057937181787699665e+05 1.069863156051388651e+05
5.974018589933838372e-05 1.080562470629539457e+05 1.080561416296311363e+05 1.440545294879696739e+05 1.440524583308093133e+05 1.139764375140783231e+05 -1.035462504418572388e+12 1.080562287650607032e+05 1.092741505783717439e+05
6.702959104248769589e-05 1.098533057391947223e+05 1.098531708001186489e+05 1.464448806432909332e+05 1.464422272951951891e+05 1.158697109226510365e+05 -8.361596587505694580e+11 1.098532823205947498e+05 1.110912279589002865e+05
7.520843813398472909e-05 1.112806082817305723e+05 1.112804361972323240e+05 1.483407410356982728e+05 1.483373547427734593e+05 1.173723235787740559e+05 -6.727984391964812012e+11 1.112805784165637015e+05 1.125343136647385982e+05
8.438525550555836053e-05 1.124141638482212002e+05 1.124139450005356193e+05 1.498430724995601922e+05 1.498387635336364619e+05 1.185642952562158898e+05 -5.398500914157041016e+11 1.124141258673297561e+05 1.136802573752146563e+05
9.468181394822278380e-05 1.133143383337842242e+05 1.133140606150234235e+05 1.510318799347496533e+05 1.510264095231291722e+05 1.195091028322035563e+05 -4.322352863956452637e+11 1.133142901358511299e+05 1.145900847137399542e+05
1.062347425366909608e-04 1.140290693786906486e+05 1.140287175460042636e+05 1.519704723427371646e+05 1.519635400067124574e+05 1.202570610080364131e+05 -3.454854720571158447e+11 1.140290083183278912e+05 1.153122473951205320e+05
1.191973416141851996e-04 1.145964190258561866e+05 1.145959738898184733e+05 1.527088341265182535e+05 1.527000617634271039e+05 1.208480015821045818e+05 -2.757773797875046997e+11 1.145963417727498309e+05 1.158852032624266285e+05
1.337416169948511173e-04 1.150466007035194925e+05 1.150460381064557732e+05 1.532862871933887945e+05 1.532751990761039197e+05 1.213133947431514389e+05 -2.199013414006355896e+11 1.150465030651188572e+05 1.163394643561700359e+05
1.500605623764079846e-04 1.154035882714899635e+05 1.154028778012041439e+05 1.537335854008629685e+05 1.537195830561786133e+05 1.216780251464631292e+05 -1.751988367032312317e+11 1.154034649697756540e+05 1.166992218766494916e+05
1.683707202492605852e-04 1.156863927045807650e+05 1.156854960751337348e+05 1.540745527962268097e+05 1.540568834694794496e+05 1.219613119309461617e+05 -1.394893599277928162e+11 1.156862370950498444e+05 1.169836344621618191e+05
1.889150552837839015e-04 1.159100744230733981e+05 1.159089434368831135e+05 1.543273530242300476e+05 1.543050701286091935e+05 1.221783430300876498e+05 -1.109974840120286102e+11 1.159098781410628726e+05 1.172078484151426965e+05
2.119661783238810620e-04 1.160865454960465140e+05 1.160851194779927755e+05 1.545054581095881585e+05 1.544773716576814768e+05 1.223406792431747162e+05 -8.828556026316993713e+10 1.160862980114237726e+05 1.173838045331399480e+05
2.378299637672552950e-04 1.162252038217961090e+05 1.162234063893801067e+05 1.546183676316028577e+05 1.545829822041574516e+05 1.224569703226017155e+05 -7.019435006659101868e+10 1.162248918784218986e+05 1.175208738994937885e+05
2.668496083328275722e-04 1.163334338513694238e+05 1.163311688507675281e+05 1.546721180946292006e+05 1.546275553192557418e+05 1.225334168548519374e+05 -5.579213878691642761e+10 1.163330407618022728e+05 1.176263573125023831e+05
2.994101850726834236e-04 1.164169998137414514e+05 1.164141462024157227e+05 1.546696093417857192e+05 1.546135112162383739e+05 1.225741020025715698e+05 -4.433196271237200165e+10 1.164165045711177372e+05 1.177058742620083067e+05
3.359437530575174998e-04 1.164803528106338490e+05 1.164767582176985597e+05 1.546107670402459335e+05 1.545401756589850411e+05 1.225812115547998401e+05 -3.521614895251251221e+10 1.164797289710729237e+05 1.177636626451373158e+05
3.769350905379961086e-04 1.165268680683722923e+05 1.165223406930691126e+05 1.544925514738609490e+05 1.544037598998906906e+05 1.225551544681050000e+05 -2.796721192866103363e+10 1.165260823449615855e+05 1.178028051847445167e+05
4.229281276576128202e-04 1.165590249977586645e+05 1.165533234091837076e+05 1.543088158381368848e+05 1.541971839359724836e+05 1.224945911715660332e+05 -2.220414471933950424e+10 1.165580354903020343e+05 1.178253947344625194e+05
4.745331640752180574e-04 1.165785397130232595e+05 1.165713600211507000e+05 1.540500107120348839e+05 1.539097389783516992e+05 1.223963725292423769e+05 -1.762321378507893753e+10 1.165772936815794092e+05 1.178326475124261779e+05
5.324349672706962973e-04 1.165864572029245901e+05 1.165774169179118617e+05 1.537027258255734341e+05 1.535265795805244124e+05 1.222553884424725111e+05 -1.398246847133679962e+10 1.165848882665987476e+05 1.178249707047401753e+05
5.974018589933833764e-04 1.165832082476029318e+05 1.165718259739427449e+05 1.532490553848763520e+05 1.530280315430377086e+05 1.220643215044941171e+05 -1.108928809276194572e+10 1.165812328604784416e+05 1.178019886583840271e+05
6.702959104248752513e-04 1.165686342354810913e+05 1.165543041434038751e+05 1.526657696123321948e+05 1.523886991675705067e+05 1.218132978874275286e+05 -8.790396633678874969e+09 1.165661472561457049e+05 1.177625298626157455e+05
7.520843813398455291e-04 1.165419819280294032e+05 1.165239416563422128e+05 1.519232749930516293e+05 1.515763569430040370e+05 1.214894257411500876e+05 -6.963872155916365623e+09 1.165388510491314373e+05 1.177045758195127710e+05
8.438525550555823042e-04 1.165018681358929025e+05 1.164791584610443533e+05 1.509843480939072324e+05 1.505506162444954971e+05 1.210762094667473139e+05 -5.512762447728512764e+09 1.164979268847301719e+05 1.176251709849317558e+05
9.468181394822264285e-04 1.164462137773585710e+05 1.164176279384239751e+05 1.498026394529386307e+05 1.492613741543187643e+05 1.205528298829321138e+05 -4.359990366674345016e+09 1.164412527212584682e+05 1.175202929212200397e+05
1.062347425366908958e-03 1.163721452872246155e+05 1.163361653982410789e+05 1.483209656146353227e+05 1.476470812560542545e+05 1.198932842564475723e+05 -3.444292316695099354e+09 1.163659009979409893e+05 1.173846812276708952e+05
1.191973416141849096e-03 1.162758606360035337e+05 1.162305778669721039e+05 1.464694492265720328e+05 1.456329188471463567e+05 1.190653905322509090e+05 -2.716982877473603725e+09 1.162680018371749757e+05 1.172116247659780638e+05
1.337416169948509167e-03 1.161524567643618502e+05 1.160954713579103845e+05 1.441636370054136496e+05 1.431290645780593331e+05 1.180296797123231518e+05 -2.139379151436448574e+09 1.161425669794603455e+05 1.169927091334854485e+05
1.500605623764077624e-03 1.159957152614183287e+05 1.159240113271802111e+05 1.413028404917531880e+05 1.400293654558384151e+05 1.167382344222867105e+05 -1.680751341573132277e+09 1.159832710843848181e+05 1.167175309413186042e+05
1.683707202492603196e-03 1.157977719485538255e+05 1.157075430831585836e+05 1.377689937820620544e+05 1.362110555387615459e+05 1.151336019949780457e+05 -1.316692873513759136e+09 1.157821127802468254e+05 1.163733224512672750e+05
1.889150552837834353e-03 1.155488218220699200e+05 1.154352600885013671e+05 1.334269921681917331e+05 1.315361643999965745e+05 1.131479766990547796e+05 -1.027824356009441018e+09 1.155291132477528736e+05 1.159446649056265305e+05
2.119661783238805525e-03 1.152371923199591110e+05 1.150943294494510046e+05 1.281281207405723544e+05 1.258552659995784343e+05 1.107028428566198854e+05 -7.987622092300378084e+08 1.152123985499797564e+05 1.154136568556803250e+05
2.378299637672549264e-03 1.148484112639450759e+05 1.146687615667124774e+05 1.217156859241162747e+05 1.190175035856930190e+05 1.077099535829445958e+05 -6.173010691344313622e+08 1.148172331610957772e+05 1.147592497524908540e+05
2.668496083328272036e-03 1.143650684364114422e+05 1.141392555801159615e+05 1.140381099811739696e+05 1.108865339119450218e+05 1.040740419926149625e+05 -4.737621626066334844e+08 1.143258787435440026e+05 1.139576095280288864e+05
2.994101850726832176e-03 1.137665050421618798e+05 1.134828020361470553e+05 1.049703328735991236e+05 1.013664596537454781e+05 9.969848083180998219e+04 -3.604751580653766990e+08 1.137172685467129922e+05 1.129826554857426090e+05
3.359437530575166541e-03 1.130286279841652868e+05 1.126723936984660249e+05 9.444673789387935540e+04 9.043974599861980823e+04 9.449517421558375645e+04 -2.713651525740313530e+08 1.129668037263509323e+05 1.118071825332211156e+05
3.769350905379955340e-03 1.121239585855983751e+05 1.116769523835684231e+05 8.250759850373207883e+04 7.821762142990126449e+04 8.840009165912846220e+04 -2.016223154536204934e+08 1.120463809132958268e+05 1.104047533427912131e+05
4.229281276576121913e-03 1.110220619244631962e+05 1.104616175745742075e+05 6.935812070763336669e+04 6.499888193085113016e+04 8.139548353894654429e+04 -1.474360251287513971e+08 1.109247971260732447e+05 1.087524665383742540e+05
4.745331640752172009e-03 1.096905317657827400e+05 1.089885724531986634e+05 5.543253130037899246e+04 5.132411825057632814e+04 7.353847426326712593e+04 -1.057788660030390471e+08 1.095687071260483062e+05 1.068344753783593333e+05
5.324349672706955167e-03 1.080966989295719104e+05 1.072185783423141402e+05 4.144368483137799194e+04 3.799840016608750739e+04 6.499271519724071550e+04 -7.422895994529193640e+07 1.079443016007405822e+05 1.046456635888877208e+05
5.974018589933819019e-03 1.062101335771164740e+05 1.051132692695900332e+05 2.838129637337465101e+04 2.603906043158624743e+04 5.605446723658443807e+04 -5.082224580948372930e+07 1.060197733999573684e+05 1.021941373647339351e+05
6.702959104248742105e-03 1.040059507713162602e+05 1.026383809140712256e+05 1.740459796642438232e+04 1.649733852966332051e+04 4.715713998640011414e+04 -3.392997601170227677e+07 1.037686097998612822e+05 9.950055054776543693e+04
7.520843813398444232e-03 1.014681875440446747e+05 9.976689766753678850e+04 9.574633563837180191e+03 1.012786328080677049e+04 3.883162165584775357e+04 -2.216106745121051744e+07 1.011729296529192070e+05 9.659158848811128701e+04
8.438525550555802876e-03 9.859256225336251373e+04 9.648178561875922605e+04 5.422343977301780797e+03 6.971920941941165438e+03 3.160156868824921912e+04 -1.429387145232091472e+07 9.822623816810485732e+04 9.348708078666137590e+04
9.468181394822250407e-03 9.538716152244787372e+04 9.277676270014418697e+04 4.487028608078897378e+03 6.089058895197968923e+03 2.581591347217146904e+04 -9.245132747057937086e+06 9.493412829047931882e+04 9.018446009700998547e+04
1.062347425366906399e-02 9.186991668756211584e+04 8.865411728435197438e+04 5.173738766641653456e+03 5.815786353118570332e+03 2.147600331551185809e+04 -6.081473198301675729e+06 9.131181652886180382e+04 8.665164623482908064e+04
1.191973416141847188e-02 8.806308135105138354e+04 8.411994798441645980e+04 5.383086563256321824e+03 4.759216773537034896e+03 1.818503067903676492e+04 -4.065313703178028110e+06 8.737875279638510256e+04 8.284265937859760015e+04
1.337416169948504700e-02 8.398717076616038685e+04 7.917956455229726271e+04 3.955751090559504064e+03 2.952471494706529484e+03 1.535365460636351418e+04 -2.702657970762682613e+06 8.315281344018811069e+04 7.873650896939303493e+04
1.500605623763746031e-02 7.965856364244624274e+04 7.383753847278629837e+04 1.819235683361355996e+03 1.704017765664524404e+03 1.261743321910301893e+04 -1.740631554971108912e+06 7.864832803268065618e+04 7.436605524808894552e+04
1.683707202450324819e-02 7.509299085959364311e+04 6.810509693036934186e+04 9.341735151382555387e+02 1.589664704031864176e+03 1.009109825115958847e+04 -1.082653267290261108e+06 7.388024583980540046e+04 6.978877444146921334e+04
1.889150549804584356e-02 7.031146610951611365e+04 6.201169075865201739e+04 1.361712032602150202e+03 1.417614831152121042e+03 8.058741193771629696e+03 -6.654891751221372979e+05 6.887104481462117110e+04 6.502200732344364951e+04
2.119661655428026550e-02 6.534312444219040481e+04 5.561550701230622508e+04 1.147671369153512160e+03 7.421558580317057476e+02 6.453006106946848377e+03 -4.040824203898200649e+05 6.365490196600765194e+04 6.005759440817013819e+04
2.378296312803732798e-02 6.022658588370339567e+04 4.901441674018109188e+04 4.021792688212370308e+02 6.261447877837448459e+02 5.032335330312605038e+03 -2.320719214610232448e+05 5.828072030137627007e+04 5.494791616004959360e+04
2.668440073285343467e-02 5.501638847343924135e+04 4.236287012929961202e+04 5.152964480888110756e+02 4.844745944386447150e+02 3.848388415450309367e+03 -1.241254472776235052e+05 5.282037755654798093e+04 4.977892544484903920e+04
2.993463224196014905e-02 4.979544352283866465e+04 3.589317811253401305e+04 3.155627003408959581e+02 2.818858638609175387e+02 2.927598001017245224e+03 -6.008286597556393099e+04 4.738271326235042216e+04 4.463361962518989458e+04
3.354334980899020130e-02 4.470603815937277977e+04 2.994623622584406621e+04 2.171629780578023201e+02 2.408805961988365709e+02 2.204239888467965102e+03 -2.274020842846341111e+04 4.214448292266714998e+04 3.968548189586940134e+04
3.740537050449415507e-02 4.002211644210990926e+04 2.499725012439643979e+04 1.581936492987736074e+02 1.554344353686227578e+02 1.370810760414338802e+03 4.435503284264532340e+03 3.741455943218059110e+04 3.521184301468452759e+04
4.117383355133812789e-02 3.614619161539627385e+04 2.148525853353087587e+04 1.158473108270138567e+02 1.124883656010894697e+02 7.238403890119362813e+02 1.866860967804197207e+04 3.360179501170385629e+04 3.160678763314853495e+04
4.446190756244939452e-02 3.326908149245048116e+04 1.936149050182907013e+04 1.078166731447981448e+02 9.064359551393148706e+01 5.417084606195161314e+02 2.097032051255359693e+04 3.085542698052510968e+04 2.901950028430075326e+04
4.721177866848661614e-02 3.118514245015724737e+04 1.815588561601297988e+04 4.834283791805136588e+01 8.638775392138843756e+01 5.272308294609030099e+02 2.031687955475182389e+04 2.892392233187983584e+04 2.720264295559623133e+04
4.955257025509695462e-02 2.961705866803729077e+04 1.746723317586244593e+04 6.498705473263697741e+01 6.487433575873933478e+01 4.978472436273214612e+02 2.004276200596266062e+04 2.750846335932642978e+04 2.587142855486515327e+04
5.160665981327514085e-02 2.838003971422822724e+04 1.706965456082631499e+04 5.764267566204930660e+01 5.754246370753316597e+01 4.292691629666001631e+02 2.033459239860031084e+04 2.641712879920839623e+04 2.484336640827253723e+04
5.345727151098956381e-02 2.736470979998094845e+04 1.684212683526524779e+04 5.202407687981272488e+01 5.193340236917115504e+01 3.527013569860849316e+02 2.070877348593770148e+04 2.553852150705357053e+04 2.401503388695800459e+04
5.515889878892273057e-02 2.650516789180365231e+04 1.671673570174507768e+04 4.754602047091417916e+01 4.746294256589016669e+01 2.968418630637753495e+02 2.083875050591452964e+04 2.480639104855721962e+04 2.332505196773920034e+04
5.674807971140097967e-02 2.575960709960074746e+04 1.665273003371068990e+04 4.386218229588087070e+01 4.378536007589060119e+01 2.696338685738886056e+02 2.068043850727958852e+04 2.417911376078613830e+04 2.273454106571076045e+04
5.825019458284988461e-02 2.510016788770270068e+04 1.662422312564105960e+04 4.075348075190834862e+01 4.068194628594704199e+01 2.623747220801084268e+02 2.035589858736495080e+04 2.362917249162180451e+04 2.221735929706291063e+04
5.968349179324480835e-02 2.450745754629072690e+04 1.661392606838198117e+04 3.807466907891023311e+01 3.800769893269964683e+01 2.607793025622650021e+02 2.001369984852936614e+04 2.313753964465504760e+04 2.175516986757084669e+04
6.106150121664851577e-02 2.396747662666557881e+04 1.660985450387450692e+04 3.572640184641488759e+01 3.566343978773565482e+01 2.540166219952074869e+02 1.974595214143113481e+04 2.269056548902195209e+04 2.133480017131697969e+04
6.239452558862359360e-02 2.346980350395040296e+04 1.660343854568612005e+04 3.363906548933877616e+01 3.357967364727758763e+01 2.385046646797478616e+02 1.956947371270547228e+04 2.227814976800023942e+04 2.094664247330172293e+04
6.369059345407634964e-02 2.300648184949803908e+04 1.658843022043193196e+04 3.176264603461962821e+01 3.170647267474103259e+01 2.170074276617064584e+02 1.944830024739629516e+04 2.189263263702754193e+04 2.058358299074242677e+04
6.495608782575025553e-02 2.257130680644124004e+04 1.656020650792463493e+04 3.006010644059917780e+01 3.000686399912633817e+01 1.952331174490368539e+02 1.932982082110937699e+04 2.152808376609337938e+04 2.024022659284029942e+04
6.619617315320426576e-02 2.215935865352409382e+04 1.651534521071875861e+04 2.850308189073051324e+01 2.845253154173057553e+01 1.782406134368279709e+02 1.917428653232502256e+04 2.117984332834800807e+04 1.991235219002470694e+04
6.741509297064909867e-02 2.176667913820072863e+04 1.645133104103275764e+04 2.706915879840284944e+01 2.702109937348881630e+01 1.681969528694692713e+02 1.896844184206325372e+04 2.084420349696027915e+04 1.959654267961882942e+04
6.861638227346776586e-02 2.139004969880744102e+04 1.636636017718831499e+04 2.574025140549212409e+01 2.569451126100765492e+01 1.640023652361385018e+02 1.872353315804005979e+04 2.051819123758687419e+04 1.928996887213207083e+04
6.980302222613375684e-02 2.102682890920753562e+04 1.625920330644316164e+04 2.450165356874750699e+01 2.445808450505194642e+01 1.624273813919794804e+02 1.846364115942415810e+04 2.019941019556811807e+04 1.899027657627141161e+04
7.097755496780576434e-02 2.067483639829445747e+04 1.612911136809596428e+04 2.334145659296995134e+01 2.329992921569864350e+01 1.599237311577245180e+02 1.821191219913018722e+04 1.988592840290478125e+04 1.869553800347454671e+04
7.214217023401435502e-02 2.033226466705218263e+04 1.597573730138632527e+04 2.225010479594115864e+01 2.221050492613326810e+01 1.542150260535530037e+02 1.798074528883771927e+04 1.957619181881005352e+04 1.840422057346082511e+04
7.329877169778285795e-02 1.999761401047753316e+04 1.579909030595624426e+04 2.121998355565085959e+01 2.118220939646970891e+01 1.450569400166160676e+02 1.776882408608754486e+04 1.926896260782432364e+04 1.811515286834123253e+04
7.444902846952258790e-02 1.966964217707076386e+04 1.559948983993958427e+04 2.024499725857179655e+01 2.020895714182175240e+01 1.340026287597693511e+02 1.756454782017651087e+04 1.896326955226715654e+04 1.782747069366377764e+04
7.559441556888982228e-02 1.934732561981833351e+04 1.537753568441139578e+04 1.932016964230925282e+01 1.928578021731291514e+01 1.234337833588786708e+02 1.735307443224549570e+04 1.865837083279214858e+04 1.754055163482745775e+04
7.673624608713627837e-02 1.902982873938211560e+04 1.513408207378539555e+04 1.844130915601881426e+01 1.840849392874502399e+01 1.153716792941662419e+02 1.712338363823879627e+04 1.835372411974837087e+04 1.725394952719092908e+04
7.787569700812220497e-02 1.871647972513840796e+04 1.487021452184033114e+04 1.760477714581169550e+01 1.757346529866779505e+01 1.106005594428922052e+02 1.687246471161763475e+04 1.804896258516339003e+04 1.696734428661638958e+04
7.901383013315552151e-02 1.840674911960505779e+04 1.458722761689614526e+04 1.680736552683425344e+01 1.677749096617300140e+01 1.084397803306986816e+02 1.660540067825191727e+04 1.774387333366727762e+04 1.668051441236558458e+04
8.015160918465291662e-02 1.810023398101717976e+04 1.428660816748885009e+04 1.604626510067982181e+01 1.601776568190026140e+01 1.071950561017569754e+02 1.633197085141379466e+04 1.743838138858582170e+04 1.639333608808362260e+04
8.128991389789011479e-02 1.779664327763328038e+04 1.397002029227816092e+04 1.531907689454792809e+01 1.529189378745588179e+01 1.050234192662373118e+02 1.606174163412391681e+04 1.713253503341844043e+04 1.610579660289060848e+04
8.242955171684282489e-02 1.749578444296432644e+04 1.363927741013631385e+04 1.462381519795805040e+01 1.459789237342065071e+01 1.007927009656741291e+02 1.579995800304148361e+04 1.682648983929541282e+04 1.581800640033757918e+04
8.357126756783830879e-02 1.719755438276452696e+04 1.329633689140202841e+04 1.395888074371919707e+01 1.393416454156419171e+01 9.454747343804386617e+01 1.554593391100393274e+04 1.652050030442852585e+04 1.553020592523800588e+04
8.471575207880989444e-02 1.690192843058595827e+04 1.294327329889601242e+04 1.332298150795308622e+01 1.329942028765776207e+01 8.739386761787464764e+01 1.529434563272678133e+04 1.621490608241629343e+04 1.524274910427665782e+04
8.586364853224613680e-02 1.660895289011584828e+04 1.258226264495703799e+04 1.271502998287292918e+01 1.269257383738721856e+01 8.089061866896544473e+01 1.503853061970270755e+04 1.591012308667199432e+04 1.495607585372357244e+04
8.701555877937583450e-02 1.631873642472179563e+04 1.221556238897069852e+04 1.213404185315409656e+01 1.211264238221852452e+01 7.625892962239447570e+01 1.477407012302817202e+04 1.560663290289086217e+04 1.467067726152932119e+04
8.817204829670195754e-02 1.603144266911982049e+04 1.184549090820915444e+04 1.157906939662245449e+01 1.155867953267326875e+01 7.379765137062858571e+01 1.450096591849023207e+04 1.530497312013486408e+04 1.438706806001862606e+04
8.933365053009192924e-02 1.574728329094790206e+04 1.147440682280769943e+04 1.104918336685085656e+01 1.102975724624561416e+01 7.278086391192637450e+01 1.422350612293910854e+04 1.500572800842765355e+04 1.410577458816802573e+04
9.050087064364190081e-02 1.546650968766776896e+04 1.110468530932251088e+04 1.054349500212166113e+01 1.052498787658675816e+01 7.187322683293196235e+01 1.394807078416526747e+04 1.470951754588572840e+04 1.382733750628629787e+04
9.167418876854574461e-02 1.518940632308115164e+04 1.073869482268418142e+04 1.006119574065044908e+01 1.004356391929689174e+01 6.983968699145387404e+01 1.368010754537624416e+04 1.441698787178678504e+04 1.355232514677970175e+04
9.285406282980541992e-02 1.491628283246551473e+04 1.037877244237465857e+04 9.601583064577843274e+00 9.584783880988270610e+00 6.618025520802623873e+01 1.342182938535812536e+04 1.412880048319765774e+04 1.328134336544333019e+04
9.404093101476597438e-02 1.464746838309842315e+04 1.002720383634278005e+04 9.164054930066647842e+00 9.148046725667693835e+00 6.136097407402365889e+01 1.317174527292771018e+04 1.384562409697541625e+04 1.301503521539423673e+04
9.523521393635606125e-02 1.438330124327273552e+04 9.686185903411680556e+03 8.748064102990687374e+00 8.732806236287428803e+00 5.652482222473302187e+01 1.292613358492243606e+04 1.356811954568508190e+04 1.275405770371107246e+04
9.643731653496202816e-02 1.412412509255125406e+04 9.357817430307834002e+03 8.353064337250353688e+00 8.338517197479692555e+00 5.284345900167599552e+01 1.268158220182145124e+04 1.329693510674018398e+04 1.249905701872389000e+04
9.764762975560309366e-02 1.387028022324372796e+04 9.044062817191328577e+03 7.978458552952556460e+00 7.964583596461938697e+00 5.086673206554405624e+01 1.243716776506139104e+04 1.303269293544481843e+04 1.225063528102696000e+04
9.886653203115823574e-02 1.362209632950738160e+04 8.746729494908033303e+03 7.623581664797858259e+00 7.610341463002991524e+00 5.023154802630944005e+01 1.219512302341476061e+04 1.277597918631864195e+04 1.200933203873326602e+04
1.000943905975442139e-01 1.337988719282604143e+04 8.467449632338499214e+03 7.287720031287755695e+00 7.275078325439688243e+00 4.989405291088561256e+01 1.195969702484685695e+04 1.252733644622886641e+04 1.177562440564128337e+04
1.013315626627531024e-01 1.314394017161364536e+04 8.207645204822685628e+03 6.970146585971330744e+00 6.958068355746287459e+00 4.875163847228401437e+01 1.173491990629627981e+04 1.228724898571207268e+04 1.154993275336750412e+04
1.025783964483517607e-01 1.291451346082120654e+04 7.968517131370526840e+03 6.670158563634258186e+00 6.658610090533357173e+00 4.629173711984815043e+01 1.152260214403768441e+04 1.205613860894388927e+04 1.133263725905905630e+04
1.038352321193050931e-01 1.269182792910989156e+04 7.751021325624187739e+03 6.387084478453137315e+00 6.376033411428301712e+00 4.288105618990221757e+01 1.132169701271204576e+04 1.183435375122417281e+04 1.112407682638176630e+04
1.051024026156935215e-01 1.247606256144526560e+04 7.555854733049106471e+03 6.120262873952051486e+00 6.109678289973299314e+00 3.951771523179611023e+01 1.112934891662064001e+04 1.162216328926885035e+04 1.092453552876216236e+04
1.063802343979800002e-01 1.226734726664294249e+04 7.383429249604703728e+03 5.869000715135055835e+00 5.858853182381425384e+00 3.719458855459693325e+01 1.094292029173987794e+04 1.141974607060207018e+04 1.073421274885881030e+04
1.076690481158691509e-01 1.206576155073560767e+04 7.233875615324930550e+03 5.632545422252025702e+00 5.622807051674792334e+00 3.627023491296269242e+01 1.076172912341951996e+04 1.122719049288832502e+04 1.055320294387726608e+04
1.089691592094433614e-01 1.187132952154006489e+04 7.107028942122572516e+03 5.410079437678136038e+00 5.400723933592377790e+00 3.624959584876705776e+01 1.058741279455697440e+04 1.104448786381269019e+04 1.038148242710258455e+04
1.102808784501107947e-01 1.168401518325225516e+04 7.002415476718053469e+03 5.200744776969676408e+00 5.191747485258432881e+00 3.612233114608079632e+01 1.042273896089029404e+04 1.087152621501003523e+04 1.021891414171980614e+04
1.116045124279218537e-01 1.150372470930759118e+04 6.919275021385851687e+03 5.003688032840329036e+00 4.995025969353709350e+00 3.504208734385493784e+01 1.026969038084901331e+04 1.070809607157953178e+04 1.006527446035295179e+04
1.129403639909827284e-01 1.133030051505469601e+04 6.856541759494650250e+03 4.818085391255125138e+00 4.809737269337442278e+00 3.289296871017460688e+01 1.012808446455657941e+04 1.055388222572587802e+04 9.920263344558285098e+03
1.142887326419825128e-01 1.116352431919155424e+04 6.812867895173315446e+03 4.643148044096373717e+00 4.635094281787210946e+00 3.035182460261057358e+01 9.995656250837619154e+03 1.040847036953556744e+04 9.783512624941415197e+03
1.156499148962443907e-01 1.100311609225294887e+04 6.786630667245643053e+03 4.478097860302645117e+00 4.470320577388789296e+00 2.839484490463726729e+01 9.869486355897324756e+03 1.027134744321808466e+04 9.654570846246477231e+03
1.170242046051899604e-01 1.084873803523289462e+04 6.775958132497034057e+03 4.322140928547322680e+00 4.314623927721508601e+00 2.759095230070582616e+01 9.747755561498634052e+03 1.014190939791199162e+04 9.532888293620279001e+03
1.184118932486589865e-01 1.069999623893618991e+04 6.778749708682926212e+03 4.174457264373099719e+00 4.167186002078477003e+00 2.769184077788284171e+01 9.630571070019695981e+03 1.001946613228436945e+04 9.417808639726583351e+03
1.198132701991398985e-01 1.055644527060229302e+04 6.792704111731274679e+03 4.034220302774562228e+00 4.027181847974344642e+00 2.782739972027518149e+01 9.519306136131395760e+03 9.903250131634351419e+03 9.308583132493788071e+03
1.212286229606345384e-01 1.041759337902100197e+04 6.815356407746460718e+03 3.900634869157548312e+00 3.893817847574178703e+00 2.716982085889793197e+01 9.414986174868077796e+03 9.792427200018157237e+03 9.204401575261998005e+03
1.226582373845937490e-01 1.028290908021076211e+04 6.844114720649856281e+03 3.772968644093563029e+00 3.766363168511440485e+00 2.556512015247700020e+01 9.316961774743864225e+03 9.686108273576828651e+03 9.104423384060282842e+03
1.241023978651096121e-01 1.015182874241214449e+04 6.876304628291818517e+03 3.650558590502432033e+00 3.644156175894722960e+00 2.363768315513721063e+01 9.222880603634386716e+03 9.583363394078396595e+03 9.007794116988283349e+03
1.255613875153382131e-01 1.002376494853051190e+04 6.909213597192627276e+03 3.532791791456321828e+00 3.526585257484857294e+00 2.227511872588939212e+01 9.129951865296758115e+03 9.483236331687427082e+03 8.913643049447766316e+03
1.270354883269363966e-01 9.898116657471957296e+03 6.940141501563222846e+03 3.419081586631469882e+00 3.413064948549959343e+00 2.190022095153507919e+01 9.036480305084747670e+03 9.384761750354195101e+03 8.821076334434439559e+03
1.285249813141373099e-01 9.774279930298695035e+03 6.966453390278541519e+03 3.308862004972925597e+00 3.303030355139557450e+00 2.212777622227989482e+01 8.942439335573209974e+03 9.286983230130161246e+03 8.729183020933673106e+03
1.300301466439474918e-01 9.651658299801943940e+03 6.985628491893407954e+03 3.201607822334272768e+00 3.195957205377633947e+00 2.210176785362588703e+01 8.848653876212407340e+03 9.188970341900008862e+03 8.637061639111641853e+03
1.315512637538269192e-01 9.529675544925848953e+03 6.995318287394323306e+03 3.096867813704005989e+00 3.091395092886432661e+00 2.123581093531082686e+01 8.755333816939433746e+03 9.089839283304634591e+03 8.543862939194401406e+03
1.330886114581079360e-01 9.407786468408608926e+03 6.993393199871418801e+03 2.994283134165339533e+00 2.988985853417737371e+00 1.971718324619557450e+01 8.661235098385101082e+03 8.988769888894814358e+03 8.448821868629660457e+03
1.346424680443176203e-01 9.285489876634293978e+03 6.977996848785571274e+03 2.893579759540866103e+00 2.888455999857968859e+00 1.832195792314578853e+01 8.564178279115909390e+03 8.885025773134329938e+03 8.351270783441565072e+03
1.362131113604885257e-01 9.162338680046312220e+03 6.947586664727914467e+03 2.794541347034064760e+00 2.789589583763178560e+00 1.769723119036458314e+01 8.462436350812349701e+03 8.777969726560846539e+03 8.250631299770479018e+03
1.378008188944743750e-01 9.037951626468640825e+03 6.900978856561129760e+03 2.696990112336353551e+00 2.692209073846080880e+00 1.776493530514706620e+01 8.355736103779310724e+03 8.667081216817739914e+03 8.146411843037488325e+03
1.394058678462281597e-01 8.912022015021626430e+03 6.837380141420014297e+03 2.600790737950935405e+00 2.596179270685671003e+00 1.781051811433288279e+01 8.244974661693075177e+03 8.551969096998323948e+03 8.038222269956218042e+03
1.410285351939489229e-01 8.784326126431857119e+03 6.756416028356969036e+03 2.505872777544455587e+00 2.501429717918093765e+00 1.718211296572874858e+01 8.130970635613136437e+03 8.432383481490816848e+03 7.925807062966633566e+03
1.426690977549589789e-01 8.654728606948527158e+03 6.658144661238797198e+03 2.412245934564062555e+00 2.407969990670643767e+00 1.592550378580284764e+01 8.013477562917185423e+03 8.308222597945978123e+03 7.809071903224755260e+03
1.443278322421364390e-01 8.523187276870847199e+03 6.543068263408833445e+03 2.319990948599760738e+00 2.315880591589391635e+00 1.472099172466799466e+01 7.891420607537822434e+03 8.179538747501903345e+03 7.688087402982170715e+03
1.460050153166946862e-01 8.389754646748080631e+03 6.412125619557928985e+03 2.229229610231970415e+00 2.225282980233576069e+00 1.417687592347792780e+01 7.764083353871543295e+03 8.046538253081415860e+03 7.563066775644335394e+03
1.477009236380725232e-01 8.254577928803870236e+03 6.266680143316411886e+03 2.140100049246392633e+00 2.136314876902421833e+00 1.420279636660442080e+01 7.632018903165620941e+03 7.909579397971043363e+03 7.434344007614960901e+03
1.494158339116764822e-01 8.117895872008283732e+03 6.108491566097894065e+03 2.052754825636879943e+00 2.049128372188648850e+00 1.412488809941952184e+01 7.496751965764483430e+03 7.769164896779469018e+03 7.302370299422475910e+03
1.511500229351934177e-01 7.980033620735361183e+03 5.939678336556750764e+03 1.967375950427541431e+00 1.963904966071981395e+00 1.342659522385382509e+01 7.359621270334640030e+03 7.625931120819347598e+03 7.167727336913431827e+03
1.529037676441785676e-01 7.841394795193571554e+03 5.762667499003571720e+03 1.884181406964639649e+00 1.880862107571468655e+00 1.231001733395753384e+01 7.221017072829394237e+03 7.480632854402038902e+03 7.031130816165838041e+03
1.546773451576057279e-01 7.702451508485905833e+03 5.580134717944675685e+03 1.803407477291740335e+00 1.800235539349967606e+00 1.145009800447661341e+01 7.080813685673573673e+03 7.334124635724174368e+03 6.893405239264739976e+03
1.564710328240555004e-01 7.563732052756292433e+03 5.394934801618042002e+03 1.725277846269198445e+00 1.722248420670371205e+00 1.121466600226802690e+01 6.939452308079964496e+03 7.187338522475511127e+03 6.755438331333475617e+03
1.582851082692077471e-01 7.425806319980669286e+03 5.210023746764215502e+03 1.649985408431562384e+00 1.647093153309621139e+00 1.124919258223594909e+01 6.798402432527551355e+03 7.041258513757719811e+03 6.618143749169244984e+03
1.601198494452930887e-01 7.289269535923476724e+03 5.028374649959385351e+03 1.577698019617090663e+00 1.574937150919360151e+00 1.091869849417287952e+01 6.659466864376337071e+03 6.896892513463139949e+03 6.482448643795458338e+03
1.619755346831524279e-01 7.154724249035463799e+03 4.852889808709503086e+03 1.508571482887093973e+00 1.505935840251176883e+00 1.008191588231985847e+01 6.523757945007086164e+03 6.755242190183967068e+03 6.349289893506856970e+03
1.638524427475470668e-01 7.022761234308572966e+03 4.686310715656405591e+03 1.442745391266736954e+00 1.440228516703491390e+00 9.251319395297205261e+00 6.391547632582429287e+03 6.617271574737903393e+03 6.219589760773822491e+03
1.657508528963534955e-01 6.893939972294972904e+03 4.531130217615576839e+03 1.380319855543711505e+00 1.377915082735987617e+00 8.933359980452898697e+00 6.263106531562124474e+03 6.483875682293274622e+03 6.094205524228187642e+03
1.676710449442753992e-01 6.768769131591839141e+03 4.389508317514180817e+03 1.321336204244061285e+00 1.319036756606683403e+00 8.981495345762779081e+00 6.139416174837120707e+03 6.355849769581670444e+03 5.973880008738800825e+03
1.696132993316981086e-01 6.647687820080491292e+03 4.263195935823528089e+03 1.265781113098047639e+00 1.263580207589161564e+00 8.803862329265200515e+00 6.021818325732204357e+03 6.233860608813825820e+03 5.859221106203380259e+03
1.715778971993089375e-01 6.531048604799001623e+03 4.153469718891834418e+03 1.213604692141790231e+00 1.211495644675827155e+00 8.162102507789805728e+00 5.911054474545819176e+03 6.118421140466882207e+03 5.750703307402911378e+03
1.735651204691004701e-01 6.419102878623774814e+03 4.061080710781596281e+03 1.164726498237837138e+00 1.162702826585459981e+00 7.488339017145451137e+00 5.806952201957109537e+03 6.009869471596608491e+03 5.648658078364890571e+03
1.755752519323739713e-01 6.311989704399980837e+03 3.986219885747053468e+03 1.119022127188688653e+00 1.117077648030545101e+00 7.272303320295605111e+00 5.709138557831925027e+03 5.908353674243713613e+03 5.553240137082002548e+03
1.776085753453542915e-01 6.209728544805062484e+03 3.928503127832700557e+03 1.076312086083345276e+00 1.074441003555356211e+00 7.364206111693861523e+00 5.617752681624074285e+03 5.813823170243270397e+03 5.464397197398597200e+03
1.796653755330258340e-01 6.112216452223568922e+03 3.886977054368187510e+03 1.036373603993772763e+00 1.034570586740720888e+00 7.197547333638045330e+00 5.533143238299181576e+03 5.726027419459400335e+03 5.381875797565295215e+03
1.817459385017979046e-01 6.019229984653219617e+03 3.860146742168559285e+03 9.989650042486197812e-01 9.972252475716002484e-01 6.629900628039056443e+00 5.455002530873727665e+03 5.644522315053230159e+03 5.305254020941330964e+03
1.838505515616037367e-01 5.930431891081920185e+03 3.846024864887601325e+03 9.638355045377935415e-01 9.621547749863283983e-01 6.155056060454469957e+00 5.382226971908239648e+03 5.568684236376259832e+03 5.233961432245069773e+03
1.859795034580382644e-01 5.845382759602033730e+03 3.842202657502184593e+03 9.307166947671604573e-01 9.290913558849061005e-01 6.136711518555213019e+00 5.313726801769371377e+03 5.497731991406960333e+03 5.167275345913550154e+03
1.881330845151365783e-01 5.763556781789819979e+03 3.845939150082142078e+03 8.993211342107541029e-01 8.977481534568582111e-01 6.229966039365557151e+00 5.248967242036791504e+03 5.430755331701153409e+03 5.104329283518110060e+03
1.903115867893960811e-01 5.684481141580281474e+03 3.854432024501940759e+03 8.693843094836525287e-01 8.678612041775244368e-01 5.930124973741285999e+00 5.187558513891798611e+03 5.366877157435229492e+03 5.044282896987947424e+03
1.925153042356464450e-01 5.607744343459520678e+03 3.864911468549622441e+03 8.406829649625258138e-01 8.392077395866919254e-01 5.403715448438800806e+00 5.128536671610791018e+03 5.305276688572713283e+03 4.986370097061237175e+03
1.947445328853696922e-01 5.532342971253477117e+03 3.873838703548648482e+03 8.129215439169471535e-01 8.114928390478852727e-01 5.218603165807764732e+00 5.070006562214598489e+03 5.244510498218232897e+03 4.929252269228071782e+03
1.969995710380809950e-01 5.457594585463632939e+03 3.878262922086688832e+03 7.858768307794894437e-01 7.844937445283624022e-01 5.361947612079672076e+00 5.010958394501974908e+03 5.183502472911073710e+03 4.871917549814929771e+03
1.992807194663789583e-01 5.382847335424224184e+03 3.875505324117389591e+03 7.593497522115524312e-01 7.580117641231137737e-01 5.248057005410736053e+00 4.950918302907260113e+03 5.121248986072504522e+03 4.813404102716413036e+03
2.015882816352834450e-01 5.307515465188501366e+03 3.863285609804841442e+03 7.331892858149375858e-01 7.318961690200704862e-01 4.759471462832488342e+00 4.889114211853702727e+03 5.056870194626921148e+03 4.752881354188219120e+03
2.039225639364868059e-01 5.231114557963320294e+03 3.839835009107114274e+03 7.072980884622782627e-01 7.060498132132789761e-01 4.474096088300936636e+00 4.824390934790038045e+03 4.989658783004823817e+03 4.689702854810022473e+03
2.062838759381515619e-01 5.153291478879541501e+03 3.803986506421347258e+03 6.816164431013715941e-01 6.804130770506190418e-01 4.597779001105161356e+00 4.756124749502690975e+03 4.919120367798315783e+03 4.623410391230487221e+03
2.086725306509024103e-01 5.073844843612821933e+03 3.755234435886320625e+03 6.561176161895113657e-01 6.549592275664140040e-01 4.560140404836808159e+00 4.684516083821023130e+03 4.845000756795265261e+03 4.553746974964129549e+03
2.110888448106747195e-01 4.992732703653883618e+03 3.693756682031862510e+03 6.308223391727906249e-01 6.297089082654560022e-01 4.108426100563477235e+00 4.609736872448267604e+03 4.767296153385390426e+03 4.480701128751544275e+03
2.135331391790994959e-01 4.910066605042106858e+03 3.620398720494064946e+03 6.057983933755662909e-01 6.047297367697780368e-01 3.818426776368083253e+00 4.531588361027106657e+03 4.686245476672444056e+03 4.404515649558164114e+03
2.160057388621280938e-01 4.826093435835294258e+03 3.536617831063565063e+03 5.811350192683004678e-01 5.801107313519249242e-01 3.944255084276894863e+00 4.450344505695414227e+03 4.602305677511527392e+03 4.325627947646696157e+03
2.185069736476251412e-01 4.741168986704671624e+03 3.444394409252527566e+03 5.569288534768882526e-01 5.559482679715987974e-01 3.884160846298168046e+00 4.367051094724327413e+03 4.516114495820651427e+03 4.244618357624012788e+03
2.210371783626876863e-01 4.655728284156974041e+03 3.346116914798090875e+03 5.332932969178899585e-01 5.323554683672071519e-01 3.433257012292710630e+00 4.282584317246958562e+03 4.428445975333438582e+03 4.162207994143795986e+03
2.235966932514873440e-01 4.570257713912016698e+03 3.244449520394111005e+03 5.103540204013728987e-01 5.094577236636678164e-01 3.236284578984985671e+00 4.197344747459057544e+03 4.340164455461284888e+03 4.079229593032610865e+03
2.261858643744683872e-01 4.485272111702524853e+03 3.142190157456951056e+03 4.882229240945142323e-01 4.873666699172405359e-01 3.393625446124414857e+00 4.112162036136959614e+03 4.252181001895194640e+03 3.996542492881919770e+03
2.288050440297866306e-01 4.401297149212058684e+03 3.042126556459249969e+03 4.669917163138740945e-01 4.661737806399049444e-01 3.225660742168407591e+00 4.028361129046214046e+03 4.165413865335910486e+03 3.914988269255743489e+03
2.314545911979229986e-01 4.318854317926443400e+03 2.946893758703006370e+03 4.467463732115440900e-01 4.459648371354947294e-01 2.803209496408947565e+00 3.946744771300828688e+03 4.080751342638604001e+03 3.835404124758529633e+03
2.341348720104703129e-01 4.238444507802947555e+03 2.858837002533734903e+03 4.275590362222724816e-01 4.268118341661106818e-01 2.799219592972492343e+00 3.867698971475880171e+03 3.999014409375070954e+03 3.758582853149664516e+03
2.368462602441574749e-01 4.160525969569498557e+03 2.779883462609816434e+03 4.094665093971542880e-01 4.087514846144290059e-01 2.917372021928835935e+00 3.792102380470289063e+03 3.920916247186492456e+03 3.685185312929064821e+03
2.395891378412551009e-01 4.085484870922100981e+03 2.711427750239256966e+03 3.924774064063628609e-01 3.917923724613061043e-01 2.589272403567635994e+00 3.720823877543884009e+03 3.847018038584580154e+03 3.615721072735861981e+03
2.423638954575917381e-01 4.013600872453041120e+03 2.654240220567974120e+03 3.765842785966039830e-01 3.759270838369285217e-01 2.352767517183677271e+00 3.653902276920887743e+03 3.777684603922512451e+03 3.550550016239862089e+03
2.451709330395072939e-01 3.945013693508304186e+03 2.608407974537033624e+03 3.617469607696707223e-01 3.611155526167454943e-01 2.528782123830251916e+00 3.591294584684228084e+03 3.713046530652005913e+03 3.489804909484128984e+03
2.480106604311796969e-01 3.879699401517872957e+03 2.573320697917341931e+03 3.478871813712126060e-01 3.472796665480935019e-01 2.412491046049530130e+00 3.533266126244007410e+03 3.652978119999387673e+03 3.433345394058510010e+03
2.508834980138802129e-01 3.817464190864392549e+03 2.547709044314510720e+03 3.349117220183907562e-01 3.343264171503962379e-01 2.070445686511856564e+00 3.479403833153361120e+03 3.597098906856738267e+03 3.380816060579482382e+03
2.537898773788477280e-01 3.757960004686648062e+03 2.529738450977347384e+03 3.227150811297526123e-01 3.221505483804027459e-01 2.169713741041365385e+00 3.428777687826388956e+03 3.544802852110507501e+03 3.331668295115804540e+03
2.567302420356207815e-01 3.700720182325114820e+03 2.517151964677507749e+03 3.111707485127790940e-01 3.106258134974612672e-01 2.217439145755363494e+00 3.380893444552175879e+03 3.495312590843380349e+03 3.285155915527786874e+03
2.597050481578311865e-01 3.645207805840344008e+03 2.507448273517271900e+03 3.001541402511371248e-01 2.996278911418405189e-01 1.878523411686171096e+00 3.335061019267191568e+03 3.447750285660928512e+03 3.240443390848586205e+03
2.627147653686456308e-01 3.590866173573019751e+03 2.498075583581051887e+03 2.895577779527499507e-01 2.890495465619508653e-01 1.882945923968060598e+00 3.290051092541886646e+03 3.401212987776688351e+03 3.196705064419188602e+03
2.657598775682420977e-01 3.537161760238093848e+03 2.486621418856886976e+03 2.792788452697120283e-01 2.787881740401246256e-01 2.006581817783905208e+00 3.245146097261131672e+03 3.354841081074874182e+03 3.153125910664861294e+03
2.688408838059327399e-01 3.483614896466883238e+03 2.470982542236520203e+03 2.692309102825452549e-01 2.687575100028067876e-01 1.705575182268411760e+00 3.199857007364887977e+03 3.307873126928367128e+03 3.108973206717929770e+03
2.719582991997896992e-01 3.429819620772508188e+03 2.449505033648440076e+03 2.593590307139954643e-01 2.589027326209525359e-01 1.659564899629911938e+00 3.153270421929443728e+03 3.259686581347213632e+03 3.063683259921427180e+03
2.751126559069017041e-01 3.375459167519481070e+03 2.421090863364627239e+03 2.496231522017625382e-01 2.491838580110717349e-01 1.798645743560611798e+00 3.104986465638717164e+03 3.209829090756704318e+03 3.016828677740627427e+03
2.783045041476905901e-01 3.320323656296287936e+03 2.385269122507300381e+03 2.400014775293720370e-01 2.395791102082019397e-01 1.518867656469389260e+00 3.055016516716339993e+03 3.158045473403362394e+03 2.968150644259933415e+03
2.815344132880474581e-01 3.264331931080518189e+03 2.342228234501760198e+03 2.305039301184630129e-01 2.300983867847110897e-01 1.476908142530305446e+00 3.003046613716737284e+03 3.104301358624710247e+03 2.917637537537507342e+03
2.848029729834137824e-01 3.207552097991445862e+03 2.292802085333381456e+03 2.211538314086488044e-01 2.207649409342010149e-01 1.599773737416092079e+00 2.949307273542572148e+03 3.048797753200545685e+03 2.865475943834215741e+03
2.881107943893381762e-01 3.150209131889151649e+03 2.238400357576258102e+03 2.119876749057936216e-01 2.116151641217800250e-01 1.322064561683242490e+00 2.894440508188648892e+03 2.991965237341378270e+03 2.812052773227338093e+03
2.914585114434863899e-01 3.092668126597539867e+03 2.180877923654924416e+03 2.030625562521905236e-01 2.027060281510492390e-01 1.331273804525225479e+00 2.838776550107584171e+03 2.934427455100523275e+03 2.757975802387716612e+03
2.948467822245766090e-01 3.035389022360900981e+03 2.122349048123818648e+03 1.944324137388985518e-01 1.940913411391039789e-01 1.398644758749773676e+00 2.783131223192802281e+03 2.876931453766047071e+03 2.703939926297482998e+03
2.982762903942607902e-01 2.978860070448006809e+03 2.064965868906181186e+03 1.861467612063678057e-01 1.858204974061055670e-01 1.131734867216342977e+00 2.728400859021326596e+03 2.820254251189922343e+03 2.650663095169705684e+03
3.017477467285810677e-01 2.923528144934356078e+03 2.010694211328763686e+03 1.782519729851035073e-01 1.779397768050177409e-01 1.226121664368707842e+00 2.675016825030878863e+03 2.765106334573993081e+03 2.598834951454864495e+03
3.052618907463030551e-01 2.869745937268615762e+03 1.961121342859913511e+03 1.707706387139594773e-01 1.704717093980189502e-01 1.187525543532162775e+00 2.623708661440422020e+03 2.712054655333459323e+03 2.548972781292353375e+03
3.088194924421803211e-01 2.817747916275706757e+03 1.917321055583000316e+03 1.637118459217581090e-01 1.634253618608386138e-01 9.901927465633830749e-01 2.574849705709734280e+03 2.661479346367710150e+03 2.501433054206962879e+03
3.124213541340345457e-01 2.767653007225386318e+03 1.879785977150322879e+03 1.570716378594865792e-01 1.567967931455347408e-01 1.139044502960292027e+00 2.528446370776810909e+03 2.613564188782595465e+03 2.456404383241509095e+03
3.160683124334690008e-01 2.719478952921784185e+03 1.848420249004511788e+03 1.508246045498007337e-01 1.505606405001339299e-01 9.696327662858227336e-01 2.484720421429460657e+03 2.568307209930523641e+03 2.413863999540701570e+03
3.197612403510673440e-01 2.673151117924841856e+03 1.822576718729841787e+03 1.449412422741002404e-01 1.446874727712189890e-01 9.346477837636740782e-01 2.443352766794230320e+03 2.525534414375703818e+03 2.373662624740525644e+03
3.235010495480886150e-01 2.628499415026483803e+03 1.801131499842127596e+03 1.393798647640608346e-01 1.391356952277547909e-01 1.006174605476115813e+00 2.404030346207509410e+03 2.484910183587791835e+03 2.335483944623198113e+03
3.272886927479663477e-01 2.585252680043638065e+03 1.782595920709847860e+03 1.340906509459263984e-01 1.338555908435435926e-01 8.041808587752256043e-01 2.366403669353006990e+03 2.445952055658016889e+03 2.298862551790151883e+03
3.311251663223735431e-01 2.543050209710704621e+03 1.765273606625731873e+03 1.290268567006366829e-01 1.288005233039331010e-01 9.256392107256371515e-01 2.329717155359106528e+03 2.408067522301218560e+03 2.263260369243381774e+03
3.350115130682493336e-01 2.501484539081472576e+03 1.747459171770527291e+03 1.241372419919721942e-01 1.239193534518952533e-01 8.006987153817304304e-01 2.293529939865178221e+03 2.370623865141353235e+03 2.228064792567737641e+03
3.389488251940150354e-01 2.460170368429384780e+03 1.727657206905390922e+03 1.193836933090407920e-01 1.191740503411157920e-01 7.750340271534866821e-01 2.257180264433764023e+03 2.333043125576947205e+03 2.192743507260373462e+03
3.429382475352842352e-01 2.418814089160614003e+03 1.704776096563572537e+03 1.147379405761211335e-01 1.145363991204029624e-01 8.161402934529087272e-01 2.220260999973281741e+03 2.294893201374929959e+03 2.156889379764797013e+03
3.469809810227033053e-01 2.377254134395008350e+03 1.678254431231297531e+03 1.101845971146003661e-01 1.099910377133305472e-01 6.624884864696802822e-01 2.182620399179747437e+03 2.255943133193340145e+03 2.120277103280409847e+03
3.510782864272074533e-01 2.335458092010217115e+03 1.648092649923425142e+03 1.057247385509812176e-01 1.055390383455978159e-01 7.748891685226060311e-01 2.144107733838597596e+03 2.216166210206017695e+03 2.082896087453220389e+03
3.552314884109744608e-01 2.293491092146554365e+03 1.614800628684806497e+03 1.013638987715669709e-01 1.011859105217837590e-01 6.130807906532957929e-01 2.105004464741335141e+03 2.175704747952233902e+03 2.044863073109343986e+03
3.594419799157638762e-01 2.251485086068385954e+03 1.579292040024070957e+03 9.711914624729109380e-02 9.694868507235449018e-02 6.901047112155626051e-01 2.065435818750931958e+03 2.134826364973998352e+03 2.006445739022933367e+03
3.637112269242120388e-01 2.209629424522074260e+03 1.542755559123675994e+03 9.300642356075140837e-02 9.284326001064623080e-02 5.946109566482116193e-01 2.025857898041213275e+03 2.093893844205584173e+03 1.967972095489326648e+03
3.680407736340703395e-01 2.168173295084179244e+03 1.506509479380465109e+03 8.904643511797109834e-02 8.889029370648997286e-02 5.982908553583642375e-01 1.986623310617310835e+03 2.053341915931026051e+03 1.929859278366081071e+03
3.724322480904452837e-01 2.127409319525536375e+03 1.471830265482234608e+03 8.525653677125064056e-02 8.510710063880026766e-02 5.769232607621379572e-01 1.948211143444383652e+03 2.013633947300222189e+03 1.892538876929293110e+03
3.768873683268891273e-01 2.087617312713177398e+03 1.439756970750445589e+03 8.164958132004347668e-02 8.150650491262981245e-02 5.232045083491025927e-01 1.911020887017402401e+03 1.975181518582450281e+03 1.856397481400408878e+03
3.814079490728618516e-01 2.048984879218895003e+03 1.410909278638025171e+03 7.823001305871433997e-02 7.809294202845783184e-02 5.486452015509282187e-01 1.875281252523466037e+03 1.938247221393749896e+03 1.821685405956218119e+03
3.859959090927578274e-01 2.011552922986308658e+03 1.385382986486091795e+03 7.499054654899521555e-02 7.485914066767801467e-02 4.672740475114536829e-01 1.841082776011178794e+03 1.902881486395675665e+03 1.788444186091685651e+03
3.906532792305557611e-01 1.975224099391886739e+03 1.362768851468760658e+03 7.191680872397199220e-02 7.179076087649177706e-02 5.125566041831016717e-01 1.808227633574408173e+03 1.868932839208948963e+03 1.756538815060734578e+03
3.953822112444181913e-01 1.939823633181055357e+03 1.342282908013145288e+03 6.898758455146916657e-02 6.886663119165399582e-02 4.255584391657845633e-01 1.776500071071599677e+03 1.836120779945490312e+03 1.725697504691033828e+03
4.001849875274771096e-01 1.905159411468362578e+03 1.322944010992018775e+03 6.618292646386615685e-02 6.606684932622368389e-02 4.714511017897729528e-01 1.745526046192908098e+03 1.804116259622740472e+03 1.695619352524245869e+03
4.050640318249230099e-01 1.871038848635475233e+03 1.303736588035664909e+03 6.348220885445964023e-02 6.337083149563063622e-02 3.952414610252325544e-01 1.715033368675750353e+03 1.772583863739416302e+03 1.665981082613717945e+03
4.100219210737120479e-01 1.837256603247340081e+03 1.283746349408888591e+03 6.086899072127460730e-02 6.076217244061724032e-02 4.257886498696690225e-01 1.684658416869596522e+03 1.741195213285911450e+03 1.636481279811035620e+03
4.150613985101835879e-01 1.803608333296336241e+03 1.262297459733101732e+03 5.832898721219938881e-02 5.822661391015303972e-02 3.749316948938729577e-01 1.654161226178135394e+03 1.709664138848050470e+03 1.606845054010894273e+03
4.201853882131781903e-01 1.769955071270424241e+03 1.239092034918510990e+03 5.585519836326908322e-02 5.575716876725655968e-02 3.743575152141223605e-01 1.623355344405020105e+03 1.677824093032046676e+03 1.576920031219029624e+03
4.253970112765250167e-01 1.736289871573255596e+03 1.214289947709984062e+03 5.344755211038743764e-02 5.335376152225080465e-02 3.640479090263853412e-01 1.592273506551319997e+03 1.645697081469857267e+03 1.546724992202602607e+03
4.306996038358608114e-01 1.702732987770547197e+03 1.188453137756930118e+03 5.111222491931941697e-02 5.102255245004263390e-02 3.194807401410813541e-01 1.561110395349837972e+03 1.613480012095986922e+03 1.516444242170216285e+03
4.360967372116415497e-01 1.669450459331149659e+03 1.162359268714188829e+03 4.885788944288723540e-02 4.877219397577457760e-02 3.546114463262612371e-01 1.530109506177126605e+03 1.581445071409143566e+03 1.486337171911933865e+03
4.415922404741757790e-01 1.636578546218206611e+03 1.136788252497281292e+03 4.669058241149275784e-02 4.660870630565851908e-02 2.771641624390644987e-01 1.499543754216627121e+03 1.549840224802980629e+03 1.456630788137021000e+03
4.471902257890894572e-01 1.604222688285983850e+03 1.112378984092307064e+03 4.461510010457869074e-02 4.453687552057391391e-02 3.250028463215219321e-01 1.469564769678883749e+03 1.518863492966700733e+03 1.427518687019876324e+03
4.528951169647748021e-01 1.572489577602780628e+03 1.089547435013231279e+03 4.263237526593437882e-02 4.255763023155118702e-02 2.697200709242126293e-01 1.440365369807798288e+03 1.488675243240615828e+03 1.399144393272748630e+03
4.587116816995114310e-01 1.541458361846902335e+03 1.068399534385367360e+03 4.074124429896627125e-02 4.066981052440912098e-02 2.650514670163797160e-01 1.412001701752984445e+03 1.459359271207938718e+03 1.371591516506867720e+03
4.646450681181595876e-01 1.511096893162428159e+03 1.048659664227624944e+03 3.893494398714906352e-02 3.886666756325974498e-02 2.806306609256645768e-01 1.384406942912640716e+03 1.430841174910903419e+03 1.344789156905460459e+03
4.707008463005138976e-01 1.481245334802787738e+03 1.029733679718067606e+03 3.720235142509686205e-02 3.713710132254542662e-02 2.235344724114894377e-01 1.357367342037113985e+03 1.402885743683302735e+03 1.318513335407731802e+03
4.768850556405619945e-01 1.451720615749391072e+03 1.010939513235739469e+03 3.553292297361792390e-02 3.547059103633091320e-02 2.449879090065141818e-01 1.330599586345269472e+03 1.375223305929814842e+03 1.292515365202923931e+03
4.832042590444116104e-01 1.422415502959273454e+03 9.917465460447838268e+02 3.391870473559233795e-02 3.385919846055373411e-02 2.375321406184944806e-01 1.303944630819743224e+03 1.347673150261108049e+03 1.266622005961236482e+03
4.896656051827972256e-01 1.393271862377681373e+03 9.718650976973733577e+02 3.235516469902342818e-02 3.229840014847933094e-02 1.956996972963640224e-01 1.277307764429827103e+03 1.320136957877512941e+03 1.240740692264346762e+03
4.962769002726131751e-01 1.364223876908930833e+03 9.512465420695609737e+02 3.083981088168922732e-02 3.078570817872092885e-02 2.093236221927599061e-01 1.250615997594164355e+03 1.292551895166719305e+03 1.214815201276757080e+03
5.030466911849048595e-01 1.335257273221141986e+03 9.301209908099028780e+02 2.937248446480894906e-02 2.932096179294470598e-02 2.094427855355108781e-01 1.223905986695612228e+03 1.264946101671304405e+03 1.188869796082519315e+03
5.099843620827470003e-01 1.306481394640774397e+03 9.089762176125710766e+02 2.795656032940112279e-02 2.790752727055655080e-02 1.754796508335544625e-01 1.197349499887688353e+03 1.237494597092959339e+03 1.163068325312912975e+03
5.171002473060958282e-01 1.278031178004696130e+03 8.883263464898416260e+02 2.659564550904642069e-02 2.654900339071120802e-02 1.668330946319949160e-01 1.171133222597043641e+03 1.210398125987330332e+03 1.137601338101213969e+03
5.244057638750296846e-01 1.249933217036315227e+03 8.684483764404063777e+02 2.528964702831169864e-02 2.524529649353705885e-02 1.775471251542850293e-01 1.145325897828405459e+03 1.183726739771031134e+03 1.112534481143143239e+03
5.319135678223635422e-01 1.222164869516109093e+03 8.493601853793720693e+02 2.403605703959816806e-02 2.399390341443856378e-02 1.701340638841353503e-01 1.119916911342262210e+03 1.157464828470873726e+03 1.087851897081744028e+03
5.396377396521645498e-01 1.194731613436584894e+03 8.308985513767458997e+02 2.283196983050189352e-02 2.279192470315466804e-02 1.476419560140435072e-01 1.094882717395289092e+03 1.131588592303698078e+03 1.063531314513005555e+03
5.475940056357067043e-01 1.167555683988319743e+03 8.126944090039078219e+02 2.167247026518708680e-02 2.163445558330133120e-02 1.316711767308137160e-01 1.070096677191281060e+03 1.105969711403182146e+03 1.039452815155056214e+03
5.558000035168546571e-01 1.140471609021207087e+03 7.943044692215986515e+02 2.055149817453204297e-02 2.051544804115842252e-02 1.279386877772433762e-01 1.045351497259793177e+03 1.080394498656007045e+03 1.015415745663712528e+03
5.642756036675067310e-01 1.113427430149400379e+03 7.755380548438438382e+02 1.946628023134324217e-02 1.943213390087658587e-02 1.291260020131866082e-01 1.020574472291509437e+03 1.054786921107405306e+03 9.913484149707472852e+02
5.730433000415265932e-01 1.086444291058638100e+03 7.564760095443112959e+02 1.841650091176259829e-02 1.838419745202132805e-02 1.286940200036105486e-01 9.957967774695804337e+02 1.029178483342090431e+03 9.672802258300882841e+02
5.821286897541990690e-01 1.059482893023657653e+03 7.372962319764440053e+02 1.740151155065214339e-02 1.737099020239420491e-02 1.252532497419604762e-01 9.710169789081295448e+02 1.003567581116427618e+03 9.432096263178715390e+02
5.915610662459535041e-01 1.032598523691026003e+03 7.183019635714692868e+02 1.642229546222958442e-02 1.639349266503632371e-02 1.194818996475736916e-01 9.463301189558922033e+02 9.780525343153852873e+02 9.192290439560736104e+02
6.013741594846379046e-01 1.005849712224864675e+03 6.996911406357694432e+02 1.547914831434303237e-02 1.545199951706602813e-02 1.116254298559744701e-01 9.218161964181758776e+02 9.527160661333909957e+02 8.954162342446855973e+02
6.116070685824813724e-01 9.791326014958899577e+02 6.813213354346463575e+02 1.456895605200181354e-02 1.454340277483238963e-02 1.002232770763769321e-01 8.973683535074585507e+02 9.274476255345131221e+02 8.716672498598339871e+02
6.223054491646103914e-01 9.524158552689492581e+02 6.629902496237530158e+02 1.368939428840956589e-02 1.366538282709853572e-02 8.446345170759635146e-02 8.729275991248347282e+02 9.021862059067166228e+02 8.479247284608676409e+02
6.335230423129728505e-01 9.255926209207868851e+02 6.444307945116112251e+02 1.283732106111097095e-02 1.281480388046394962e-02 7.246981638030210171e-02 8.483629442187782388e+02 8.767971457481766038e+02 8.240623636572707937e+02
6.453236678263138959e-01 8.985688348360607733e+02 6.255323950723004600e+02 1.201065386302489421e-02 1.198958713589596582e-02 7.987027032475287058e-02 8.235794197011811093e+02 8.511835158976301727e+02 7.999895469986895478e+02
6.577838581226485015e-01 8.713635148668104193e+02 6.064544412063909249e+02 1.120950845728208023e-02 1.118984742675839875e-02 8.512095668486360789e-02 7.986207834753122370e+02 8.253886956963574448e+02 7.757463706252124211e+02
6.709963905333430345e-01 8.438963487279165747e+02 5.872879376011144359e+02 1.043270889466848400e-02 1.041441043534692759e-02 5.856916329339697386e-02 7.734402121750352990e+02 7.993621048224210881e+02 7.512843643735344585e+02
6.850751019094883931e-01 8.161627167619321881e+02 5.680746580214373580e+02 9.679752781946651327e-03 9.662774740959284223e-03 7.361490224892053291e-02 7.480356768639505844e+02 7.731071751704658936e+02 7.266090633244123183e+02
7.001615691146481080e-01 7.879915063069595362e+02 5.485569930567639858e+02 8.947529915523359453e-03 8.931835938809248171e-03 4.969986652811636541e-02 7.222327831121916688e+02 7.464377826170189110e+02 7.015430024698764555e+02
7.164345619952127153e-01 7.592756519622163296e+02 5.285666179907913147e+02 8.234299796926327492e-03 8.219856909353086966e-03 5.598245896011185690e-02 6.959129359871448059e+02 7.192362302419063553e+02 6.759777416035594797e+02
7.341237102425778316e-01 7.298772351233589006e+02 5.080597882233342375e+02 7.538537786614090373e-03 7.525315398417667216e-03 5.705506918767642988e-02 6.689609033514598195e+02 6.913809432856818376e+02 6.497979030959190823e+02
7.535297319708798014e-01 6.996351117345575403e+02 4.870218415164924863e+02 6.858852423756519809e-03 6.846822167269174877e-03 5.091543745863010006e-02 6.412454316995005001e+02 6.627361995287628815e+02 6.228758652883602736e+02
7.750551421936264784e-01 6.683518658041832623e+02 4.652862303675216253e+02 6.193403383541808659e-03 6.182540227271197779e-03 3.625795091866550884e-02 6.125806933627229682e+02 6.331099401882222537e+02 5.950310801035008126e+02
7.992521278156087261e-01 6.357339498577867971e+02 4.425785062277551560e+02 5.539876029190871944e-03 5.530159202462981045e-03 4.158087869406196929e-02 5.826843365624342823e+02 6.022119323973249720e+02 5.659916685232916507e+02
8.268991824664371215e-01 6.014329087860273830e+02 4.187081421256720546e+02 4.896417532578822319e-03 4.887829317924077474e-03 3.418842686618195348e-02 5.512474704283799838e+02 5.697211293852893732e+02 5.354548648756159537e+02
8.591265710301720926e-01 5.649939564846454232e+02 3.933585886086961523e+02 4.261205743091983460e-03 4.253731663237099100e-03 2.972962703315941424e-02 5.178524505302282250e+02 5.352067359401875137e+02 5.030162790779547208e+02
8.976237169193419518e-01 5.258242628840944235e+02 3.660980266793737883e+02 3.632955912456844669e-03 3.626583773939341063e-03 2.559746448084134277e-02 4.819528402536560066e+02 4.981038653725225345e+02 4.681449165602188600e+02
9.449728372913959173e-01 4.832070335906639684e+02 3.364403498865742677e+02 3.012380341602863016e-03 3.007096681970743667e-03 2.271618945027472497e-02 4.428937921441374215e+02 4.577357590499053117e+02 4.302047548202789926e+02
1.005115739940093400e+00 4.364344987706857069e+02 3.038882495399682853e+02 2.404968374751877049e-03 2.400750100428027545e-03 1.297970629326532753e-02 4.000260991239381383e+02 4.134311725504765036e+02 3.885646685804002232e+02
1.083676127262677591e+00 3.852833759868820493e+02 2.682860327045488020e+02 1.826471040767641951e-03 1.823267443581577446e-03 1.072041759090553922e-02 3.531445773971806830e+02 3.649785535566627459e+02 3.430262808967692649e+02
1.186942425351354746e+00 3.311235511616480380e+02 2.305857403774508043e+02 1.308495368787703081e-03 1.306200292593142189e-03 7.110858072748784710e-03 3.035048310007920236e+02 3.136752712415657243e+02 2.948086503712115700e+02
1.318047748324221891e+00 2.778770686148075697e+02 1.935185212937073800e+02 8.905187598372238215e-04 8.889568096932044024e-04 6.746154428214384824e-03 2.547016555838952740e+02 2.632366906731245422e+02 2.474038167380685138e+02
1.474619621845363104e+00 2.300525534128192362e+02 1.602220813627699272e+02 5.890197864311331934e-04 5.879866594994027657e-04 3.043451824899521055e-03 2.108674225739252392e+02 2.179335146772726546e+02 2.048254026287073941e+02
1.653682935313038005e+00 1.895009488072290935e+02 1.319870327794792786e+02 3.858157406664352120e-04 3.851390305149205058e-04 2.489546120088762318e-03 1.736988625787143974e+02 1.795194413691337729e+02 1.687218285827169666e+02
1.855342191754161707e+00 1.558144917221190155e+02 1.085301797327473565e+02 2.520240367900342874e-04 2.515819943088876283e-04 1.224690936751123135e-03 1.428224178254072285e+02 1.476083262508022358e+02 1.387300537264654849e+02
2.081716805370989132e+00 1.279766310362890351e+02 8.914440260472696309e+01 1.644289484845658093e-04 1.641405459583638964e-04 1.399415867844923302e-03 1.173064382361039151e+02 1.212373198626169142e+02 1.139452087363754202e+02
2.335723968386377969e+00 1.050118117609399633e+02 7.315096417655288974e+01 1.071750406650058573e-04 1.069870599729975670e-04 5.667746344330911639e-04 9.625686450878487221e+01 9.948237977105179652e+01 9.349875291569594538e+01
2.620725369315187958e+00 8.609072147967810906e+01 5.997303564494962558e+01 6.979416102064437148e-05 6.967174528701331490e-05 3.225586476888511441e-04 7.891365935269834608e+01 8.155801194726863912e+01 7.665248786558970551e+01
2.940502227391042389e+00 7.051804832889465047e+01 4.912647693768268908e+01 4.541191473736926157e-05 4.533226471657998799e-05 3.924510883867033252e-04 6.463951890943062040e+01 6.680555327203036597e+01 6.278735887400088700e+01
3.299297764040295622e+00 5.771496214939932656e+01 4.020850593837094777e+01 2.952323141219232784e-05 2.947144953618563968e-05 1.216404853212068411e-04 5.290394567019804128e+01 5.467672662391780847e+01 5.138804565091771792e+01
3.701872977490356043e+00 4.719945853415012493e+01 3.288360690874212366e+01 1.917865153789975792e-05 1.914501362026448640e-05 9.462900093482627727e-05 4.326515993787820946e+01 4.471495062109591601e+01 4.202544756493740152e+01
4.153569796225935917e+00 3.857096280451660419e+01 2.687287214847014383e+01 1.244934786795522665e-05 1.242751282684181497e-05 1.186594983651901024e-04 3.535600629541550433e+01 3.654076581986851124e+01 3.434292268812974669e+01
4.660381962596744643e+00 3.149730158020112114e+01 2.194504543678690567e+01 8.075397184886368057e-06 8.061233804958984673e-06 7.604087363863045693e-05 2.887202790489005721e+01 2.983951295561715611e+01 2.804473407646739602e+01
5.229034566129550754e+00 2.570330816490326242e+01 1.790852746115774252e+01 5.234597802689098680e-06 5.225416994467344926e-06 7.457319211470964790e-06 2.356101251133191710e+01 2.435052840399777807e+01 2.288589770932082246e+01
5.867073281380215555e+00 2.096143239568631600e+01 1.460487493335587672e+01 3.390927592481944109e-06 3.384980437519624078e-06 2.251062785250209139e-05 1.921439228193601423e+01 1.985825546090206828e+01 1.866382558847283590e+01
6.582964494450578741e+00 1.708364396272308383e+01 1.190313122495068399e+01 2.195232851538636738e-06 2.191382833247576487e-06 1.939614599064558634e-05 1.565981749194528128e+01 1.618456892147091608e+01 1.521110313596631158e+01
7.386207646788143677e+00 1.391487527729539941e+01 9.695303600973465663e+00 1.420303289713772164e-06 1.417812410602513721e-06 7.914560478230954114e-06 1.275515320953228837e+01 1.318257101109898066e+01 1.238966845748617907e+01
8.287461287002576782e+00 1.132733350278708429e+01 7.892382150738779245e+00 9.183965144510885860e-07 9.167859118049884380e-07 4.825442120381583158e-07 1.038326253380793851e+01 1.073119964792275560e+01 1.008574147732926463e+01
9.298684503329990747e+00 9.215860549095078014e+00 6.421123796817049367e+00 5.935237960734836445e-07 5.924829668307320973e-07 1.583530700717106501e-06 8.447756157352714013e+00 8.730835574149498512e+00 8.205694956874260981e+00
1.043329561346793355e+01 7.494003459575854897e+00 5.221311085935680829e+00 3.833668406327422900e-07 3.826945845037204349e-07 4.563318872326415005e-06 6.869389717510243187e+00 7.099578989834535392e+00 6.672554980197031860e+00
1.170635021749874838e+01 6.090744391889018061e+00 4.243471270806884910e+00 2.474957879374961485e-07 2.470618161157543181e-07 1.985767267192832833e-07 5.583065887228654489e+00 5.770151191638516863e+00 5.423089218272166612e+00
1.313474097655539197e+01 4.947822693118112625e+00 3.447019741275378024e+00 1.597005670626120661e-07 1.594205614013680486e-07 1.615224462674764253e-06 4.535381196353124089e+00 4.687359193819857772e+00 4.405424835632327785e+00
1.473742176817134464e+01 4.017474050575568612e+00 2.798680776906080858e+00 1.030001567818227320e-07 1.028195823320408553e-07 -2.555775627426196326e-07 3.682552954000574363e+00 3.805953170641696026e+00 3.577033398407723386e+00
1.653565919271971651e+01 3.260583217739541517e+00 2.271204839389549868e+00 6.640024174481531378e-08 6.628384648250233635e-08 7.312346654273063624e-07 2.988726662902669418e+00 3.088877162498469886e+00 2.903087975428258805e+00
1.855331476827942794e+01 2.645135246083836211e+00 1.842286463985965295e+00 4.278663662493899044e-08 4.271164592476495724e-08 7.664016181003930184e-07 2.424555834390943243e+00 2.505801296256646715e+00 2.355082849111068466e+00
2.081716155848267746e+01 2.144953476067918086e+00 1.493687936688477658e+00 2.755874684355007739e-08 2.751045484146286055e-08 3.521286097094616682e-07 1.966045660419045715e+00 2.031926711860894130e+00 1.909710772178622618e+00
2.335723943480298459e+01 1.738647721410287339e+00 1.210505407260967337e+00 1.774307131208066847e-08 1.771198713139956519e-08 4.692047854910703582e-09 1.593588688948623266e+00 1.646988922963824376e+00 1.547926139039012217e+00
