2.668496083328282431e-05 7.298935579993194551e+04 7.298934158614138141e+04 9.731638212953280890e+04 9.731610828815041168e+04 7.699353250486680190e+04 -3.505746412284458984e+12 7.298935333313666342e+04 7.381259312569642498e+04
2.994101850726841419e-05 8.199659992159383546e+04 8.199657982043467928e+04 1.093248982903174474e+05 1.093245091123280436e+05 8.649457749635018990e+04 -3.128348529388784668e+12 8.199659643304909696e+04 8.292139361780692707e+04
3.359437530575177166e-05 8.915127794581334456e+04 8.915125043304663268e+04 1.188630305123148282e+05 1.188624957300714595e+05 9.404127281807021063e+04 -2.701747423117321289e+12 8.915127317098832282e+04 9.015671713704873400e+04
3.769350905379970302e-05 9.483440256405691616e+04 9.483436572075194272e+04 1.264387191218008666e+05 1.264380007141036185e+05 1.000355075199893909e+05 -2.282866019293424805e+12 9.483439616992228548e+04 9.590387104204144271e+04
4.229281276576139179e-05 9.934862089482894226e+04 9.934857230517288554e+04 1.324553971883051563e+05 1.324544473578274192e+05 1.047964964749944338e+05 -1.899647423647611084e+12 9.934861246212176047e+04 1.004689122450725990e+05
4.745331640752191552e-05 1.029343315198782075e+05 1.029342681425439368e+05 1.372334747743252956e+05 1.372322334048222692e+05 1.085777797089883388e+05 -1.563389497634486328e+12 1.029343205207778665e+05 1.040949458320961421e+05
5.324349672706971918e-05 1.057824866201966943e+05 1.057824046263460186e+05 1.410274019911075302e+05 1.410257934495709778e+05 1.115807243708534370e+05 -1.276190192943061035e+12 1.057824723902105179e+05 1.069750713305889512e+05
5.974018589933838372e-05 1.080447607869064523e+05 1.080446553563241177e+05 1.440392192839751369e+05 1.440371483983976650e+05 1.139652481760994560e+05 -1.035377344987147339e+12 1.080447424894888100e+05 1.092626658737710095e+05
6.702959104248769589e-05 1.098416284584930545e+05 1.098414935229244002e+05 1.464293171181528305e+05 1.464266641179296130e+05 1.158583358365062595e+05 -8.360908914208666992e+11 1.098416050405018032e+05 1.110795523073661316e+05
7.520843813398472909e-05 1.112687793071387132e+05 1.112686072271133453e+05 1.483249769536594395e+05 1.483215911046409165e+05 1.173608011308449495e+05 -6.727431078684378662e+11 1.112687494427481142e+05 1.125224863807606162e+05
8.438525550555836053e-05 1.124022144122600730e+05 1.124019955702628358e+05 1.498271499444076908e+05 1.498228415432674228e+05 1.185526559853270737e+05 -5.398056947149436035e+11 1.124021764323558455e+05 1.136683096983094583e+05
9.468181394822278380e-05 1.133022932539402245e+05 1.133020155423979450e+05 1.510158325508319249e+05 1.510103628561287187e+05 1.194973710558767343e+05 -4.321997407087681885e+11 1.133022450572599046e+05 1.145780414720303233e+05
1.062347425366909608e-04 1.140169483790823724e+05 1.140165965555408475e+05 1.519543271266319789e+05 1.519473956989792350e+05 1.202452561175213923e+05 -3.454570612970437012e+11 1.140168873203067196e+05 1.153001283275669994e+05
1.191973416141851996e-04 1.145842377875974635e+05 1.145837926631296286e+05 1.526926128645532008e+05 1.526838416507455986e+05 1.208361390749911225e+05 -2.757547023204203491e+11 1.145841605364990828e+05 1.158730240699771384e+05
1.337416169948511173e-04 1.150343716997706215e+05 1.150338091173296561e+05 1.532700076216169109e+05 1.532589209567189100e+05 1.213014870486095460e+05 -2.198832595789254761e+11 1.150342740639077383e+05 1.163272375378617726e+05
1.500605623764079846e-04 1.153913214317259262e+05 1.153906109799061087e+05 1.537172621493036859e+05 1.537032616382931010e+05 1.216660822871126875e+05 -1.751844315351429749e+11 1.153911981332163850e+05 1.166869573952466453e+05
1.683707202492605852e-04 1.156740959433453099e+05 1.156731993372024735e+05 1.540581981674495328e+05 1.540405311539142276e+05 1.219493420564785338e+05 -1.394778917620085449e+11 1.156739403378588322e+05 1.169713402746685751e+05
1.889150552837839015e-04 1.158977540614881436e+05 1.158966231046926841e+05 1.543109776477880660e+05 1.542886976683302491e+05 1.221663528511537297e+05 -1.109883592210919495e+11 1.158975577845790976e+05 1.171955308965518489e+05
2.119661783238810620e-04 1.160742065983551875e+05 1.160727806173634599e+05 1.544890715067647106e+05 1.544609887288997415e+05 1.223286743884407624e+05 -8.827830346208251953e+10 1.160739591201645526e+05 1.173714688158108474e+05
2.378299637672552950e-04 1.162128504650731193e+05 1.162110530793708022e+05 1.546019787205623579e+05 1.545665979193827952e+05 1.224449556381520379e+05 -7.018858121438650513e+10 1.162125385298060573e+05 1.175085241464338033e+05
2.668496083328275722e-04 1.163210693425908394e+05 1.163188044008522702e+05 1.546557356622404186e+05 1.546111787089213030e+05 1.225213966616360412e+05 -5.578755447342891693e+10 1.163206762632394093e+05 1.176139969389270555e+05
2.994101850726834236e-04 1.164046268658381450e+05 1.164017733286693838e+05 1.546532425066718424e+05 1.545971517038524617e+05 1.225620803255411010e+05 -4.432832096296759033e+10 1.164041316360843484e+05 1.176935061170213157e+05
3.359437530575174998e-04 1.164679736868710897e+05 1.164643791873434675e+05 1.545944257306474901e+05 1.545238435538574995e+05 1.225691923357117630e+05 -3.521325694930818176e+10 1.164673498635210271e+05 1.177512891631439270e+05
3.769350905379961086e-04 1.165144847027206997e+05 1.165099574450558139e+05 1.544762469440982095e+05 1.543874669317193038e+05 1.225431417729884270e+05 -2.796491612541717148e+10 1.165136989997260680e+05 1.177904285145919712e+05
4.229281276576128202e-04 1.165466390976612311e+05 1.165409376572219917e+05 1.542925612485918100e+05 1.541809438567180769e+05 1.224825894034077064e+05 -2.220232290631860733e+10 1.165456496159134695e+05 1.178130168531054514e+05
4.745331640752180574e-04 1.165661528499285487e+05 1.165589733445742313e+05 1.540338217993459257e+05 1.538935682585376198e+05 1.223843866563375632e+05 -1.762176873346361542e+10 1.165649068508548371e+05 1.178202703289513447e+05
5.324349672706962973e-04 1.165740708954293659e+05 1.165650308452376485e+05 1.536866216923638713e+05 1.535104982295439113e+05 1.222434242534101941e+05 -1.398132285169473267e+10 1.165725019998565840e+05 1.178125961601308227e+05
5.974018589933833764e-04 1.165708240413433814e+05 1.165594420632851688e+05 1.532330594406191085e+05 1.530120640849447227e+05 1.220523859011374880e+05 -1.108838041769411850e+10 1.165688487055204314e+05 1.177896188257595059e+05
6.702959104248752513e-04 1.165562537839927390e+05 1.165419240639911150e+05 1.526499106996140617e+05 1.523728758057335799e+05 1.218013992284454289e+05 -8.789678021718378067e+09 1.165537668692308798e+05 1.177501670528024260e+05
7.520843813398455291e-04 1.165296070785019838e+05 1.165115672750935191e+05 1.519075887339542387e+05 1.515607149461549707e+05 1.214775742492728023e+05 -6.963303752601923943e+09 1.165264762808735250e+05 1.176922226964840083e+05
8.438525550555823042e-04 1.164895010238448886e+05 1.164667919382745022e+05 1.509688784888428927e+05 1.505352015821197419e+05 1.210644177134743077e+05 -5.512313371734943390e+09 1.164855598749510391e+05 1.176128306956259621e+05
9.468181394822264285e-04 1.164338569345703872e+05 1.164052718370648072e+05 1.497874407560562540e+05 1.492462433975599415e+05 1.205411133642405621e+05 -4.359636074927321434e+09 1.164288960071448819e+05 1.175079692442478699e+05
1.062347425366908958e-03 1.163598017674838629e+05 1.163238228111935459e+05 1.483061044911364734e+05 1.476323037359364971e+05 1.198816620710129646e+05 -3.444013303489520550e+09 1.163535576400686405e+05 1.173723787450138771e+05
1.191973416141849096e-03 1.162635341634029755e+05 1.162182525674076896e+05 1.464550071613743785e+05 1.456185790175814182e+05 1.190538861686125892e+05 -2.716763639637404919e+09 1.162556755681541981e+05 1.171993490608537832e+05
1.337416169948509167e-03 1.161401519091639639e+05 1.160831679776213714e+05 1.441497128700457688e+05 1.431152644561673806e+05 1.180183219415333588e+05 -2.139207365277678967e+09 1.161302623802320595e+05 1.169804670159511297e+05
1.500605623764077624e-03 1.159834376482889202e+05 1.159117355678922031e+05 1.412895530724343553e+05 1.400162268910403072e+05 1.167270582744710264e+05 -1.680617208326758385e+09 1.159709937929885637e+05 1.167053306999724446e+05
1.683707202492603196e-03 1.157855285092187987e+05 1.156953019731160457e+05 1.377564839185990568e+05 1.361987218580218032e+05 1.151226497678069281e+05 -1.316588598800704479e+09 1.157698697451591725e+05 1.163611741317084088e+05
1.889150552837834353e-03 1.155366210855462559e+05 1.154230622774448420e+05 1.334154238823475607e+05 1.315248007427437988e+05 1.131372988974123728e+05 -1.027743735848474026e+09 1.155169130189423886e+05 1.159325805914341618e+05
2.119661783238805525e-03 1.152250446966313611e+05 1.150821854977383773e+05 1.281176803436282935e+05 1.258450573675714986e+05 1.106924988957131864e+05 -7.987003008045321703e+08 1.152002515638587211e+05 1.154016508830821695e+05
2.378299637672549264e-03 1.148363294229011226e+05 1.146566843299238390e+05 1.217065778140744078e+05 1.190086488073061919e+05 1.077000119745343982e+05 -6.172539289714972973e+08 1.148051521191177162e+05 1.147473389146972331e+05
2.668496083328272036e-03 1.143530676733174914e+05 1.141272605851046537e+05 1.140305470273417013e+05 1.108792336633824889e+05 1.040645796054832463e+05 -4.737266384793151021e+08 1.143138789814975316e+05 1.139458131187030231e+05
2.994101850726832176e-03 1.137546036327354232e+05 1.134709078441801976e+05 1.049645188913530146e+05 1.013608960526447190e+05 9.968958065623497532e+04 -3.604487238522368670e+08 1.137053683898725722e+05 1.129709951142471546e+05
3.359437530575166541e-03 1.130168474741813261e+05 1.126606222065010807e+05 9.444283943352836650e+04 9.043605148586850555e+04 9.448692091297754087e+04 -2.713457776748238206e+08 1.129550247814390605e+05 1.117956816037962562e+05
3.769350905379955340e-03 1.121123239446021325e+05 1.116653289908860315e+05 8.250570380064494384e+04 7.821583602045182488e+04 8.839256412486187764e+04 -2.016083622955634892e+08 1.120347482244380662e+05 1.103934360985309177e+05
4.229281276576121913e-03 1.110106014645324613e+05 1.104501711161095882e+05 6.935818613051886496e+04 6.499890158907070145e+04 8.138874391069386911e+04 -1.474261698594440818e+08 1.109133390960889956e+05 1.087413566356065421e+05
4.745331640752172009e-03 1.096792767092796857e+05 1.089773347834678279e+05 5.543432143521131366e+04 5.132564442191573471e+04 7.353255353748820198e+04 -1.057720386700610369e+08 1.095574550870096864e+05 1.068235941240903048e+05
5.324349672706955167e-03 1.080856825153927348e+05 1.072075834594524786e+05 4.144672289635259949e+04 3.800091196395983570e+04 6.498759721388016624e+04 -7.422430123751007020e+07 1.079332889233093301e+05 1.046350282818873820e+05
5.974018589933819019e-03 1.061993896562276932e+05 1.051025519310283562e+05 2.838485688191528970e+04 2.604184425163626292e+04 5.605007550864043878e+04 -5.081907764415921271e+07 1.060090340924163465e+05 1.021837606207373174e+05
6.702959104248742105e-03 1.039955119687860424e+05 1.026279748191329854e+05 1.740778828637968400e+04 1.649961548343271352e+04 4.715333534601379506e+04 -3.392778268326533586e+07 1.037581766737150610e+05 9.949044185840403952e+04
7.520843813398444232e-03 1.014580833366714505e+05 9.975683356075298798e+04 9.576609129937780381e+03 1.012903238290123954e+04 3.882822118858956674e+04 -2.215948264393006638e+07 1.011628324049805087e+05 9.658175912810531736e+04
8.438525550555802876e-03 9.858281756935035810e+04 9.647208991839802184e+04 5.422653563409887283e+03 6.971858844969648089e+03 3.159839362182197874e+04 -1.429266445103433728e+07 9.821650198517749959e+04 9.347755160898104077e+04
9.468181394822250407e-03 9.537779664653642976e+04 9.276745743457501521e+04 4.485960116889412348e+03 6.088284833455046282e+03 2.581285949022847126e+04 -9.244186026648852974e+06 9.492477375990888686e+04 9.017526827443655930e+04
1.062347425366906399e-02 9.186094896317517851e+04 8.864522182042909844e+04 5.172359335343800922e+03 5.815213014827782899e+03 2.147309902331966805e+04 -6.080745816904759966e+06 9.130286134523732471e+04 8.664284305338078411e+04
1.191973416141847188e-02 8.805452815605816431e+04 8.411148200797905156e+04 5.382634431690614292e+03 4.759411678649094938e+03 1.818242463691929152e+04 -4.064793407788841054e+06 8.737021473812266777e+04 8.283429269378460594e+04
1.337416169948504700e-02 8.397905186052805220e+04 7.917155037297641684e+04 3.956507627937541201e+03 2.953016974484515686e+03 1.535149419607106211e+04 -2.702318571855605580e+06 8.314471270974761865e+04 7.872859882161801215e+04
1.500605623763746031e-02 7.965090071874055138e+04 7.383000046131250565e+04 1.820029494879627237e+03 1.704041498402457592e+03 1.261571079253027710e+04 -1.740419922759657493e+06 7.864068678742180055e+04 7.435859283157075697e+04
1.683707202450324819e-02 7.508580457125593966e+04 6.809805835236152052e+04 9.338631331472296324e+02 1.589301919538578204e+03 1.008965703095371646e+04 -1.082513782839085208e+06 7.387308518651148188e+04 6.978176258175534895e+04
1.889150549804584356e-02 7.030477414494151890e+04 6.200517156346380943e+04 1.361165888999366416e+03 1.417735523566339680e+03 8.057491927503471743e+03 -6.653938240375599125e+05 6.886438283407538256e+04 6.501548805356080993e+04
2.119661655428026550e-02 6.533694235478181508e+04 5.560952422694464622e+04 1.148058966390350406e+03 7.423007110269870736e+02 6.452010452441725647e+03 -4.040239687535026460e+05 6.364875446735604783e+04 6.005159674053009803e+04
2.378296312803732798e-02 6.022092641020849987e+04 4.900898312229091971e+04 4.022446952136521645e+02 6.259431926225861389e+02 5.031572537103283139e+03 -2.320382596797525184e+05 5.827510002499321126e+04 5.494242702503991313e+04
2.668440073285343467e-02 5.501125775860875729e+04 4.235798954197130661e+04 5.150521110375713079e+02 4.846436375141680628e+02 3.847769786290316006e+03 -1.241050193435021210e+05 5.281529025120334700e+04 4.977395809678915248e+04
2.993463224196014905e-02 4.979083818215061183e+04 3.588884165889432916e+04 3.158008093567497099e+02 2.817500977951351047e+02 2.927133976896932381e+03 -6.007219882789732219e+04 4.737815458685680642e+04 4.462917447969863861e+04
3.354334980899020130e-02 4.470193899021798279e+04 2.994241514804134567e+04 2.169711382310759973e+02 2.409970965879773530e+02 2.203873124130837368e+03 -2.273459267803993498e+04 4.214043201610844699e+04 3.968152921622783470e+04
3.740537050449415507e-02 4.001847520975687803e+04 2.499388311520188290e+04 1.583397123204984780e+02 1.553484618338301004e+02 1.370857143740773836e+03 4.430425906923212096e+03 3.741096579110086168e+04 3.520835061651291471e+04
4.117383355133812789e-02 3.614292142351843358e+04 2.148224632620981720e+04 1.157283785572320625e+02 1.125392412313321842e+02 7.238445913596310675e+02 1.866517056445814887e+04 3.359856959289922088e+04 3.160364901698061658e+04
4.446190756244939452e-02 3.326607996983897465e+04 1.935872459313790023e+04 1.079255475297600384e+02 9.060797373301679158e+01 5.415751296489646620e+02 2.096948522059167226e+04 3.085246634857556637e+04 2.901661746696642149e+04
4.721177866848661614e-02 3.118233078210222811e+04 1.815328656668834810e+04 4.829663750155016544e+01 8.640702003582180168e+01 5.270833430188541797e+02 2.031620304728415431e+04 2.892114756368464077e+04 2.719993854027579437e+04
4.955257025509695462e-02 2.961438651889180983e+04 1.746475208869689232e+04 6.498687850830431501e+01 6.487414069817806705e+01 4.977619385352012955e+02 2.004121606851417891e+04 2.750582436887898075e+04 2.586885871476180546e+04
5.160665981327514085e-02 2.837747586226414933e+04 1.706726208069121276e+04 5.764254733989302792e+01 5.754231857583251042e+01 4.292406664114149066e+02 2.033239048030744743e+04 2.641459468872783327e+04 2.484090033558626601e+04
5.345727151098956381e-02 2.736223344432821250e+04 1.683980399170695819e+04 5.202397701666372143e+01 5.193328723662504842e+01 3.526879430271303022e+02 2.070647845332365978e+04 2.553607179333757449e+04 2.401265034498162640e+04
5.515889878892273057e-02 2.650276464450930871e+04 1.671446979926882705e+04 4.754593768447989532e+01 4.746284573552731700e+01 2.968099366264770538e+02 2.083672526957796799e+04 2.480401163737798925e+04 2.332273620499289245e+04
5.674807971140097967e-02 2.575726659936935175e+04 1.665051226109958225e+04 4.386211282455121818e+01 4.378527757058517977e+01 2.695756411004521169e+02 2.067872501822372578e+04 2.417679455986349058e+04 2.273228303734521614e+04
5.825019458284988461e-02 2.509788244038565244e+04 1.662204721291077658e+04 4.075342485465287012e+01 4.068187821012111982e+01 2.623032534167674044e+02 2.035433642524906827e+04 2.362690605397003674e+04 2.221515218009260207e+04
5.968349179324480835e-02 2.450522131021515088e+04 1.661178749199387676e+04 3.807462749184311690e+01 3.800764590756027417e+01 2.607139398887271682e+02 2.001209770257672790e+04 2.313532035736272883e+04 2.175300881175394534e+04
6.106150121664851577e-02 2.396528509603625935e+04 1.660774998647569009e+04 3.572637383505973219e+01 3.566340099091711124e+01 2.539702338303868601e+02 1.974420276455226485e+04 2.268838905948933825e+04 2.133268140110593595e+04
6.239452558862359360e-02 2.346765316514045116e+04 1.660136572570801218e+04 3.363904862250404193e+01 3.357964657883707815e+01 2.384783024040237649e+02 1.956758251845422637e+04 2.227601288253949679e+04 2.094456279273791733e+04
6.369059345407634964e-02 2.300436994165399665e+04 1.658638742237593397e+04 3.176263703216970669e+01 3.170645399972864098e+01 2.169924763411633535e+02 1.944634898485030863e+04 2.189053272314794231e+04 2.058153962353829775e+04
6.495608782575025553e-02 2.256923115014471841e+04 1.655819257853941963e+04 3.006010228349383340e+01 3.000685065403622787e+01 1.952176524267300124e+02 1.932790665155146780e+04 2.152601882246723108e+04 2.023821721805923153e+04
6.619617315320426576e-02 2.215731752485632387e+04 1.651335939830616189e+04 2.850308058756158047e+01 2.845252149846863077e+01 1.782158767403589081e+02 1.917247195783440475e+04 2.117781179978488944e+04 1.991037502305115777e+04
6.741509297064909867e-02 2.176467117538988896e+04 1.644937290582642891e+04 2.706915956058282191e+01 2.702109181269277016e+01 1.681609705045822238e+02 1.896673417397717276e+04 2.084220418170188350e+04 1.959459649353610075e+04
6.861638227346776586e-02 2.138807383158418816e+04 1.636442952326604427e+04 2.574025430802910108e+01 2.569450623145493395e+01 1.639597076255379591e+02 1.872189412197907950e+04 2.051622321710631149e+04 1.928805291988035606e+04
6.980302222613375684e-02 2.102488430446124403e+04 1.625730012895746222e+04 2.450165896408982746e+01 2.445808233650645747e+01 1.623859405588836751e+02 1.846201467462045184e+04 2.019747278049935630e+04 1.898839043574468087e+04
7.097755496780576434e-02 2.067292241672942328e+04 1.612723581069230568e+04 2.334146457813508846e+01 2.329992998530790871e+01 1.598904821078243970e+02 1.821025405044351646e+04 1.988402108983111248e+04 1.869368140252146259e+04
7.214217023401435502e-02 2.033038082761727856e+04 1.597388962101374818e+04 2.225011494123140210e+01 2.221050818660081916e+01 1.541928183753994119e+02 1.797904153637011041e+04 1.957431425475986180e+04 1.840239325568414642e+04
7.329877169778285795e-02 1.999575995997342761e+04 1.579727084223705060e+04 2.121999495285231419e+01 2.118221422383266273e+01 1.450435998921703060e+02 1.776709256500021729e+04 1.926711455983708584e+04 1.811335453668571427e+04
7.444902846952258790e-02 1.966781766383759532e+04 1.559769898843422197e+04 2.024500880433605232e+01 2.020896241849198915e+01 1.339924776946572251e+02 1.756282521517865462e+04 1.896145088100772045e+04 1.782570103346692122e+04
7.559441556888982228e-02 1.934553047077532028e+04 1.537577387297299902e+04 1.932018039148768196e+01 1.928578498512408146e+01 1.234206187353273947e+02 1.735139698600590054e+04 1.865658146947146815e+04 1.753881038521570008e+04
7.673624608713627837e-02 1.902806284016231439e+04 1.513234974184711245e+04 1.844131857803152030e+01 1.840849764507630937e+01 1.153517255089627582e+02 1.712177090280228003e+04 1.835196404611120670e+04 1.725223655374722512e+04
7.787569700812220497e-02 1.871474300308039165e+04 1.486851210252052624e+04 1.760478518359911249e+01 1.757346789519059982e+01 1.105740480786538598e+02 1.687091305587520401e+04 1.804723181632609703e+04 1.696565961331891958e+04
7.901383013315552151e-02 1.840504152940188214e+04 1.458555552175749290e+04 1.680737245600958119e+01 1.677749270784006441e+01 1.084105362038749547e+02 1.660388815432691263e+04 1.774217190361237954e+04 1.667885819354594787e+04
8.015160918465291662e-02 1.809855549228247401e+04 1.428496677326642202e+04 1.604627127374786610e+01 1.601776691104124950e+01 1.071684102062783381e+02 1.633046987014694423e+04 1.743670933758264437e+04 1.639170853020679715e+04
8.128991389789011479e-02 1.779499386392590532e+04 1.396840992902450489e+04 1.531908249636852837e+01 1.529189467915212042e+01 1.050035199705395144e+02 1.606023283780738166e+04 1.713089239689511669e+04 1.610419786950801608e+04
8.242955171684282489e-02 1.749416407196808723e+04 1.363769835092009089e+04 1.462382012082281868e+01 1.459789281052107057e+01 1.007805266688210679e+02 1.579843884834872733e+04 1.682487663793511820e+04 1.581643654076702660e+04
8.357126756783830879e-02 1.719596300683691152e+04 1.329478934228333492e+04 1.395888462755824833e+01 1.393416415484410820e+01 9.454047538511410664e+01 1.554441845460778131e+04 1.651891653461868918e+04 1.552866485490336891e+04
8.471575207880989444e-02 1.690036597814485140e+04 1.294175739011667793e+04 1.332298391120366787e+01 1.329941862664712637e+01 8.738736758305321928e+01 1.529285635676566744e+04 1.621335170760123401e+04 1.524123664073686086e+04
8.586364853224613680e-02 1.660741925770248781e+04 1.258077842302473800e+04 1.271503059169891259e+01 1.269257057955067580e+01 8.088022993137239780e+01 1.503708681284915838e+04 1.590859802941954331e+04 1.495459178497418907e+04
8.701555877937583450e-02 1.631723147017552765e+04 1.221410981012927914e+04 1.213404062427027164e+01 1.211263747574229654e+01 7.624277299359745541e+01 1.477267868147185982e+04 1.560513703811840242e+04 1.466922140846870025e+04
8.817204829670195754e-02 1.602996620599271955e+04 1.184406983346309062e+04 1.157906656698670567e+01 1.155867320612610705e+01 7.377724342288594528e+01 1.449961893287278508e+04 1.530350626962981369e+04 1.438564029824293357e+04
8.933365053009192924e-02 1.574583508416398217e+04 1.147301701452382622e+04 1.104917933200609603e+01 1.102974988690042224e+01 7.276022706554724095e+01 1.422218606094621464e+04 1.500428993667022223e+04 1.410437481536723863e+04
9.050087064364190081e-02 1.546508945040958315e+04 1.110332642942231723e+04 1.054349013035054661e+01 1.052497984456908142e+01 7.185668938727846466e+01 1.394676023552648076e+04 1.470810795716215034e+04 1.382596557023760033e+04
9.167418876854574461e-02 1.518801371447533347e+04 1.073736643202918458e+04 1.006119021987988837e+01 1.004355539449551493e+01 6.982953622560386009e+01 1.367879829624598460e+04 1.441560640816983141e+04 1.355098077010090128e+04
9.285406282980541992e-02 1.491491745596535475e+04 1.037747400122009640e+04 9.601576859085350080e+00 9.584774819775399024e+00 6.617550839509408434e+01 1.342052610712616297e+04 1.412744672328868182e+04 1.328002610648430345e+04
9.404093101476597438e-02 1.464612978520062643e+04 1.002593470545076707e+04 9.164047864134653665e+00 9.148036944567703443e+00 6.135795247007614961e+01 1.317046208452171049e+04 1.384429755503699016e+04 1.301374448602183293e+04
9.523521393635606125e-02 1.438198891337442183e+04 9.684945346974969652e+03 8.748056020957100998e+00 8.732795572040723542e+00 5.651923463661578495e+01 1.292488560525048160e+04 1.356681967203023851e+04 1.275279283527554435e+04
9.643731653496202816e-02 1.412283846322427598e+04 9.356604619276269659e+03 8.353055248808654909e+00 8.338505652349114783e+00 5.283284135617251565e+01 1.268037689867232075e+04 1.329566128853641749e+04 1.249781733907833950e+04
9.764762975560309366e-02 1.386901867198161381e+04 9.042876834802267695e+03 7.978448682545698389e+00 7.964571387633366584e+00 5.085184764428916537e+01 1.243600093370679679e+04 1.303144449911767151e+04 1.224942016015164518e+04
9.886653203115823574e-02 1.362085918172735728e+04 8.745569343728564490e+03 7.623571378873871041e+00 7.610328949850166502e+00 5.021590548150263800e+01 1.219398155220620902e+04 1.277475540125488260e+04 1.200814087661065605e+04
1.000943905975442139e-01 1.337867372581900054e+04 8.466314242518910760e+03 7.287709687453107321e+00 7.275065858692657983e+00 4.988178269973257528e+01 1.195856667973237745e+04 1.252613652947333503e+04 1.177445656999440325e+04
1.013315626627531024e-01 1.314274961982895547e+04 8.206533444215696363e+03 6.970136392933016012e+00 6.958056137457020895e+00 4.874496770693380654e+01 1.173379345217287300e+04 1.228607210809149001e+04 1.154878750670929549e+04
1.025783964483517607e-01 1.291334502127845917e+04 7.967427815881291281e+03 6.670148534183538480e+00 6.658598127084932372e+00 4.628960619928504627e+01 1.152148294246547994e+04 1.205498390133565954e+04 1.133151372202858875e+04
1.038352321193050931e-01 1.269068076745801591e+04 7.749953230522797639e+03 6.387074501187167463e+00 6.376021585280855497e+00 4.287977834301808144e+01 1.132059599870494822e+04 1.183322031152719683e+04 1.112297400577540066e+04
1.051024026156935215e-01 1.247493581835670921e+04 7.554806604727852573e+03 6.120252856628498606e+00 6.109666503036479845e+00 3.951332490535909159e+01 1.112827694295275069e+04 1.162105018972847756e+04 1.092345239845291690e+04
1.063802343979800002e-01 1.226624006517919952e+04 7.382399818707703162e+03 5.868990707669093254e+00 5.858841479023775278e+00 3.718541116045147987e+01 1.094188074667934052e+04 1.141865236617598748e+04 1.073314833815247584e+04
1.076690481158691509e-01 1.206467300405317292e+04 7.232863609954139065e+03 5.632535640392034360e+00 5.622795642405928440e+00 3.625798782965414802e+01 1.076071556282433630e+04 1.122611522990702360e+04 1.055215637982114094e+04
1.089691592094433614e-01 1.187025874155913516e+04 7.106033102145715020e+03 5.410070172494671148e+00 5.400713104559614841e+00 3.623822596442038702e+01 1.058641308157432468e+04 1.104343008962687600e+04 1.038045290693095376e+04
1.102808784501107947e-01 1.168296129007782292e+04 7.001434568939014753e+03 5.200736250869661959e+00 5.191737454272835173e+00 3.611530026868826582e+01 1.042174308907926934e+04 1.087048498840949287e+04 1.021790085786779127e+04
1.116045124279218537e-01 1.150268684008682794e+04 6.918307853525091559e+03 5.003680299558678435e+00 4.995016785893815481e+00 3.503994027424749902e+01 1.026869664012162502e+04 1.070707047253961173e+04 1.006427653416912653e+04
1.129403639909827284e-01 1.132927783326718236e+04 6.855587194847219507e+03 4.818078347668699912e+00 4.809728826376464816e+00 3.289292507437208712e+01 1.012709970755923496e+04 1.055287136562931300e+04 9.919279824078739694e+03
1.142887326419825128e-01 1.116251602308110341e+04 6.811924865788641000e+03 4.643141544418668332e+00 4.635086429993308776e+00 3.034977231495203753e+01 9.994690124733810080e+03 1.040747340042828000e+04 9.782542556713096928e+03
1.156499148962443907e-01 1.100212142318221231e+04 6.785698186736347452e+03 4.478091849931354673e+00 4.470313258970517900e+00 2.838836335822394474e+01 9.868543690800697732e+03 1.027036356693684138e+04 9.653613378762482171e+03
1.170242046051899604e-01 1.084775628560036239e+04 6.775035307789806211e+03 4.322135499833433592e+00 4.314617232187368145e+00 2.758113446167781646e+01 9.746832503816243843e+03 1.014093787466675712e+04 9.531942742188923148e+03
1.184118932486589865e-01 1.069902676005706053e+04 6.777835751176189660e+03 4.174452593334174288e+00 4.167180102938651487e+00 2.768246582911668341e+01 9.629657831697883012e+03 1.001850628910786327e+04 9.416874468232341314e+03
1.198132701991398985e-01 1.055548748008785151e+04 6.791798347335506151e+03 4.034216515494283506e+00 4.027176869130252967e+00 2.782198867388090235e+01 9.518394241898240580e+03 9.902301370223236518e+03 9.307659868689272116e+03
1.212286229606345384e-01 1.041664676718973715e+04 6.814458285095304745e+03 3.900631941601337527e+00 3.893813763125554495e+00 2.716882667618668989e+01 9.414074578244186341e+03 9.791489003456541468e+03 9.203488729707869425e+03
1.226582373845937490e-01 1.028197321516445845e+04 6.843223817215020972e+03 3.772966414358118303e+00 3.766359814995861921e+00 2.556553782678127007e+01 9.316057022725948627e+03 9.685180211592640262e+03 9.103520443625304324e+03
1.241023978651096121e-01 1.015090327359851290e+04 6.875420654049014047e+03 3.650556873708698191e+00 3.644153367164350232e+00 2.363550832123981138e+01 9.221990945242792804e+03 9.582445126623950273e+03 9.006900625634265452e+03
1.255613875153382131e-01 1.002284960898935606e+04 6.908336396084292574e+03 3.532790503575687246e+00 3.526582908508674397e+00 2.226870800430604191e+01 9.129080164547198365e+03 9.482327611049611733e+03 8.912758715275696886e+03
1.270354883269363966e-01 9.897211264843730532e+03 6.939271050757386547e+03 3.419080774834655223e+00 3.413063105733233460e+00 2.189170772882355820e+01 9.035621691665954131e+03 9.383862421859384995e+03 8.820201074129301560e+03
1.285249813141373099e-01 9.773384386616939082e+03 6.965589797212294798e+03 3.308861760025211041e+00 3.303029108689070181e+00 2.212121706517371322e+01 8.941585579354768925e+03 9.286093231459566596e+03 8.728316900645137139e+03
1.300301466439474918e-01 9.650772589926138608e+03 6.984771989073176883e+03 3.201608150374507300e+00 3.195956561053995060e+00 2.209953063687152053e+01 8.847800657255962506e+03 9.188089700892096516e+03 8.636204759336198549e+03
1.315512637538269192e-01 9.528799732956113075e+03 6.994469224143332212e+03 3.096868581892206596e+00 3.091394917626842265e+00 2.123641430204670399e+01 8.754484434063944718e+03 9.088968113559836638e+03 8.543015363386606623e+03
1.330886114581079360e-01 9.406920692218714976e+03 6.992552031424727829e+03 2.994284139900629249e+00 2.988985944527787098e+00 1.971665505339793611e+01 8.660397274750008364e+03 8.987908383364769179e+03 8.447983659961944795e+03
1.346424680443176203e-01 9.284634340410837467e+03 6.977164122503493672e+03 2.893580860285879020e+00 2.888456214804608013e+00 1.831757919614099706e+01 8.563357032669502587e+03 8.884174195563233297e+03 8.350442113660179530e+03
1.362131113604885257e-01 9.161493645605718484e+03 6.946763004479676056e+03 2.794542529996820956e+00 2.789589909821502900e+00 1.769015482793552252e+01 8.461629643810725611e+03 8.777128401599187782e+03 8.249812521073525204e+03
1.378008188944743750e-01 9.037117403370630200e+03 6.900164945260735294e+03 2.696991438979623013e+00 2.692209572574033594e+00 1.775905408646245576e+01 8.354937421901744528e+03 8.666250518820663274e+03 8.145603441284057226e+03
1.394058678462281597e-01 8.911198949753805209e+03 6.836576702238075995e+03 2.600792219366195646e+00 2.596179953268807239e+00 1.780856168940274742e+01 8.244179952044958554e+03 8.551149437826552457e+03 8.037424730647268007e+03
1.410285351939489229e-01 8.783514590357011912e+03 6.755623804405072406e+03 2.505874306278095709e+00 2.501430476972231087e+00 1.718285714536881414e+01 8.130182640288882794e+03 8.431575297023933672e+03 7.925020771244031494e+03
1.426690977549589789e-01 8.653928983226223863e+03 6.657364394219425776e+03 2.412247342754307411e+00 2.407970658357593940e+00 1.592505264423282796e+01 8.012703139232927242e+03 8.307426333568466362e+03 7.808297170309666399e+03
1.443278322421364390e-01 8.522399946593521236e+03 6.542300671515867180e+03 2.319992132215161096e+00 2.315881063832615272e+00 1.471692591985842746e+01 7.890663858299333697e+03 8.178754842809964430e+03 7.687324581076351024e+03
1.460050153166946862e-01 8.388979975200025365e+03 6.411371375925562461e+03 2.229230588447716599e+00 2.225283276071291727e+00 1.417086630984827167e+01 7.763341870868713158e+03 8.045767126786517110e+03 7.562316324582840934e+03
1.477009236380725232e-01 8.253816252230541068e+03 6.265939855464219363e+03 2.140100896458303037e+00 2.136315070482313061e+00 1.419872872438666533e+01 7.631287138148366466e+03 7.908821433398111367e+03 7.433606421728036366e+03
1.494158339116764822e-01 8.117147485158170639e+03 6.107765756948370836e+03 2.052755552967596486e+00 2.049128474262976507e+00 1.412446234523932986e+01 7.496027914021976358e+03 7.768420428276462189e+03 7.301645956745284820e+03
1.511500229351934177e-01 7.979298765053812531e+03 5.938967427063778814e+03 1.967376470634668584e+00 1.963904888901857548e+00 1.342738974745748060e+01 7.358908892138529154e+03 7.625200420985217534e+03 7.167016426637554105e+03
1.529037676441785676e-01 7.840673647927556885e+03 5.761971792867791919e+03 1.884181621779447591e+00 1.880861752264504139e+00 1.230837293267219579e+01 7.220321724342395100e+03 7.479916122429716779e+03 7.030433417756181370e+03
1.546773451576057279e-01 7.701744173300389775e+03 5.579454389176135919e+03 1.803407383259949315e+00 1.800234901699920176e+00 1.144550689345948946e+01 7.080136006127561814e+03 7.333421987486975922e+03 6.892721449892767851e+03
1.564710328240555004e-01 7.563038552570450520e+03 5.394269885797941242e+03 1.725277532671991576e+00 1.722247589079090480e+00 1.121034108773762483e+01 6.938787871990759413e+03 7.186649983090097521e+03 6.754768276068577507e+03
1.582851082692077471e-01 7.425126592330571839e+03 5.209374136424494282e+03 1.649984951505759856e+00 1.647092203014737466e+00 1.124800518219106493e+01 6.797747469074784021e+03 7.040584012949721910e+03 6.617487449335741076e+03
1.601198494452930887e-01 7.288603430684021077e+03 5.027740093980088204e+03 1.577697405439816514e+00 1.574936066894154996e+00 1.091953510639617519e+01 6.658822813943937945e+03 6.896231883579854184e+03 6.481805901381445437e+03
1.619755346831524279e-01 7.154071528401122123e+03 4.852269915641601983e+03 1.508570654661913313e+00 1.505934564509632700e+00 1.008119148963242750e+01 6.523129107762009880e+03 6.754595166755124410e+03 6.348660339287641364e+03
1.638524427475470668e-01 7.022121575339174342e+03 4.685704961253537476e+03 1.442744356046291587e+00 1.440227055041110704e+00 9.247760698529903678e+00 6.390935108671563285e+03 6.616637799886756511e+03 6.218973007111913830e+03
1.657508528963534955e-01 6.893312972473551781e+03 4.530537956915838549e+03 1.380318707473320083e+00 1.377913527991012854e+00 8.929670115122469554e+00 6.262506532339029036e+03 6.483254711426676295e+03 6.093601223359205505e+03
1.676710449442753992e-01 6.768154317458900550e+03 4.388928801402684257e+03 1.321335033937159675e+00 1.319035198056464075e+00 8.980542888774161625e+00 6.138824872891769701e+03 6.355241081400290568e+03 5.973287743273474007e+03
1.696132993316981086e-01 6.647084658411236887e+03 4.262628331327584419e+03 1.265779928582285718e+00 1.263578651921870799e+00 8.804643886240892670e+00 6.021236432595296719e+03 6.233263618071791825e+03 5.858640275490125532e+03
1.715778971993089375e-01 6.530456515703177502e+03 4.152913132326561936e+03 1.213603459754182268e+00 1.211494056912032713e+00 8.161263984955487771e+00 5.910485164660702139e+03 6.117835212815058185e+03 5.750133189664626116e+03
1.735651204691004701e-01 6.418521250378437799e+03 4.060534213248354263e+03 1.164725240267184825e+00 1.162701227743064392e+00 7.485128535705016795e+00 5.806395554111445563e+03 6.009293940266388745e+03 5.648098001675820342e+03
1.755752519323739713e-01 6.311417909952271657e+03 3.985682540573723145e+03 1.119020931333909674e+00 1.117076124601827258e+00 7.269623969497300386e+00 5.708590732177116479e+03 5.907787858447994040e+03 5.552689530041019680e+03
1.776085753453542915e-01 6.209165959419470710e+03 3.927974019042283999e+03 1.076311013965810526e+00 1.074439616037837553e+00 7.364105911621428469e+00 5.617210938056603482e+03 5.813266394701744503e+03 5.463855467167748429e+03
1.796653755330258340e-01 6.111662471213697245e+03 3.886455314715130953e+03 1.036372638668141777e+00 1.034569317166943891e+00 7.198060518594497026e+00 5.532609044998421268e+03 5.725479033918680216e+03 5.381342250210229395e+03
1.817459385017979046e-01 6.018684040277610620e+03 3.859631579418075944e+03 9.989641151235828520e-01 9.972240644449626989e-01 6.628254373613560624e+00 5.454478053526163421e+03 5.643981712811167199e+03 5.304727979655599484e+03
1.838505515616037367e-01 5.929893468248093086e+03 3.845515585599221140e+03 9.638347231203239218e-01 9.621537090332565878e-01 6.152155918145159497e+00 5.381710711947555865e+03 5.568150871388181258e+03 5.233442394128654996e+03
1.859795034580382644e-01 5.844851410054057851e+03 3.841698687620308647e+03 9.307160791357083074e-01 9.290904645308938337e-01 6.135551199196446426e+00 5.313215434370655203e+03 5.497205393584473313e+03 5.166762947213936968e+03
1.881330845151365783e-01 5.763032136014502612e+03 3.845440051270823460e+03 8.993206836262327419e-01 8.977474354388553790e-01 6.230555141565123911e+00 5.248460461266847233e+03 5.430235119586918699e+03 5.103823153483674105e+03
1.903115867893960811e-01 5.683962905169913029e+03 3.853937491381360360e+03 8.693839725333494250e-01 8.678606076787108714e-01 5.929549028340534989e+00 5.187058719675920656e+03 5.366363034717332994e+03 5.043782656248485182e+03
1.925153042356464450e-01 5.607232291387391342e+03 3.864421321795661243e+03 8.406827246209169768e-01 8.392072472838267849e-01 5.401286715948527828e+00 5.128044209532777131e+03 5.304768438156102093e+03 4.985875512766982865e+03
1.947445328853696922e-01 5.531837008131356015e+03 3.873352953784527017e+03 8.129214312521639840e-01 8.114924818418109975e-01 5.217026959174030587e+00 5.069518965954413943e+03 5.244008043112904488e+03 4.928763350871749026e+03
1.969995710380809950e-01 5.457094711202216786e+03 3.877781726733964206e+03 7.858768455677725973e-01 7.844935221213047427e-01 5.362319610641351098e+00 5.010474804901543393e+03 5.183005840363643983e+03 4.871434358144665566e+03
1.992807194663789583e-01 5.382353639463776744e+03 3.875028974246280086e+03 7.593498388247456043e-01 7.580116208907322628e-01 5.247896138444274605e+00 4.950440944869217674e+03 5.120758300516003146e+03 4.812926681179799743e+03
2.015882816352834450e-01 5.307028115809324845e+03 3.862814510079983847e+03 7.331894069696787142e-01 7.318960677416671556e-01 4.757466733868452202e+00 4.888644319681844536e+03 5.056385665366016838e+03 4.752409865124132011e+03
2.039225639364868059e-01 5.230633787283282800e+03 3.839369651828251335e+03 7.072982575926543003e-01 7.060497674214040176e-01 4.472547538722215776e+00 4.823926915132880822e+03 4.989180687311801194e+03 4.689237639577557275e+03
2.062838759381515619e-01 5.152817564436917564e+03 3.803527441032174011e+03 6.816166580999070135e-01 6.804130847494407330e-01 4.598027299684802394e+00 4.755665908612535532e+03 4.918649030400479205e+03 4.622951807659371298e+03
2.086725306509024103e-01 5.073378087314008553e+03 3.754782235285991646e+03 6.561178278156551968e-01 6.549592396207615241e-01 4.559997490874142301e+00 4.684064455331286808e+03 4.844536526629652144e+03 4.553295294104794266e+03
2.110888448106747195e-01 4.992273409464788529e+03 3.693311907685283131e+03 6.308225151361382954e-01 6.297088924657369136e-01 4.106701261654818857e+00 4.609293653386432197e+03 4.766839379106711931e+03 4.480256652243780991e+03
2.135331391790994959e-01 4.909615057459724994e+03 3.619961888972344241e+03 6.057985474871659948e-01 6.047297069656281110e-01 3.817273635588837699e+00 4.531152281481793580e+03 4.685796483054026794e+03 4.404078760455179690e+03
2.160057388621280938e-01 4.825649880836088414e+03 3.536189384360191070e+03 5.811351506682257417e-01 5.801106866667710138e-01 3.944552955949686801e+00 4.449915241411266834e+03 4.601864744548476665e+03 4.325198945997180090e+03
2.185069736476251412e-01 4.740733615890940200e+03 3.443974690150372226e+03 5.569289267986657910e-01 5.559481729604331957e-01 3.883749762072858047e+00 4.366630372840450036e+03 4.515681841352569791e+03 4.244197387881858958e+03
2.210371783626876863e-01 4.655301222603675342e+03 3.345706148288164968e+03 5.332933024740998951e-01 5.323553131988874032e-01 3.431706368372114735e+00 4.282172544141603794e+03 4.428021741775655755e+03 4.161795181110735030e+03
2.235966932514873440e-01 4.569839012182169427e+03 3.244047801996063754e+03 5.103539823716779500e-01 5.094575323079840734e-01 3.235709784478383977e+00 4.196940570873149227e+03 4.339748701179018099e+03 4.078825059614946895e+03
2.261858643744683872e-01 4.484861741759308643e+03 3.141797448429490032e+03 4.882228430314344836e-01 4.873664426546467365e-01 3.393884760328767403e+00 4.111765542477945019e+03 4.251773696993869635e+03 3.996146205910569734e+03
2.288050440297866306e-01 4.400895003420861940e+03 3.041742685166200772e+03 4.669915755010020098e-01 4.661735004280910255e-01 3.224825063298339067e+00 4.027973425085685449e+03 4.165014891073481522e+03 3.914600052896838861e+03
2.314545911979229986e-01 4.318460210990791893e+03 2.946518427899993640e+03 4.467461889490064175e-01 4.459645199041563646e-01 2.802041229957440205e+00 3.946365167826173092e+03 4.080360494290100178e+03 3.835023803476970443e+03
2.341348720104703129e-01 4.238058182044184832e+03 2.858469802715763308e+03 4.275588346962977404e-01 4.268115056969931098e-01 2.799221037474817653e+00 3.867326290562349641e+03 3.998631402912461908e+03 3.758210197877960127e+03
2.368462602441574749e-01 4.160147103743093794e+03 2.779523891167211787e+03 4.094662876105364946e-01 4.087511414854181346e-01 2.917243509566902926e+00 3.791737060884529001e+03 3.920540729889430622e+03 3.684819940198355198e+03
2.395891378412551009e-01 4.085113092786529251e+03 2.711075236045217025e+03 3.924771668718946005e-01 3.917920167546444787e-01 2.588212034462338718e+00 3.720465977122784807e+03 3.846649603695113001e+03 3.615362561574256233e+03
2.423638954575917381e-01 4.013235775518973242e+03 2.653894153695275236e+03 3.765840479022912191e-01 3.759267417181440529e-01 2.352330743436737759e+00 3.653550482374945659e+03 3.777322809644779682e+03 3.550197985517775578e+03
2.451709330395072939e-01 3.944654857595526664e+03 2.608067739933325356e+03 3.617467480698919324e-01 3.611152328398019029e-01 2.528882144576281021e+00 3.590948513461598395e+03 3.712690922985845191e+03 3.489458915221366624e+03
2.480106604311796969e-01 3.879346415420530775e+03 2.572985710490043402e+03 3.478869813988533788e-01 3.472793634813338137e-01 2.411770384696246605e+00 3.532926080303107938e+03 3.652628257561001192e+03 3.433004964350320279e+03
2.508834980138802129e-01 3.817116675032424155e+03 2.547378782516525007e+03 3.349115491845005010e-01 3.343261448866201579e-01 2.069789725944270575e+00 3.479068945224121762e+03 3.596754385452561110e+03 3.380480829707368684e+03
2.537898773788477280e-01 3.757617631615806204e+03 2.529412485836069663e+03 3.227149459776970652e-01 3.221503171978067348e-01 2.169779954830309165e+00 3.428447289200175874e+03 3.544463326626516391e+03 3.331337948201943618e+03
2.567302420356207815e-01 3.700382692122019307e+03 2.516829981121243236e+03 3.111706415627603639e-01 3.106256137081960800e-01 2.216994622126319037e+00 3.380567896721621764e+03 3.494977791810028975e+03 3.284830151885910709e+03
2.597050481578311865e-01 3.644875015329199869e+03 2.507130081932192752e+03 3.001540631421514282e-01 2.996277242334761670e-01 1.877849535210877052e+00 3.334739999155648547e+03 3.447420028785105842e+03 3.240122039658210724e+03
2.627147653686456308e-01 3.590537978807354193e+03 2.497761121254712634e+03 2.895577361445473286e-01 2.890494178944049142e-01 1.882921423719602583e+00 3.289734085554890953e+03 3.400887176268063740e+03 3.196388059146912383e+03
2.657598775682420977e-01 3.536838133010684942e+03 2.486310741948871964e+03 2.792788267320792661e-01 2.787880715277312182e-01 2.006275815479601210e+00 3.244833530718391557e+03 3.354519701368035385e+03 3.152813209044891209e+03
2.688408838059327399e-01 3.483295875943910687e+03 2.470675809713686249e+03 2.692309089689601254e-01 2.687574275786187017e-01 1.704979443376880122e+00 3.199548940466428576e+03 3.307556238980835133e+03 3.108664866440042715e+03
2.719582991997896992e-01 3.429505301741177846e+03 2.449202485249075380e+03 2.593590471913828077e-01 2.589026708552024658e-01 1.659491712976327804e+00 3.152966607524891970e+03 3.259374305102371636e+03 3.063379423141147981e+03
2.751126559069017041e-01 3.375149686002543149e+03 2.420792793144691132e+03 2.496231744265243746e-01 2.491838048761173541e-01 1.798377961898248278e+00 3.104687379258105011e+03 3.209521589663875602e+03 3.016529481086438409e+03
2.783045041476905901e-01 3.320019172620131485e+03 2.384975849027464847e+03 2.400014986173766018e-01 2.395790588377373076e-01 1.518373273447949368e+00 3.054722353496958021e+03 3.157742935250406390e+03 2.967856269056535439e+03
2.815344132880474581e-01 3.264032610683548228e+03 2.341940069013297489e+03 2.305039498319940705e-01 2.300983369500343156e-01 1.476830337093545609e+00 3.002757290215799458e+03 3.104003974155771630e+03 2.917348189549294148e+03
2.848029729834137824e-01 3.207258090640084447e+03 2.292519299697497900e+03 2.211538410897271600e-01 2.207648839686300324e-01 1.599498910983098376e+00 2.949023208174386127e+03 3.048505693371527286e+03 2.865191770226897461e+03
2.881107943893381762e-01 3.149920550980214102e+03 2.238123154572215753e+03 2.119876719361322159e-01 2.116150973737884744e-01 1.321680321584393969e+00 2.894161791092687963e+03 2.991678631061369288e+03 2.811773901860651677e+03
2.914585114434863899e-01 3.092385031531397999e+03 2.180606413444578266e+03 2.030625425134389428e-01 2.027059534400143526e-01 1.331194557611222073e+00 2.838503085748494868e+03 2.934146370579520408e+03 2.757702312759728102e+03
2.948467822245766090e-01 3.035111407086817508e+03 2.122083234483333399e+03 1.944323856610163659e-01 1.940912548029620210e-01 1.398348733155751367e+00 2.782863206996355984e+03 2.876655886658767486e+03 2.703671797886580862e+03
2.982762903942607902e-01 2.978587860382178860e+03 2.064705647620573018e+03 1.861467215158518207e-01 1.858204020523375466e-01 1.131471004614205578e+00 2.728138120973205787e+03 2.819984121770087768e+03 2.650400258045962801e+03
3.017477467285810677e-01 2.923261202679905637e+03 2.010439381003154040e+03 1.782519252791056608e-01 1.779396758903178666e-01 1.226018347033959843e+00 2.674759173403422665e+03 2.764841494337908898e+03 2.598577265431708838e+03
3.052618907463030551e-01 2.869484075247262808e+03 1.960871625743564891e+03 1.707705836861488358e-01 1.704716034621027998e-01 1.187234722301431011e+00 2.623456023040166656e+03 2.711794901053467584e+03 2.548720037724051508e+03
3.088194924421803211e-01 2.817490913094757616e+03 1.917076124412129047e+03 1.637117890171059797e-01 1.634252561897969191e-01 9.900321949572159497e-01 2.574601737105340817e+03 2.661224438277248737e+03 2.501185029771914742e+03
3.124213541340345457e-01 2.767400624737169437e+03 1.879545483902107435e+03 1.570715820849746536e-01 1.567966905906800767e-01 1.138887835556189332e+00 2.528202863898432497e+03 2.613313869665223592e+03 2.456160823978180360e+03
3.160683124334690008e-01 2.719230952163650272e+03 1.848183852529029991e+03 1.508245522610050793e-01 1.505605432718025161e-01 9.694001910431855329e-01 2.484481154193231305e+03 2.568061223089049236e+03 2.413624653080144526e+03
3.197612403510673440e-01 2.672907273895851176e+03 1.822344110024304427e+03 1.449411971944775113e-01 1.446873844636496209e-01 9.345282287277461020e-01 2.443117444367312146e+03 2.525292520230712853e+03 2.373427264041466515e+03
3.235010495480886150e-01 2.628259530860291761e+03 1.800902424401704138e+03 1.393798274001212256e-01 1.391356162384068118e-01 1.005984033317348647e+00 2.403798825485798261e+03 2.484672175269813579e+03 2.335252362707767134e+03
3.272886927479663477e-01 2.585016600286465291e+03 1.782370196819035527e+03 1.340906223019250332e-01 1.338555220902961085e-01 8.040266997746784439e-01 2.366175762473835221e+03 2.445717773155565737e+03 2.298634596231068372e+03
3.311251663223735431e-01 2.542817830700297691e+03 1.765051137070102868e+03 1.290268365429825814e-01 1.288004644898959883e-01 9.254994502588272942e-01 2.329492768026001158e+03 2.407836863071056541e+03 2.263035939723982210e+03
3.350115130682493336e-01 2.501255813197633870e+03 1.747239945669813551e+03 1.241372288102974702e-01 1.239193030246418248e-01 8.005391138183302058e-01 2.293309043213686891e+03 2.370396787939476781e+03 2.227843847726815966e+03
3.389488251940150354e-01 2.459945299716624049e+03 1.727441289486464711e+03 1.193836857788814071e-01 1.191740069511013494e-01 7.749037513100776042e-01 2.256962858126845276e+03 2.332819645066029807e+03 2.192526062918687785e+03
3.429382475352842352e-01 2.418592720574082705e+03 1.704563607905282197e+03 1.147379365002810098e-01 1.145363605562940978e-01 8.160027052996319252e-01 2.220047149024550890e+03 2.294673373894898305e+03 2.156675489542923515e+03
3.469809810227033053e-01 2.377036529983110086e+03 1.678045518321642021e+03 1.101845943848939052e-01 1.099910018570814940e-01 6.623594033126560809e-01 2.182410176409103769e+03 2.255727037186715734e+03 2.120066843866753061e+03
3.510782864272074533e-01 2.335244318909068625e+03 1.647887458202036441e+03 1.057247353971870057e-01 1.055390034152977607e-01 7.747642706767935428e-01 2.143901217895604532e+03 2.215953926398448857e+03 2.082689537312996436e+03
3.552314884109744608e-01 2.293281205884753490e+03 1.614599277891935344e+03 1.013638935693668974e-01 1.011858748749845105e-01 6.129682392006198244e-01 2.104801719604796745e+03 2.175496343016214269e+03 2.044660297218871619e+03
3.594419799157638762e-01 2.251279119769635599e+03 1.579094606179253105e+03 9.711913809502215056e-02 9.694864777992734384e-02 6.899775374907964887e-01 2.065236889833895930e+03 2.134621879477779203e+03 2.006246776090194999e+03
3.637112269242120388e-01 2.209427380480229658e+03 1.542562062054513717e+03 9.300641231016720800e-02 9.284322088613573831e-02 5.945229528135574926e-01 2.025662777880703743e+03 2.093693283485990833e+03 1.967776952313031643e+03
3.680407736340703395e-01 2.167975137919373083e+03 1.506319875528546845e+03 8.904642076766042247e-02 8.889025269950966146e-02 5.981590803487926156e-01 1.986431983332059872e+03 2.053145243188810127e+03 1.929667916598014699e+03
3.724322480904452837e-01 2.127214972864683659e+03 1.471644447911442285e+03 8.525652054134839897e-02 8.510705891110553756e-02 5.768551531856994652e-01 1.948023504067076601e+03 2.013441080858101259e+03 1.892351220482384861e+03
3.768873683268891273e-01 2.087426663136609477e+03 1.439574779532314096e+03 8.164956369476827902e-02 8.150646288370358428e-02 5.230738038580680094e-01 1.910836846996828172e+03 1.974992336949181436e+03 1.856213408136957923e+03
3.814079490728618516e-01 2.048797789280384677e+03 1.410730522382428717e+03 7.822999580067155345e-02 7.809290139423409605e-02 5.485901806672696113e-01 1.875100637249831152e+03 1.938061577761172884e+03 1.821504777450359825e+03
3.859959090927578274e-01 2.011369250247911168e+03 1.385207470604664195e+03 7.499053004894330743e-02 7.485910175523431687e-02 4.671477462111720547e-01 1.840905471264896505e+03 1.902699229275169500e+03 1.788266850335663094e+03
3.906532792305557611e-01 1.975043714532784179e+03 1.362596404766420619e+03 7.191679450588517319e-02 7.179072515318335457e-02 5.125123848745192223e-01 1.808053472708443906e+03 1.868753832012440625e+03 1.756364644051241612e+03
3.953822112444181913e-01 1.939646431339771425e+03 1.342113400414843227e+03 6.898757239469870128e-02 6.886659838954550805e-02 4.254348846881442769e-01 1.776328982568932815e+03 1.835944913435702347e+03 1.725526387033609808e+03
4.001849875274771096e-01 1.904985316254621239e+03 1.322777360823654590e+03 6.618291719439414744e-02 6.606682023377233315e-02 4.714199130908516833e-01 1.745357918849459566e+03 1.803943456492393125e+03 1.695451218445167342e+03
4.050640318249230099e-01 1.870867812709060672e+03 1.303572762255352245e+03 6.348220140489704844e-02 6.337080501685771194e-02 3.951152120453132466e-01 1.714868197179698427e+03 1.772414079129760012e+03 1.665815882520648984e+03
4.100219210737120479e-01 1.837088608243660019e+03 1.283585359725431772e+03 6.086898533928083305e-02 6.076214880201855767e-02 4.257751988742171645e-01 1.684496147099406926e+03 1.741028434051574550e+03 1.636319007460428111e+03
4.150613985101835879e-01 1.803443386867413437e+03 1.262139353166514866e+03 5.832898233055165693e-02 5.822659152853577880e-02 3.747996161783435087e-01 1.654001917088024811e+03 1.709500379473348858e+03 1.606685716176466940e+03
4.201853882131781903e-01 1.769793196830574061e+03 1.238936875699040911e+03 5.585519419758645798e-02 5.575714784438773330e-02 3.743582057988236733e-01 1.623198978259702699e+03 1.677663384014876783e+03 1.576763665443669424e+03
4.253970112765250167e-01 1.736131091326712522e+03 1.214137792636780887e+03 5.344754724577009675e-02 5.335374062806245293e-02 3.639234642584764368e-01 1.592120158228507307e+03 1.645539451018381669e+03 1.546571617831110416e+03
4.306996038358608114e-01 1.702577306782136702e+03 1.188304014264650050e+03 5.111221975325241917e-02 5.102253196288891041e-02 3.194673859088738577e-01 1.560960031259732659e+03 1.613325469157302905e+03 1.516293875267748717e+03
4.360967372116415497e-01 1.669297858864387990e+03 1.162213165027055766e+03 4.885788338490552191e-02 4.877217328128836960e-02 3.545360999055632845e-01 1.529962139516860589e+03 1.581293598454793937e+03 1.486189790062200700e+03
4.415922404741757790e-01 1.636428986160925433e+03 1.136645120287041664e+03 4.669057572230655984e-02 4.660868563663365244e-02 2.770874237723681688e-01 1.499399334277537719e+03 1.549691780294900582e+03 1.456486352759464808e+03
4.471902257890894572e-01 1.604076111456306762e+03 1.112238746324309659e+03 4.461509346428716577e-02 4.453685552667934616e-02 3.250127449232299570e-01 1.469423222862622424e+03 1.518718016277575316e+03 1.427377141972861182e+03
4.528951169647748021e-01 1.572345912351740253e+03 1.089409994525310140e+03 4.263236834187350555e-02 4.255761054866995241e-02 2.695862068572950077e-01 1.440226659492351700e+03 1.488532658293677287e+03 1.399005657287983695e+03
4.587116816995114310e-01 1.541317528233561461e+03 1.068264787000555089e+03 4.074123830333090807e-02 4.066979233412452988e-02 2.650694762385323866e-01 1.411865699236198680e+03 1.459219493856099916e+03 1.371455516996743199e+03
4.646450681181595876e-01 1.510958817241851648e+03 1.048527519211754907e+03 3.893493855753906580e-02 3.886665047566272707e-02 2.805805516851578307e-01 1.384273607602621269e+03 1.430704128295468081e+03 1.344655812250294957e+03
4.707008463005138976e-01 1.481109963555684317e+03 1.029604078594264138e+03 3.720234660949238437e-02 3.713708536287593787e-02 2.234232457043350550e-01 1.357236620048700388e+03 1.402751373837818619e+03 1.318382593267623406e+03
4.768850556405619945e-01 1.451587920237227536e+03 1.010812433619053763e+03 3.553291930676544252e-02 3.547057672135482675e-02 2.450333733345905207e-01 1.330471418931062999e+03 1.375091585053119616e+03 1.292387205371506070e+03
4.832042590444116104e-01 1.422285470034397122e+03 9.916219907258004014e+02 3.391870133942933435e-02 3.385918489746406884e-02 2.374731350677197483e-01 1.303819045377894554e+03 1.347544067971621416e+03 1.266496410159894140e+03
4.896656051827972256e-01 1.393144487537947271e+03 9.717430823552559787e+02 3.235516141174787919e-02 3.229838716236754781e-02 1.955863118618032526e-01 1.277184752521736527e+03 1.320010513175544247e+03 1.240617661043611179e+03
4.962769002726131751e-01 1.364099161980564759e+03 9.511270868725658829e+02 3.083980799040116072e-02 3.078569604410253194e-02 2.093581205297515846e-01 1.250495536957795139e+03 1.292428093061743539e+03 1.214694745847350987e+03
5.030466911849048595e-01 1.335135218465963362e+03 9.300041074224352542e+02 2.937248144221675170e-02 2.932094996914614074e-02 2.094521541820274779e-01 1.223788102754147303e+03 1.264824944404052985e+03 1.188751913215582135e+03
5.099843620827470003e-01 1.306361984916884694e+03 9.088618928372497976e+02 2.795655692582090304e-02 2.790751549243726190e-02 1.753660335021640371e-01 1.197234190327826354e+03 1.237376069859003564e+03 1.162952997528098649e+03
5.171002473060958282e-01 1.277914380176287978e+03 8.882145404450733395e+02 2.659564216678374574e-02 2.654899208321036611e-02 1.667597144473915438e-01 1.171020433357683942e+03 1.210282194480135786e+03 1.137488537132433976e+03
5.244057638750296846e-01 1.249818992131459481e+03 8.683390384041005063e+02 2.528964403452669749e-02 2.524528592611342478e-02 1.775835038899280793e-01 1.145215581050237915e+03 1.183613362979434896e+03 1.112424169279173611e+03
5.319135678223635422e-01 1.222053180129166549e+03 8.492532664447625166e+02 2.403605430192332429e-02 2.399389347790164412e-02 1.701757329109567229e-01 1.119809041424805400e+03 1.157353966993222457e+03 1.087744032724805265e+03
5.396377396521645498e-01 1.194622423581218527e+03 8.307940090938031972e+02 2.283196724621264564e-02 2.279191527931840114e-02 1.476081162105526978e-01 1.094777267289212887e+03 1.131480209031884215e+03 1.063425859034526638e+03
5.475940056357067043e-01 1.167448968822751340e+03 8.125922194459089951e+02 2.167246786307266276e-02 2.163444668765999654e-02 1.315814418426671795e-01 1.069993620259573845e+03 1.105863781654235254e+03 1.039349745155110440e+03
5.558000035168546571e-01 1.140367363334865104e+03 7.942046344501716248e+02 2.055149599737564337e-02 2.051543970560879698e-02 1.278460222884255648e-01 1.045250823725270493e+03 1.080291018481441597e+03 1.015315058951455399e+03
5.642756036675067310e-01 1.113325655555921003e+03 7.754405863057897932e+02 1.946627823937687601e-02 1.943212607573650830e-02 1.290590031024700379e-01 1.020476182448161467e+03 1.054685893827397649e+03 9.912501156640429372e+02
5.730433000415265932e-01 1.086344986374368773e+03 7.563809136588523643e+02 1.841649902069928540e-02 1.838419004291199851e-02 1.286519594366336006e-01 9.957008716859394326e+02 1.029079909092462685e+03 9.671843140357301536e+02
5.821286897541990690e-01 1.059386058197976354e+03 7.372035106879919795e+02 1.740150972226875078e-02 1.737098316077692606e-02 1.252240107583481032e-01 9.709234587901192981e+02 1.003471460192794552e+03 9.431161019419797640e+02
5.915610662459535041e-01 1.032504150093125645e+03 7.182116045490063243e+02 1.642229370477659572e-02 1.639348598811673011e-02 1.194526381098837825e-01 9.462389767537076750e+02 9.779588574447703877e+02 9.191378975772837521e+02
6.013741594846379046e-01 1.005757783617794189e+03 6.996031213536454061e+02 1.547914665567524245e-02 1.545199322138538119e-02 1.115873809776512515e-01 9.217274160619159602e+02 9.526248159874430712e+02 8.953274487351563948e+02
6.116070685824813724e-01 9.790431121385331608e+02 6.812356455905863868e+02 1.456895453104505890e-02 1.454339688915542821e-02 1.001765102228204113e-01 8.972819285876121285e+02 9.273587955805296588e+02 8.715808188628964217e+02
6.223054491646103914e-01 9.523288044737997780e+02 6.629068884901483898e+02 1.368939291815184610e-02 1.366537735525251256e-02 8.442275605364832347e-02 8.728435276815667976e+02 9.020997954502311131e+02 8.478406517599315748e+02
6.335230423129728505e-01 9.255080203589819803e+02 6.443497774137841816e+02 1.283731983755998299e-02 1.281479881049697039e-02 7.245599424439258529e-02 8.482812365739085863e+02 8.767131670945086626e+02 8.239806538766388257e+02
6.453236678263138959e-01 8.984867055144410415e+02 6.254537466381558488e+02 1.201065274108456364e-02 1.198958241538337736e-02 7.987100918674945593e-02 8.235000979957333129e+02 8.511019906820534970e+02 7.999102248142529561e+02
6.577838581226485015e-01 8.712838740628078540e+02 6.063781788024357411e+02 1.120950737273624341e-02 1.118984298385672892e-02 8.510231566009460180e-02 7.985438671668965753e+02 8.253096412117629370e+02 7.756694517985796438e+02
6.709963905333430345e-01 8.438192192646885132e+02 5.872140804281110604e+02 1.043270789626881551e-02 1.041440631135326020e-02 5.855702898273765222e-02 7.733657209177480354e+02 7.992855432633017472e+02 7.512098712929267776e+02
6.850751019094883931e-01 8.160881210769447307e+02 5.680032245488781655e+02 9.679751879586742311e-03 9.662770938473614138e-03 7.360290811244199483e-02 7.479636322489573104e+02 7.730331282856482176e+02 7.265370169782285075e+02
7.001615691146481080e-01 7.879194843939945940e+02 5.484880219198420264e+02 8.947529102346196694e-03 8.931832444782692240e-03 4.968952177302310425e-02 7.221632237657778433e+02 7.463662901645022885e+02 7.014734415675230821e+02
7.164345619952127153e-01 7.592062547742061724e+02 5.285001603485281976e+02 8.234299063284784143e-03 8.219853708574994741e-03 5.597740333821077385e-02 6.958459112666080273e+02 7.191673432103899586e+02 6.759107158825534043e+02
7.341237102425778316e-01 7.298105256051270544e+02 5.079959050853119606e+02 7.538537119016672922e-03 7.525312472189493382e-03 5.705079042081715596e-02 6.688964744819606949e+02 6.913147242841288289e+02 6.497334733308764498e+02
7.535297319708798014e-01 6.995711663146229284e+02 4.869606045711166757e+02 6.858851831726324108e-03 6.846819520229879656e-03 5.091523245132811154e-02 6.411836720662306561e+02 6.626727241630485423e+02 6.228141051426538297e+02
7.750551421936264784e-01 6.682907792411482433e+02 4.652277299326082698e+02 6.193402857713174552e-03 6.182537845770826740e-03 3.625570542039741051e-02 6.125216947751406451e+02 6.330493024462527956e+02 5.949720808295751340e+02
7.992521278156087261e-01 6.356758446770401179e+02 4.425228607429158387e+02 5.539875562679577072e-03 5.530157076096584717e-03 4.157342126444740771e-02 5.826282176742674892e+02 6.021542540954050082e+02 5.659355485575263174e+02
8.268991824664371215e-01 6.013779387169998927e+02 4.186554984875193668e+02 4.896417122236281123e-03 4.887827440509960944e-03 3.417472307078306404e-02 5.511943796842031134e+02 5.696665630670180462e+02 5.354017726008173668e+02
8.591265710301720926e-01 5.649423167962290790e+02 3.933091336405717016e+02 4.261205411285194818e-03 4.253730054666870694e-03 2.973941591850737254e-02 5.178025751407744792e+02 5.351554754087361516e+02 5.029664039893935410e+02
8.976237169193419518e-01 5.257762032781812422e+02 3.660519997771120302e+02 3.632955629628576485e-03 3.626582402579417441e-03 2.559725278148314992e-02 4.819064229487651687e+02 4.980561585411728061e+02 4.680984988287712554e+02
9.449728372913959173e-01 4.831628691316657864e+02 3.363980527080802858e+02 3.012380111110410201e-03 3.007095548879142217e-03 2.271089364843650524e-02 4.428511369522018413e+02 4.576919186563774247e+02 4.301620988876953220e+02
1.005115739940093400e+00 4.363946092548939077e+02 3.038500458864658640e+02 2.404968197114744181e-03 2.400749202182189592e-03 1.297602864797661390e-02 3.999875726195324432e+02 4.133915756151269534e+02 3.885261414832067999e+02
1.083676127262677591e+00 3.852481616083763925e+02 2.682523059257213731e+02 1.826470910941336212e-03 1.823266766477396128e-03 1.071591698196227779e-02 3.531105661886483631e+02 3.649435973502358479e+02 3.429922691010814333e+02
1.186942425351354746e+00 3.310932869247686767e+02 2.305567539706989351e+02 1.308495279391651755e-03 1.306199811118510107e-03 7.104998523006752012e-03 3.034756007206176491e+02 3.136452287713787541e+02 2.947794194898956448e+02
1.318047748324221891e+00 2.778516710315280989e+02 1.934941954763154115e+02 8.905187029625317996e-04 8.889564859793443229e-04 6.742678173125297297e-03 2.546771255445067652e+02 2.632114790942057425e+02 2.473792862850706342e+02
1.474619621845363104e+00 2.300315269329714738e+02 1.602019417225133395e+02 5.890197510644074779e-04 5.879864476336237218e-04 3.041195134417442030e-03 2.108471142289673708e+02 2.179126421079318732e+02 2.048050939756751916e+02
1.653682935313038005e+00 1.894836286912147898e+02 1.319704428244641576e+02 3.858157187511926964e-04 3.851388929891840472e-04 2.486959537073553557e-03 1.736821339539506823e+02 1.795022479721458808e+02 1.687050996765595983e+02
1.855342191754161707e+00 1.558002505017226156e+02 1.085165386106994987e+02 2.520240235254245535e-04 2.515819055239017546e-04 1.224060711585496378e-03 1.428086628860270082e+02 1.475941891771331598e+02 1.387162986194627479e+02
2.081716805370989132e+00 1.279649341584536302e+02 8.913319841594683623e+01 1.644289403562986256e-04 1.641404885576216966e-04 1.398981915883161509e-03 1.172951407252488565e+02 1.212257084906870404e+02 1.139339110912017645e+02
2.335723968386377969e+00 1.050022138381142724e+02 7.314177039131359948e+01 1.071750357109401488e-04 1.069870229027921683e-04 5.668182710445089601e-04 9.624759426149653052e+01 9.947285198607453083e+01 9.348948257228835246e+01
2.620725369315187958e+00 8.608285291700241260e+01 5.996549830063752751e+01 6.979415791695200598e-05 6.967172126860654460e-05 3.218599530919573760e-04 7.890605941103484611e+01 8.155020086735169116e+01 7.664488781789403049e+01
2.940502227391042389e+00 7.051160308743374117e+01 4.912030293206026954e+01 4.541191289196510168e-05 4.533224926284390530e-05 3.927179670715355911e-04 6.463329368338321501e+01 6.679915510339506568e+01 6.278113359054143672e+01
3.299297764040295622e+00 5.770968709235481242e+01 4.020345282643489782e+01 2.952323025361500779e-05 2.947143953050884450e-05 1.213384949928481926e-04 5.289885067695913534e+01 5.467149008532072685e+01 5.138295059212020277e+01
3.701872977490356043e+00 4.719514457917824757e+01 3.287947443358625321e+01 1.917865083504143720e-05 1.914500717020716736e-05 9.451690064988072599e-05 4.326099323436603328e+01 4.471066816184297465e+01 4.202128081214360833e+01
4.153569796225935917e+00 3.856743748202339361e+01 2.686949511650527000e+01 1.244934744310654638e-05 1.242750867133862665e-05 1.186847345081706932e-04 3.535260130287375091e+01 3.653726623311221289e+01 3.433951765893210961e+01
4.660381962596744643e+00 3.149442278046501187e+01 2.194228773011217015e+01 8.075396927717493848e-06 8.061231127865967462e-06 7.611344724169568526e-05 2.886924736688488125e+01 2.983665517151302993e+01 2.804195350993986224e+01
5.229034566129550754e+00 2.570095892809228744e+01 1.790627704888704130e+01 5.234597645467539809e-06 5.225415268619125063e-06 7.459656041482991753e-06 2.355874346194598701e+01 2.434819631812959173e+01 2.288362863453893326e+01
5.867073281380215555e+00 2.095951655949153292e+01 1.460303970364376625e+01 3.390927496965438637e-06 3.384979325867068724e-06 2.247903407282197960e-05 1.921254184203100834e+01 1.985635361391653930e+01 1.866197512658263591e+01
6.582964494450578741e+00 1.708208255082328719e+01 1.190163552674240677e+01 2.195232794292572295e-06 2.191382118177887963e-06 1.938314604978622830e-05 1.565830938139449202e+01 1.618301891414493809e+01 1.520959500772469042e+01
7.386207646788143677e+00 1.391360348626394661e+01 9.694085358230013938e+00 1.420303255710087024e-06 1.417811950996852477e-06 7.919570270427368246e-06 1.275392483710898794e+01 1.318130851334247744e+01 1.238844007097784505e+01
8.287461287002576782e+00 1.132629820937624565e+01 7.891390475223159839e+00 9.183964942744491097e-07 9.167856164311343417e-07 4.766441409207945298e-07 1.038226258961476667e+01 1.073017192437284173e+01 1.008474152118578182e+01
9.298684503329990747e+00 9.215018241316872860e+00 6.420317006522203940e+00 5.935237842480769966e-07 5.924827771609152270e-07 1.567288864081395693e-06 8.446942614543727856e+00 8.729999430410343209e+00 8.204881403827803510e+00
1.043329561346793355e+01 7.493318527075698121e+00 5.220655067650452175e+00 3.833668339194207773e-07 3.826944629218176786e-07 4.558413341846076921e-06 6.868728181082148332e+00 7.098899075379947021e+00 6.671893435557638696e+00
1.170635021749874838e+01 6.090187715295203752e+00 4.242938129053094087e+00 2.474957842152831301e-07 2.470617382395390595e-07 1.948478308718483301e-07 5.582528231579710898e+00 5.769598599502813840e+00 5.422551555807064716e+00
1.313474097655539197e+01 4.947370477977782066e+00 3.446586681383064121e+00 1.597005651195584809e-07 1.594205116121050588e-07 1.618315326444781382e-06 4.534944439018869566e+00 4.686910303061933902e+00 4.404988072808071031e+00
1.473742176817134464e+01 4.017106868041878442e+00 2.798329186162721083e+00 1.030001558367183911e-07 1.028195505304789594e-07 -2.562251405536772851e-07 3.682198329111816104e+00 3.805588694054355514e+00 3.576678768814913312e+00
1.653565919271971651e+01 3.260285214018092681e+00 2.270919529773273382e+00 6.640024136793144497e-08 6.628382621556750671e-08 7.297870814445542555e-07 2.988438857615780986e+00 3.088581361831759242e+00 2.902800166149204664e+00
1.855331476827942794e+01 2.644893493513788663e+00 1.842055050598185417e+00 4.278663655918193677e-08 4.271163304393472982e-08 7.662571797428851290e-07 2.424322362131010600e+00 2.505561338045805719e+00 2.354849373497732490e+00
2.081716155848267746e+01 2.144757439492467554e+00 1.493500326578893533e+00 2.755874693561954120e-08 2.751044668066514415e-08 3.528449798695192209e-07 1.965856345466080013e+00 2.031732137693805562e+00 1.909521454384168315e+00
2.335723943480298459e+01 1.738488820711289407e+00 1.210353380377615418e+00 1.774307147368201475e-08 1.771198198062668983e-08 4.964188257354784866e-09 1.593435243906235144e+00 1.646831215211625121e+00 1.547772691533651157e+00
