#           k/h    P           
    0.71429E-04    0.54848E-01
    0.79823E-04    0.61089E-01
    0.89203E-04    0.68041E-01
    0.99687E-04    0.75783E-01
    0.11140E-03    0.84405E-01
    0.12449E-03    0.94009E-01
    0.13912E-03    0.10470E+00
    0.15547E-03    0.11662E+00
    0.17374E-03    0.12988E+00
    0.19416E-03    0.14465E+00
    0.21698E-03    0.16111E+00
    0.24248E-03    0.17943E+00
    0.27098E-03    0.19982E+00
    0.30282E-03    0.22254E+00
    0.33841E-03    0.24782E+00
    0.37818E-03    0.27597E+00
    0.42262E-03    0.30731E+00
    0.47229E-03    0.34218E+00
    0.52779E-03    0.38097E+00
    0.58982E-03    0.42413E+00
    0.65913E-03    0.47212E+00
    0.73659E-03    0.52547E+00
    0.82315E-03    0.58474E+00
    0.91989E-03    0.65056E+00
    0.10280E-02    0.72358E+00
    0.11488E-02    0.80451E+00
    0.12838E-02    0.89412E+00
    0.14347E-02    0.99319E+00
    0.16033E-02    0.11025E+01
    0.17917E-02    0.12229E+01
    0.20023E-02    0.13550E+01
    0.22376E-02    0.14997E+01
    0.25005E-02    0.16572E+01
    0.27944E-02    0.18281E+01
    0.31228E-02    0.20121E+01
    0.34898E-02    0.22090E+01
    0.38999E-02    0.24176E+01
    0.43582E-02    0.26365E+01
    0.44069E-02    0.26588E+01
    0.44561E-02    0.26813E+01
    0.45059E-02    0.27038E+01
    0.45562E-02    0.27264E+01
    0.46071E-02    0.27490E+01
    0.46586E-02    0.27718E+01
    0.47107E-02    0.27945E+01
    0.47633E-02    0.28174E+01
    0.48165E-02    0.28403E+01
    0.48703E-02    0.28633E+01
    0.49248E-02    0.28863E+01
    0.49798E-02    0.29093E+01
    0.50354E-02    0.29324E+01
    0.50917E-02    0.29556E+01
    0.51486E-02    0.29787E+01
    0.52061E-02    0.30020E+01
    0.52643E-02    0.30252E+01
    0.53231E-02    0.30485E+01
    0.53826E-02    0.30718E+01
    0.54427E-02    0.30951E+01
    0.55035E-02    0.31184E+01
    0.55650E-02    0.31417E+01
    0.56272E-02    0.31651E+01
    0.56901E-02    0.31884E+01
    0.57536E-02    0.32118E+01
    0.58179E-02    0.32351E+01
    0.58829E-02    0.32584E+01
    0.59487E-02    0.32818E+01
    0.60151E-02    0.33051E+01
    0.60823E-02    0.33283E+01
    0.61503E-02    0.33516E+01
    0.62190E-02    0.33748E+01
    0.62885E-02    0.33980E+01
    0.63587E-02    0.34212E+01
    0.64298E-02    0.34443E+01
    0.65016E-02    0.34673E+01
    0.65743E-02    0.34904E+01
    0.66477E-02    0.35133E+01
    0.67220E-02    0.35362E+01
    0.67971E-02    0.35591E+01
    0.68731E-02    0.35818E+01
    0.69499E-02    0.36045E+01
    0.70275E-02    0.36271E+01
    0.71060E-02    0.36497E+01
    0.71854E-02    0.36721E+01
    0.72657E-02    0.36944E+01
    0.73469E-02    0.37167E+01
    0.74290E-02    0.37389E+01
    0.75120E-02    0.37609E+01
    0.75959E-02    0.37828E+01
    0.76808E-02    0.38047E+01
    0.77666E-02    0.38264E+01
    0.78534E-02    0.38479E+01
    0.79411E-02    0.38694E+01
    0.80298E-02    0.38907E+01
    0.81196E-02    0.39118E+01
    0.82103E-02    0.39328E+01
    0.83020E-02    0.39537E+01
    0.83948E-02    0.39744E+01
    0.84886E-02    0.39949E+01
    0.85834E-02    0.40153E+01
    0.86793E-02    0.40355E+01
    0.87763E-02    0.40555E+01
    0.88743E-02    0.40754E+01
    0.89735E-02    0.40950E+01
    0.90738E-02    0.41144E+01
    0.91751E-02    0.41336E+01
    0.92777E-02    0.41526E+01
    0.93813E-02    0.41714E+01
    0.94861E-02    0.41900E+01
    0.95921E-02    0.42083E+01
    0.96993E-02    0.42264E+01
    0.98077E-02    0.42443E+01
    0.99173E-02    0.42618E+01
    0.10028E-01    0.42792E+01
    0.10140E-01    0.42962E+01
    0.10253E-01    0.43130E+01
    0.10368E-01    0.43294E+01
    0.10484E-01    0.43456E+01
    0.10601E-01    0.43615E+01
    0.10719E-01    0.43770E+01
    0.10839E-01    0.43923E+01
    0.10960E-01    0.44072E+01
    0.11083E-01    0.44217E+01
    0.11207E-01    0.44359E+01
    0.11332E-01    0.44497E+01
    0.11458E-01    0.44632E+01
    0.11586E-01    0.44763E+01
    0.11716E-01    0.44890E+01
    0.11847E-01    0.45013E+01
    0.11979E-01    0.45132E+01
    0.12113E-01    0.45247E+01
    0.12248E-01    0.45357E+01
    0.12385E-01    0.45463E+01
    0.12524E-01    0.45564E+01
    0.12663E-01    0.45661E+01
    0.12805E-01    0.45754E+01
    0.12948E-01    0.45841E+01
    0.13093E-01    0.45924E+01
    0.13239E-01    0.46002E+01
    0.13387E-01    0.46074E+01
    0.13536E-01    0.46142E+01
    0.13688E-01    0.46204E+01
    0.13841E-01    0.46261E+01
    0.13995E-01    0.46313E+01
    0.14152E-01    0.46359E+01
    0.14310E-01    0.46400E+01
    0.14470E-01    0.46435E+01
    0.14631E-01    0.46464E+01
    0.14795E-01    0.46488E+01
    0.14960E-01    0.46506E+01
    0.15127E-01    0.46518E+01
    0.15296E-01    0.46524E+01
    0.15467E-01    0.46524E+01
    0.15640E-01    0.46518E+01
    0.15815E-01    0.46505E+01
    0.15991E-01    0.46487E+01
    0.16170E-01    0.46463E+01
    0.16351E-01    0.46432E+01
    0.16533E-01    0.46394E+01
    0.16718E-01    0.46351E+01
    0.16905E-01    0.46301E+01
    0.17094E-01    0.46244E+01
    0.17285E-01    0.46181E+01
    0.17478E-01    0.46111E+01
    0.17673E-01    0.46035E+01
    0.17871E-01    0.45952E+01
    0.18070E-01    0.45862E+01
    0.18272E-01    0.45765E+01
    0.18476E-01    0.45662E+01
    0.18683E-01    0.45551E+01
    0.18892E-01    0.45434E+01
    0.19103E-01    0.45310E+01
    0.19316E-01    0.45179E+01
    0.19532E-01    0.45041E+01
    0.19750E-01    0.44895E+01
    0.19971E-01    0.44743E+01
    0.20194E-01    0.44584E+01
    0.20420E-01    0.44418E+01
    0.20648E-01    0.44245E+01
    0.20879E-01    0.44064E+01
    0.21112E-01    0.43877E+01
    0.21348E-01    0.43683E+01
    0.21586E-01    0.43482E+01
    0.21827E-01    0.43274E+01
    0.22071E-01    0.43060E+01
    0.22318E-01    0.42838E+01
    0.22567E-01    0.42610E+01
    0.22819E-01    0.42376E+01
    0.23074E-01    0.42135E+01
    0.23332E-01    0.41888E+01
    0.23593E-01    0.41634E+01
    0.23856E-01    0.41375E+01
    0.24123E-01    0.41109E+01
    0.24393E-01    0.40838E+01
    0.24665E-01    0.40561E+01
    0.24941E-01    0.40278E+01
    0.25219E-01    0.39990E+01
    0.25501E-01    0.39697E+01
    0.25786E-01    0.39399E+01
    0.26074E-01    0.39096E+01
    0.26365E-01    0.38788E+01
    0.26660E-01    0.38475E+01
    0.26958E-01    0.38158E+01
    0.27259E-01    0.37837E+01
    0.27564E-01    0.37512E+01
    0.27872E-01    0.37183E+01
    0.28183E-01    0.36851E+01
    0.28498E-01    0.36515E+01
    0.28816E-01    0.36176E+01
    0.29138E-01    0.35834E+01
    0.29464E-01    0.35490E+01
    0.29793E-01    0.35143E+01
    0.30126E-01    0.34795E+01
    0.30463E-01    0.34444E+01
    0.30803E-01    0.34092E+01
    0.31147E-01    0.33739E+01
    0.31495E-01    0.33385E+01
    0.31847E-01    0.33030E+01
    0.32203E-01    0.32674E+01
    0.32563E-01    0.32319E+01
    0.32926E-01    0.31964E+01
    0.33294E-01    0.31610E+01
    0.33666E-01    0.31256E+01
    0.34042E-01    0.30904E+01
    0.34423E-01    0.30553E+01
    0.34807E-01    0.30204E+01
    0.35196E-01    0.29857E+01
    0.35590E-01    0.29512E+01
    0.35987E-01    0.29170E+01
    0.36389E-01    0.28831E+01
    0.36796E-01    0.28495E+01
    0.37207E-01    0.28163E+01
    0.37623E-01    0.27834E+01
    0.38043E-01    0.27510E+01
    0.38468E-01    0.27189E+01
    0.38898E-01    0.26873E+01
    0.39333E-01    0.26562E+01
    0.39772E-01    0.26255E+01
    0.40216E-01    0.25954E+01
    0.40666E-01    0.25657E+01
    0.41120E-01    0.25366E+01
    0.41580E-01    0.25081E+01
    0.42044E-01    0.24802E+01
    0.42514E-01    0.24528E+01
    0.42989E-01    0.24261E+01
    0.43469E-01    0.24000E+01
    0.43955E-01    0.23745E+01
    0.44446E-01    0.23496E+01
    0.44943E-01    0.23254E+01
    0.45445E-01    0.23018E+01
    0.45953E-01    0.22789E+01
    0.46466E-01    0.22566E+01
    0.46985E-01    0.22349E+01
    0.47510E-01    0.22138E+01
    0.48041E-01    0.21934E+01
    0.48578E-01    0.21735E+01
    0.49120E-01    0.21542E+01
    0.49669E-01    0.21355E+01
    0.50224E-01    0.21173E+01
    0.50785E-01    0.20996E+01
    0.51353E-01    0.20825E+01
    0.51927E-01    0.20658E+01
    0.52507E-01    0.20495E+01
    0.53093E-01    0.20337E+01
    0.53687E-01    0.20183E+01
    0.54287E-01    0.20031E+01
    0.54893E-01    0.19883E+01
    0.55506E-01    0.19738E+01
    0.56388E-01    0.19535E+01
    0.57270E-01    0.19337E+01
    0.58152E-01    0.19144E+01
    0.59034E-01    0.18954E+01
    0.59916E-01    0.18766E+01
    0.60797E-01    0.18578E+01
    0.61679E-01    0.18390E+01
    0.62561E-01    0.18199E+01
    0.63443E-01    0.18006E+01
    0.64325E-01    0.17810E+01
    0.65207E-01    0.17609E+01
    0.66088E-01    0.17403E+01
    0.66970E-01    0.17193E+01
    0.67852E-01    0.16977E+01
    0.68734E-01    0.16755E+01
    0.69616E-01    0.16528E+01
    0.70498E-01    0.16295E+01
    0.71379E-01    0.16057E+01
    0.72261E-01    0.15814E+01
    0.73143E-01    0.15566E+01
    0.74025E-01    0.15314E+01
    0.74907E-01    0.15058E+01
    0.75789E-01    0.14799E+01
    0.76670E-01    0.14537E+01
    0.77552E-01    0.14274E+01
    0.78434E-01    0.14010E+01
    0.79316E-01    0.13745E+01
    0.80198E-01    0.13481E+01
    0.81080E-01    0.13218E+01
    0.81961E-01    0.12956E+01
    0.82843E-01    0.12698E+01
    0.83725E-01    0.12442E+01
    0.84607E-01    0.12191E+01
    0.85489E-01    0.11944E+01
    0.86371E-01    0.11703E+01
    0.87252E-01    0.11468E+01
    0.88134E-01    0.11239E+01
    0.89016E-01    0.11016E+01
    0.89898E-01    0.10801E+01
    0.90780E-01    0.10593E+01
    0.91662E-01    0.10393E+01
    0.92543E-01    0.10201E+01
    0.93425E-01    0.10017E+01
    0.94307E-01    0.98409E+00
    0.95189E-01    0.96734E+00
    0.96071E-01    0.95141E+00
    0.96953E-01    0.93631E+00
    0.97834E-01    0.92201E+00
    0.98716E-01    0.90851E+00
    0.99598E-01    0.89580E+00
    0.10048E+00    0.88383E+00
    0.10136E+00    0.87260E+00
    0.10224E+00    0.86207E+00
    0.10313E+00    0.85221E+00
    0.10401E+00    0.84298E+00
    0.10489E+00    0.83436E+00
    0.10577E+00    0.82629E+00
    0.10665E+00    0.81874E+00
    0.10753E+00    0.81166E+00
    0.10842E+00    0.80502E+00
    0.10930E+00    0.79877E+00
    0.11018E+00    0.79287E+00
    0.11106E+00    0.78726E+00
    0.11194E+00    0.78192E+00
    0.11283E+00    0.77678E+00
    0.11371E+00    0.77182E+00
    0.11459E+00    0.76698E+00
    0.11547E+00    0.76223E+00
    0.11635E+00    0.75753E+00
    0.11723E+00    0.75284E+00
    0.11812E+00    0.74812E+00
    0.11900E+00    0.74336E+00
    0.11988E+00    0.73850E+00
    0.12076E+00    0.73354E+00
    0.12164E+00    0.72843E+00
    0.12253E+00    0.72317E+00
    0.12341E+00    0.71773E+00
    0.12429E+00    0.71209E+00
    0.12517E+00    0.70626E+00
    0.12605E+00    0.70021E+00
    0.12693E+00    0.69395E+00
    0.12782E+00    0.68747E+00
    0.12870E+00    0.68077E+00
    0.12958E+00    0.67386E+00
    0.13046E+00    0.66675E+00
    0.13134E+00    0.65944E+00
    0.13223E+00    0.65194E+00
    0.13311E+00    0.64428E+00
    0.13399E+00    0.63646E+00
    0.13487E+00    0.62851E+00
    0.13575E+00    0.62045E+00
    0.13664E+00    0.61229E+00
    0.13752E+00    0.60406E+00
    0.13840E+00    0.59578E+00
    0.13928E+00    0.58747E+00
    0.14016E+00    0.57916E+00
    0.14104E+00    0.57087E+00
    0.14193E+00    0.56262E+00
    0.14281E+00    0.55443E+00
    0.14369E+00    0.54633E+00
    0.14457E+00    0.53833E+00
    0.14545E+00    0.53046E+00
    0.14634E+00    0.52274E+00
    0.14722E+00    0.51517E+00
    0.14810E+00    0.50778E+00
    0.14898E+00    0.50058E+00
    0.14986E+00    0.49358E+00
    0.15074E+00    0.48679E+00
    0.15163E+00    0.48022E+00
    0.15251E+00    0.47389E+00
    0.15339E+00    0.46779E+00
    0.15427E+00    0.46193E+00
    0.15515E+00    0.45631E+00
    0.15604E+00    0.45094E+00
    0.15692E+00    0.44581E+00
    0.15780E+00    0.44091E+00
    0.15868E+00    0.43626E+00
    0.15956E+00    0.43184E+00
    0.16044E+00    0.42765E+00
    0.16133E+00    0.42368E+00
    0.16221E+00    0.41993E+00
    0.16309E+00    0.41637E+00
    0.16397E+00    0.41302E+00
    0.16485E+00    0.40984E+00
    0.16574E+00    0.40684E+00
    0.16662E+00    0.40400E+00
    0.16750E+00    0.40130E+00
    0.16838E+00    0.39874E+00
    0.16926E+00    0.39630E+00
    0.17014E+00    0.39397E+00
    0.17103E+00    0.39174E+00
    0.17191E+00    0.38959E+00
    0.17279E+00    0.38751E+00
    0.17367E+00    0.38548E+00
    0.17455E+00    0.38349E+00
    0.17544E+00    0.38154E+00
    0.17632E+00    0.37960E+00
    0.17720E+00    0.37766E+00
    0.17808E+00    0.37573E+00
    0.17896E+00    0.37377E+00
    0.17985E+00    0.37180E+00
    0.18073E+00    0.36979E+00
    0.18161E+00    0.36773E+00
    0.18249E+00    0.36563E+00
    0.18337E+00    0.36347E+00
    0.18425E+00    0.36125E+00
    0.18514E+00    0.35897E+00
    0.18602E+00    0.35662E+00
    0.18690E+00    0.35420E+00
    0.18778E+00    0.35171E+00
    0.18866E+00    0.34915E+00
    0.18955E+00    0.34652E+00
    0.19043E+00    0.34381E+00
    0.19131E+00    0.34104E+00
    0.19219E+00    0.33820E+00
    0.19307E+00    0.33531E+00
    0.19395E+00    0.33235E+00
    0.19484E+00    0.32935E+00
    0.19572E+00    0.32629E+00
    0.19660E+00    0.32320E+00
    0.19748E+00    0.32007E+00
    0.19836E+00    0.31692E+00
    0.19925E+00    0.31375E+00
    0.20013E+00    0.31056E+00
    0.20101E+00    0.30736E+00
    0.20189E+00    0.30417E+00
    0.20277E+00    0.30099E+00
    0.20365E+00    0.29782E+00
    0.20454E+00    0.29467E+00
    0.20542E+00    0.29155E+00
    0.20630E+00    0.28847E+00
    0.20718E+00    0.28542E+00
    0.20991E+00    0.27633E+00
    0.21267E+00    0.26772E+00
    0.21547E+00    0.25972E+00
    0.21830E+00    0.25241E+00
    0.22118E+00    0.24583E+00
    0.22409E+00    0.23996E+00
    0.22703E+00    0.23476E+00
    0.23002E+00    0.23012E+00
    0.23305E+00    0.22591E+00
    0.23611E+00    0.22198E+00
    0.23922E+00    0.21816E+00
    0.24237E+00    0.21429E+00
    0.24556E+00    0.21025E+00
    0.24879E+00    0.20593E+00
    0.25206E+00    0.20129E+00
    0.25538E+00    0.19631E+00
    0.25874E+00    0.19104E+00
    0.26214E+00    0.18557E+00
    0.26559E+00    0.18002E+00
    0.26909E+00    0.17451E+00
    0.27263E+00    0.16917E+00
    0.27621E+00    0.16411E+00
    0.27985E+00    0.15942E+00
    0.28353E+00    0.15512E+00
    0.28726E+00    0.15123E+00
    0.29104E+00    0.14769E+00
    0.29487E+00    0.14444E+00
    0.29875E+00    0.14138E+00
    0.30268E+00    0.13840E+00
    0.30666E+00    0.13541E+00
    0.31070E+00    0.13233E+00
    0.31479E+00    0.12913E+00
    0.31893E+00    0.12579E+00
    0.32313E+00    0.12235E+00
    0.32738E+00    0.11885E+00
    0.33168E+00    0.11538E+00
    0.33605E+00    0.11200E+00
    0.34047E+00    0.10879E+00
    0.34495E+00    0.10577E+00
    0.34949E+00    0.10297E+00
    0.35409E+00    0.10036E+00
    0.35875E+00    0.97912E-01
    0.36347E+00    0.95568E-01
    0.36825E+00    0.93272E-01
    0.37309E+00    0.90977E-01
    0.37800E+00    0.88653E-01
    0.38298E+00    0.86293E-01
    0.38802E+00    0.83912E-01
    0.39312E+00    0.81541E-01
    0.39829E+00    0.79218E-01
    0.40354E+00    0.76979E-01
    0.40884E+00    0.74845E-01
    0.41422E+00    0.72825E-01
    0.41967E+00    0.70908E-01
    0.42520E+00    0.69072E-01
    0.43079E+00    0.67288E-01
    0.43646E+00    0.65531E-01
    0.44220E+00    0.63785E-01
    0.44802E+00    0.62045E-01
    0.45392E+00    0.60320E-01
    0.45989E+00    0.58624E-01
    0.46594E+00    0.56975E-01
    0.47207E+00    0.55385E-01
    0.47828E+00    0.53860E-01
    0.48457E+00    0.52395E-01
    0.49095E+00    0.50980E-01
    0.49741E+00    0.49601E-01
    0.50395E+00    0.48247E-01
    0.51059E+00    0.46915E-01
    0.51730E+00    0.45604E-01
    0.52411E+00    0.44321E-01
    0.53101E+00    0.43072E-01
    0.53799E+00    0.41863E-01
    0.54507E+00    0.40694E-01
    0.55224E+00    0.39563E-01
    0.55951E+00    0.38465E-01
    0.56687E+00    0.37392E-01
    0.57433E+00    0.36343E-01
    0.58189E+00    0.35317E-01
    0.58954E+00    0.34316E-01
    0.59730E+00    0.33342E-01
    0.60516E+00    0.32397E-01
    0.61312E+00    0.31480E-01
    0.62119E+00    0.30590E-01
    0.62936E+00    0.29723E-01
    0.67775E+00    0.25220E-01
    0.72986E+00    0.21374E-01
    0.78598E+00    0.18089E-01
    0.84641E+00    0.15290E-01
    0.91149E+00    0.12907E-01
    0.98157E+00    0.10884E-01
    0.10570E+01    0.91665E-02
    0.11383E+01    0.77117E-02
    0.12258E+01    0.64809E-02
    0.13201E+01    0.54408E-02
    0.14216E+01    0.45632E-02
    0.15309E+01    0.38233E-02
    0.16486E+01    0.32005E-02
    0.17753E+01    0.26767E-02
    0.19118E+01    0.22366E-02
    0.20588E+01    0.18673E-02
    0.22171E+01    0.15577E-02
    0.23876E+01    0.12984E-02
    0.25712E+01    0.10814E-02
    0.27689E+01    0.90004E-03
    0.29817E+01    0.74853E-03
    0.32110E+01    0.62207E-03
    0.34579E+01    0.51664E-03
    0.37237E+01    0.42879E-03
    0.40101E+01    0.35566E-03
    0.43184E+01    0.29481E-03
    0.46504E+01    0.24422E-03
    0.50080E+01    0.20219E-03
    0.53930E+01    0.16730E-03
    0.58076E+01    0.13836E-03
    0.62542E+01    0.11436E-03
    0.67350E+01    0.94473E-04
    0.72529E+01    0.78004E-04
    0.78105E+01    0.64374E-04
    0.84110E+01    0.53101E-04
    0.90577E+01    0.43781E-04
    0.97542E+01    0.36080E-04
    0.10504E+02    0.29720E-04
    0.11312E+02    0.24471E-04
    0.12181E+02    0.20140E-04
    0.13118E+02    0.16569E-04
    0.14127E+02    0.13625E-04
    0.15213E+02    0.11200E-04
    0.16382E+02    0.92035E-05
    0.17642E+02    0.75598E-05
    0.18999E+02    0.62073E-05
    0.20459E+02    0.50949E-05
    0.22032E+02    0.41805E-05
    0.23726E+02    0.34289E-05
    0.25550E+02    0.28116E-05
    0.27515E+02    0.23046E-05
    0.29631E+02    0.18884E-05
    0.31909E+02    0.15469E-05
    0.34362E+02    0.12667E-05
    0.37004E+02    0.10370E-05
    0.39849E+02    0.84865E-06
    0.42913E+02    0.69431E-06
