1.011761769593335306e-05 5.468303646095466597e+00
1.059444632767677823e-05 5.718373693659442480e+00
1.109374720050336827e-05 5.979879532567379918e+00
1.161657939850683900e-05 6.253344107700745447e+00
1.216405191887645591e-05 6.539314279184335277e+00
1.273732602422886106e-05 6.838361901055598935e+00
1.333761770580169991e-05 7.151084983825771069e+00
1.396620026273410281e-05 7.478108877677673405e+00
1.462440700290484961e-05 7.820087524170213023e+00
1.531363407105715846e-05 8.177704762163973129e+00
1.603534341020889457e-05 8.551675691825531445e+00
1.679106586262959545e-05 8.942748114891445610e+00
1.758240441696235005e-05 9.351704007166070198e+00
1.841103760837750272e-05 9.779361098659801854e+00
1.927872307897083849e-05 1.022657450873951390e+01
2.018730130595809740e-05 1.069423843399391849e+01
2.113869950557392745e-05 1.118328794276918359e+01
2.213493572095592794e-05 1.169470085404465465e+01
2.317812310268456801e-05 1.222949967590395204e+01
2.427047439105909911e-05 1.278875363670865184e+01
2.541430660961624746e-05 1.337358083661549202e+01
2.661204597984783376e-05 1.398515047939942590e+01
2.786623306754183925e-05 1.462468517704104620e+01
2.917952817166304523e-05 1.529346341759581485e+01
3.055471696720388772e-05 1.599282208124054527e+01
3.199471641397438751e-05 1.672415913291897738e+01
3.350258094386527810e-05 1.748893640112774506e+01
3.508150893970737226e-05 1.828868245616949295e+01
3.673484951947043274e-05 1.912499568277680595e+01
3.846610964019134927e-05 1.999954745773669984e+01
4.027896153670026703e-05 2.091408545594794077e+01
4.217725051092304699e-05 2.187043711677635827e+01
4.416500308828190358e-05 2.287051328620712809e+01
4.624643555849610756e-05 2.391631201049016653e+01
4.842596291889751583e-05 2.500992246994097101e+01
5.070820823923185075e-05 2.615352913144375435e+01
5.309801246780949848e-05 2.734941606988898499e+01
5.560044469980600108e-05 2.859997147581686150e+01
5.822081292949218351e-05 2.990769235984664576e+01
6.096467530920218189e-05 3.127518947954596129e+01
6.383785193891938639e-05 3.270519249398653727e+01
6.684643721148895361e-05 3.420055528119264920e+01
6.999681273964202400e-05 3.576426159245744429e+01
7.329566089225205273e-05 3.739943084343417468e+01
7.674997896853512271e-05 3.910932421970687756e+01
8.036709404025923402e-05 4.089735105210375110e+01
8.415467849344673683e-05 4.276707544897973179e+01
8.812076630253312334e-05 4.472222315710072138e+01
9.227377007150412464e-05 4.676668880216757884e+01
9.662249887815665093e-05 4.890454339138586448e+01
1.011761769593338186e-04 5.114004209594978789e+01
1.059444632767682804e-04 5.347763244664595561e+01
1.109374720050341909e-04 5.592196269689144117e+01
1.161657939850687288e-04 5.847789077715256667e+01
1.216405191887649182e-04 6.115049325787906298e+01
1.273732602422889698e-04 6.394507502906564866e+01
1.333761770580173820e-04 6.686717905721042143e+01
1.396620026273414110e-04 6.992259670369044500e+01
1.462440700290491738e-04 7.311737828169501086e+01
1.531363407105723097e-04 7.645784408802902021e+01
1.603534341020893862e-04 7.995059577933241712e+01
1.679106586262964424e-04 8.360252812345480322e+01
1.758240441696240020e-04 8.742084114216588375e+01
1.841103760837755829e-04 9.141305265993466378e+01
1.927872307897092658e-04 9.558701115246348934e+01
2.018730130595819362e-04 9.995090903713983721e+01
2.113869950557402367e-04 1.045132962572063633e+02
2.213493572095599164e-04 1.092830941892348022e+02
2.317812310268463577e-04 1.142696098920929302e+02
2.427047439105916823e-04 1.194825505958423975e+02
2.541430660961636672e-04 1.249320384437995273e+02
2.661204597984796250e-04 1.306286253963341437e+02
2.786623306754197138e-04 1.365833082330660488e+02
2.917952817166318143e-04 1.428075439275793030e+02
3.055471696720397988e-04 1.493132644858067977e+02
3.199471641397448238e-04 1.561128922488439343e+02
3.350258094386537162e-04 1.632193547398051408e+02
3.508150893970754438e-04 1.706460992192612025e+02
3.673484951947060214e-04 1.784071070845101303e+02
3.846610964019152681e-04 1.865169075719490479e+02
4.027896153670044999e-04 1.949905906124685089e+02
4.217725051092317302e-04 2.038438193795998643e+02
4.416500308828203098e-04 2.130928413929926535e+02
4.624643555849624580e-04 2.227544986302072800e+02
4.842596291889769743e-04 2.328462362806373278e+02
5.070820823923208927e-04 2.433861097451345472e+02
5.309801246780975056e-04 2.543927903974093283e+02
5.560044469980616371e-04 2.658855685021059116e+02
5.822081292949234750e-04 2.778843547388698312e+02
6.096467530920241093e-04 2.904096791123282628e+02
6.383785193891963576e-04 3.034826867847460790e+02
6.684643721148919755e-04 3.171251323040934835e+02
6.999681273964236282e-04 3.313593691995353652e+02
7.329566089225239426e-04 3.462083385254854875e+02
7.674997896853532871e-04 3.616955524632161882e+02
8.036709404025953489e-04 3.778450755676876724e+02
8.415467849344705938e-04 3.946815041659331200e+02
8.812076630253346757e-04 4.122299372067824947e+02
9.227377007150456374e-04 4.305159494647070346e+02
9.662249887815710630e-04 4.495655581299178607e+02
1.011761769593342956e-03 4.694051849441550530e+02
1.059444632767686653e-03 4.900616126585023267e+02
1.109374720050345948e-03 5.115619380081307099e+02
1.161657939850691814e-03 5.339335176619673575e+02
1.216405191887654901e-03 5.572039017394627081e+02
1.273732602422895715e-03 5.814001146573758660e+02
1.333761770580180108e-03 6.065475154427318785e+02
1.396620026273420832e-03 6.326764220323815380e+02
1.462440700290497430e-03 6.598142228517693866e+02
1.531363407105728897e-03 6.879879623460501534e+02
1.603534341020900096e-03 7.172241704072812354e+02
1.679106586262972068e-03 7.475486691880577155e+02
1.758240441696248260e-03 7.789863478470180098e+02
1.841103760837764286e-03 8.115609216948482754e+02
1.927872307897099922e-03 8.452946673776142461e+02
2.018730130595826951e-03 8.802081461342262401e+02
2.113869950557410553e-03 9.163199224417960522e+02
2.213493572095607837e-03 9.536462818105886754e+02
2.317812310268474365e-03 9.922009535455788409e+02
2.427047439105928153e-03 1.031994834391262202e+03
2.541430660961644262e-03 1.073035705230496887e+03
2.661204597984803515e-03 1.115327929222442663e+03
2.786623306754204728e-03 1.158872105433819570e+03
2.917952817166326492e-03 1.203664671566540164e+03
3.055471696720395928e-03 1.249697450211218893e+03
3.199471641397397606e-03 1.296957147355532015e+03
3.350258094386293975e-03 1.345424812794806257e+03
3.508150893969757406e-03 1.395075317111596178e+03
3.673484951943305297e-03 1.445876815662687250e+03
3.846610964005658592e-03 1.497790230568879451e+03
4.027896153623575226e-03 1.550768673174466130e+03
4.217725050938686722e-03 1.604756849065626511e+03
4.416500308340007459e-03 1.659690421598077592e+03
4.624643554356825531e-03 1.715495420121320194e+03
4.842596287493098998e-03 1.772087775131906028e+03
5.070820811438662111e-03 1.829372808420921274e+03
5.309801212570974122e-03 1.887244502768102848e+03
5.560044379435748543e-03 1.945585991673649914e+03
5.822081061263982386e-03 2.004267284154445406e+03
6.096466957273160951e-03 2.063144784284351317e+03
6.383783818312258745e-03 2.122060481315224479e+03
6.684640523736649041e-03 2.180841461719564904e+03
6.999674063634194268e-03 2.239299492839899813e+03
7.329550301445295589e-03 2.297230719947924172e+03
7.674964303319098402e-03 2.354415356407844229e+03
8.036639883827296008e-03 2.410616976721489664e+03
8.415327816379634257e-03 2.465581402291087215e+03
8.811801874824883724e-03 2.519034791509998286e+03
9.226851500174226145e-03 2.570681921307206267e+03
9.661269428659103112e-03 2.620210709636439333e+03
1.011583211147784600e-02 2.667290770567293748e+03
1.059127029524295320e-02 2.711573458177616885e+03
1.108822689577343944e-02 2.752692539495569235e+03
1.160719958846308936e-02 2.790268111542353836e+03
1.214846679267237925e-02 2.823916457963500761e+03
1.271199846084453480e-02 2.853259925601076247e+03
1.329735768726656407e-02 2.877940776968530372e+03
1.390360547685619806e-02 2.897637334547137016e+03
1.452922778536016105e-02 2.912093853596954887e+03
1.517210835303140978e-02 2.921155728759615158e+03
1.582956904552960953e-02 2.924762489630405071e+03
1.649848845658158716e-02 2.922982311783674959e+03
1.717549037879280774e-02 2.916014873509865993e+03
1.785717288213310022e-02 2.904171882079413535e+03
1.854033572332163676e-02 2.887856185008133707e+03
1.922216532603458761e-02 2.867529706320736750e+03
1.990035156686126294e-02 2.843682367492348476e+03
2.057313115365500683e-02 2.816803493392919790e+03
2.123926941953521719e-02 2.787358681066938061e+03
2.189800093373258857e-02 2.755778269768507016e+03
2.254894974377949848e-02 2.722448787304615053e+03
2.319204556562834071e-02 2.687712011618513770e+03
2.382744627652221003e-02 2.651865104151454489e+03
2.445547183340590278e-02 2.615165000014312227e+03
2.507655106892706098e-02 2.577832585746602035e+03
2.569118067316009807e-02 2.540058189955571834e+03
2.629989466520490926e-02 2.502004666984404594e+03
2.690324237084370379e-02 2.463813212028762791e+03
2.750177301925636059e-02 2.425603301190814818e+03
2.809602533667250254e-02 2.387481253502065556e+03
2.868652082368793391e-02 2.349538782376173913e+03
2.927375969387318103e-02 2.311854808542579121e+03
2.985821869919330282e-02 2.274500318667344800e+03
3.044035026719152381e-02 2.237536690486590942e+03
3.102058252957399717e-02 2.201019043328476528e+03
3.159931993888167451e-02 2.164995480603112810e+03
3.217694425696922267e-02 2.129509299333958552e+03
3.275381576289849300e-02 2.094600200305140788e+03
3.333027457428362067e-02 2.060299839057234294e+03
3.390664200959038477e-02 2.026641312541716843e+03
3.448322194283247322e-02 1.993650454807707320e+03
3.506030211910992483e-02 1.961351411965065608e+03
3.563815541141138882e-02 1.929765632773871403e+03
3.621704100745908039e-02 1.898911199651678089e+03
3.679720552113571741e-02 1.868803700612698776e+03
3.737888402694081180e-02 1.839456961153658085e+03
3.796230101851382627e-02 1.810882096076529024e+03
3.854767129392310671e-02 1.783087591398483255e+03
3.913520077142762510e-02 1.756079855246075113e+03
3.972508723997488639e-02 1.729863887257291708e+03
4.031752104894251176e-02 1.704441581686571908e+03
4.091268574166786326e-02 1.679813857060039936e+03
4.151075863720774667e-02 1.655978404068138161e+03
4.211191136458251882e-02 1.632931353665883762e+03
4.271631035351888123e-02 1.610667727879234235e+03
4.332411728544060397e-02 1.589179171696428284e+03
4.393548950817906251e-02 1.568455891679444903e+03
4.455058041760206339e-02 1.548486030371578181e+03
4.516953980909246824e-02 1.529256012694004994e+03
4.579251420155554253e-02 1.510750046251332378e+03
4.641964713639593759e-02 1.492949973274712193e+03
4.705107945368590394e-02 1.475836392342734598e+03
4.768694954754082449e-02 1.459387258119487569e+03
4.832739360253400507e-02 1.443579060221268719e+03
4.897254581281028363e-02 1.428385860286920661e+03
4.962253858540416340e-02 1.413780061197257282e+03
5.027750272912717699e-02 1.399731913203268050e+03
5.093756763026122819e-02 1.386210025659564963e+03
5.160286141617960454e-02 1.373180784737298154e+03
5.227351110791325639e-02 1.360609399223519404e+03
5.294964276258466024e-02 1.348458724496584182e+03
5.363138160654755404e-02 1.336690340435452299e+03
5.431885215999354699e-02 1.325264133814003344e+03
5.501217835371662035e-02 1.314138811610708899e+03
5.571148363866477993e-02 1.303271345770917151e+03
5.641689108885104137e-02 1.292618151606080346e+03
5.712852349814460245e-02 1.282134355132458495e+03
5.784650347141719051e-02 1.271774492027360111e+03
5.857095351047758580e-02 1.261492548394194728e+03
5.930199609518929660e-02 1.251242468919618432e+03
6.003975376013279130e-02 1.240977960188941779e+03
6.078434916714155895e-02 1.230653391808351671e+03
6.153590517401421461e-02 1.220223716677319771e+03
6.229454489967868602e-02 1.209645039316381144e+03
6.306039178606193119e-02 1.198874661578732912e+03
6.383356965689676588e-02 1.187871950661506162e+03
6.461420277367904696e-02 1.176598581713624071e+03
6.540241588897119374e-02 1.165018599405113719e+03
6.619833429723109841e-02 1.153099236209237233e+03
6.700208388333257770e-02 1.140811249806292381e+03
6.781379116892928549e-02 1.128129127722681915e+03
6.863358335680265487e-02 1.115031897946955951e+03
6.946158837332332137e-02 1.101502870777075941e+03
7.029793490914577891e-02 1.087530481259534554e+03
7.114275245824663862e-02 1.073108433766726421e+03
7.199617135540868629e-02 1.058235814679546593e+03
7.285832281224614848e-02 1.042917529967212658e+03
7.372933895185798669e-02 1.027164274363193726e+03
7.460935284219208374e-02 1.010992520719915660e+03
7.549849852819487395e-02 9.944248803111656798e+02
7.639691106281853994e-02 9.774895204139966154e+02
7.730472653695015517e-02 9.602203628505801589e+02
7.822208210832581887e-02 9.426567011434798360e+02
7.914911602948630776e-02 9.248429824038172455e+02
8.008596767482875634e-02 9.068281788143584663e+02
8.103277756680520028e-02 8.886656376465117546e+02
8.198968740131556965e-02 8.704120471531851990e+02
8.295684007234055413e-02 8.521272589421514567e+02
8.393437969585661185e-02 8.338735427660926689e+02
8.492245163307425571e-02 8.157142793752987018e+02
8.592120251303778100e-02 7.977139592146904761e+02
8.693078025462347425e-02 7.799368772104733125e+02
8.795133408797158048e-02 7.624463997182626827e+02
8.898301457538564108e-02 7.453040764806268044e+02
9.002597363173295286e-02 7.285691254433213544e+02
9.108036454437593021e-02 7.122972268869859818e+02
9.214634199266748260e-02 6.965400638955185286e+02
9.322406206703832965e-02 6.813442799315107550e+02
9.431368228770704853e-02 6.667514156210343117e+02
9.541536162304059543e-02 6.527964730044142243e+02
9.652926050759488841e-02 6.395080705115583442e+02
9.765554085986280497e-02 6.269079879897069532e+02
9.879436609975744688e-02 6.150102282586174169e+02
9.994590116585941320e-02 6.038211711722657355e+02
1.011103125324551155e-01 5.933394706079168373e+02
1.022877682263939880e-01 5.835554086567653940e+02
1.034784378437939023e-01 5.744512228753341105e+02
1.046824925666213907e-01 5.660012087166571746e+02
1.059001051791765291e-01 5.581713500718001342e+02
1.071314500845111650e-01 5.509198944459169525e+02
1.083767033208097585e-01 5.441976608785286089e+02
1.096360425777630071e-01 5.379482782643752898e+02
1.109096472129646044e-01 5.321088289105870217e+02
1.121976982683621921e-01 5.266106793879102952e+02
1.135003784867949922e-01 5.213801819764005359e+02
1.148178723286492758e-01 5.163399532404702086e+02
1.161503659886661544e-01 5.114097717184271232e+02
1.174980474129355967e-01 5.065085862970926769e+02
1.188611063161109649e-01 5.015556026731748034e+02
1.202397341988806073e-01 4.964725129531586845e+02
1.216341243657327736e-01 4.911848616768828037e+02
1.230444719430520001e-01 4.856247870914469331e+02
1.244709738975858376e-01 4.797319411457622778e+02
1.259138290553206141e-01 4.734563331636368275e+02
1.273732381208089737e-01 4.667595837619409735e+02
1.288494036969893841e-01 4.596159593566844137e+02
1.303425303055414375e-01 4.520141306242693986e+02
1.318528244078221168e-01 4.439575528736805268e+02
1.333804944264261327e-01 4.354645822870023721e+02
1.349257507674200274e-01 4.265686133296418916e+02
1.364888058432954243e-01 4.173165285216686584e+02
1.380698740966916083e-01 4.077683399261722457e+02
1.396691720249389201e-01 3.979948951431933892e+02
1.412869182054721784e-01 3.880757689322428519e+02
1.429233333221708313e-01 3.780970423596796763e+02
1.445786401926762443e-01 3.681484918069716059e+02
1.462530637967460745e-01 3.583208849096496920e+02
1.479468313057002715e-01 3.487029526754999438e+02
1.496601721130184082e-01 3.393783829445621905e+02
1.513933178661488743e-01 3.304240855514271402e+02
1.531465024995915802e-01 3.219066286005780171e+02
1.549199622693171741e-01 3.138811167203184027e+02
1.567139357885876938e-01 3.063889528152960224e+02
1.585286640652458778e-01 2.994566958549987703e+02
1.603643905405403580e-01 2.930954868181951838e+02
1.622213611295571789e-01 2.873001974584473146e+02
1.640998242633289750e-01 2.820500110835208716e+02
1.660000309326953860e-01 2.773088523988771499e+02
1.679222347339895394e-01 2.730263911176654119e+02
1.698666919166282874e-01 2.691396799944792519e+02
1.718336614326847478e-01 2.655747950228874288e+02
1.738234049885242494e-01 2.622499645283264158e+02
1.758361870985875874e-01 2.590812715223785858e+02
1.778722751414057446e-01 2.560230496949683925e+02
1.799319394179349219e-01 2.529403609199613356e+02
1.820154532123005042e-01 2.497470462635712352e+02
1.841230928550438017e-01 2.463658968342051594e+02
1.862551377889654636e-01 2.427328808814650358e+02
1.884118706376639585e-01 2.388014199530341273e+02
1.905935772768683478e-01 2.345458256991272208e+02
1.928005469086705725e-01 2.299629513801154701e+02
1.950330721387620037e-01 2.250727948419489906e+02
1.972914490567848900e-01 2.199158327206919239e+02
1.995759773199115572e-01 2.145504497739921419e+02
2.018869602397678487e-01 2.090477143139881093e+02
2.042247048728219327e-01 2.034859752304371341e+02
2.065895221143619065e-01 1.979460479004867466e+02
2.089817267961920078e-01 1.925063686817424013e+02
2.114016377881796915e-01 1.872392749606708264e+02
2.138495781037922649e-01 1.822083953867704622e+02
2.163258750097654393e-01 1.774662649215464114e+02
2.188308601400514863e-01 1.730520019119299775e+02
2.213648696142023753e-01 1.689900815076609604e+02
2.239282441603459017e-01 1.652880088922882180e+02
2.265213292429221481e-01 1.619351962403340508e+02
2.291444751953517212e-01 1.589028736853857993e+02
2.317980373578174824e-01 1.561450065144502446e+02
2.344823762203449569e-01 1.536017156638573624e+02
2.371978575713788728e-01 1.512036738945478760e+02
2.399448526520580049e-01 1.488784900496608259e+02
2.427237383164028706e-01 1.465559900726366891e+02
2.455348971976376860e-01 1.441746004643817400e+02
2.483787178808799234e-01 1.416849349125708954e+02
2.512555950824409967e-01 1.390527249049379463e+02
2.541659298359931762e-01 1.362603629858151919e+02
2.571101296858708807e-01 1.333073561463192505e+02
2.600886088877853997e-01 1.302105989135138771e+02
2.631017886172493103e-01 1.270035375994822857e+02
2.661500971860179532e-01 1.237337472870692778e+02
2.692339702668749557e-01 1.204587866222525321e+02
2.723538511271007545e-01 1.172398127325419779e+02
2.755101908709863268e-01 1.141342998221763736e+02
2.787034486917685516e-01 1.111888354178360458e+02
2.819340921333863825e-01 1.084342207551124915e+02
2.852025973624780497e-01 1.058832992904066117e+02
2.885094494510617724e-01 1.035322190985837523e+02
2.918551426703677176e-01 1.013630445644187006e+02
2.952401807963135338e-01 9.934708204462089043e+01
2.986650774271455977e-01 9.744764573809682418e+01
3.021303563137951453e-01 9.562279161120738991e+01
3.056365517035317669e-01 9.382815988840096111e+01
3.091842086975294945e-01 9.202220472836681608e+01
3.127738836229966846e-01 9.017134009475184087e+01
3.164061444205593099e-01 8.825588336373074583e+01
3.200815710476269116e-01 8.627243911522418784e+01
3.238007558985159240e-01 8.423289779198141503e+01
3.275643042421508278e-01 8.216022773308640126e+01
3.313728346782116030e-01 8.008329660305874143e+01
3.352269796126527979e-01 7.803266057252264432e+01
3.391273857535729852e-01 7.603784978683800944e+01
3.430747146284758853e-01 7.412516521277976267e+01
3.470696431240302693e-01 7.231426028067765799e+01
3.511128640495033149e-01 7.061387452640957463e+01
3.552050867251201893e-01 6.901926165245869527e+01
3.593470375966802410e-01 6.751306157004060537e+01
3.635394608778469427e-01 6.607018852176582868e+01
3.677831192216225453e-01 6.466446272940100926e+01
3.720787944226157662e-01 6.327348297669658450e+01
3.764272881518193059e-01 6.188032619736446804e+01
3.808294227257276177e-01 6.047383087709950900e+01
3.852860419117480895e-01 5.904967785838918815e+01
3.897980117719950233e-01 5.761260361731059731e+01
3.943662215476935184e-01 5.617643187492501511e+01
3.989915845865812938e-01 5.476043669456020524e+01
4.036750393158564099e-01 5.338267833558707309e+01
4.084175502634025401e-01 5.205497921301908093e+01
4.132201091302173390e-01 5.078245668368548138e+01
4.180837359171762357e-01 4.956563707317876322e+01
4.230094801094942403e-01 4.840071266570573982e+01
4.279984219224909348e-01 4.727873077325249085e+01
4.330516736125322175e-01 4.618550225328174008e+01
4.381703808573075842e-01 4.510652427778030216e+01
4.433557242099169238e-01 4.403301092514114146e+01
4.486089206315787004e-01 4.296335789014923989e+01
4.539312251081404348e-01 4.190038043220776132e+01
4.593239323559722975e-01 4.084824753973322231e+01
4.647883786232636094e-01 3.981313535274493631e+01
4.703259435932129473e-01 3.880385816719156367e+01
4.759380523961240783e-01 3.782785576093706226e+01
4.816261777379833298e-01 3.688649810165347986e+01
4.873918421537105083e-01 3.597544460849944414e+01
4.932366203939519411e-01 3.508963853574706349e+01
4.991621419550195671e-01 3.422491743485171867e+01
5.051700937623889720e-01 3.337623314337099600e+01
5.112622230190556616e-01 3.253811542785116728e+01
5.174403402310187028e-01 3.170925625136089110e+01
5.237063224232282321e-01 3.089354971627235003e+01
5.300621165605081675e-01 3.009492608048851991e+01
5.365097431892528190e-01 2.931470399966120510e+01
5.430513003171203446e-01 2.855475913023928669e+01
5.496889675495154615e-01 2.781713346353245342e+01
5.564250105033804461e-01 2.709994747177036345e+01
5.632617855207323609e-01 2.639850629171251839e+01
5.702017447064972044e-01 2.571074938530764697e+01
5.772474413175413543e-01 2.503648889726719418e+01
5.844015355323969318e-01 2.437409164653232807e+01
5.916668006340716213e-01 2.372336638948728549e+01
5.990461296415402481e-01 2.308752959732519372e+01
6.065425424290943335e-01 2.246749649907128088e+01
6.141591933767051037e-01 2.186190768488319947e+01
6.218993795990098716e-01 2.127119423979008417e+01
6.297665498054908495e-01 2.069483575940483178e+01
6.377643138499856645e-01 2.012979292467011661e+01
6.458964530338938692e-01 1.957606699601002376e+01
6.541669312344371434e-01 1.903449761619422986e+01
6.625799069371873795e-01 1.850382332671988905e+01
6.711397462609183240e-01 1.798515357965053951e+01
6.798510370728003682e-01 1.747930977277803422e+01
6.887186043032056393e-01 1.698431469415664452e+01
6.977475265820980432e-01 1.650066387469590623e+01
7.069431543333859480e-01 1.602778911719514099e+01
7.163111294799228146e-01 1.556424955239108066e+01
7.258574069303883602e-01 1.511144557215980377e+01
7.355882780403613097e-01 1.466834109003869102e+01
7.455103962639234583e-01 1.423506917133968130e+01
7.556308052395565023e-01 1.381197586278818790e+01
7.659569695854395732e-01 1.339757695800643056e+01
7.764968087151569165e-01 1.299277187831439662e+01
7.872587340260002176e-01 1.259630810009607416e+01
7.982516898593661203e-01 1.220878559730902779e+01
8.094851986872068084e-01 1.182975867053428054e+01
8.209694110412704138e-01 1.145905566965983091e+01
8.327151607743680239e-01 1.109661887252989665e+01
8.447340263267655303e-01 1.074189264090342455e+01
8.570383987679397464e-01 1.039508931033675765e+01
8.696415574966644968e-01 1.005565956664110061e+01
8.825577546133624995e-01 9.723834110513159601e+00
8.958023091310484132e-01 9.399225936054362407e+00
9.093917123687098591e-01 9.081611787623568688e+00
9.233437460779919670e-01 8.771031283190604100e+00
9.376776150956646072e-01 8.466945780685088963e+00
9.524140965965003369e-01 8.169717790121573842e+00
9.675757083507581235e-01 7.878660221547598930e+00
9.831868987753232814e-01 7.593946555603556803e+00
9.992742620166378265e-01 7.315415450388113250e+00
1.015866781826800347e+00 7.042632475707812922e+00
1.032996108602380669e+00 6.775768781550043585e+00
1.050696874659778457e+00 6.514643950052013466e+00
1.069007053632227144e+00 6.258940815145114911e+00
1.087968370800948437e+00 6.008598231975390114e+00
1.107626772221777189e+00 5.763627905807183538e+00
1.128032961676374235e+00 5.523844149754809862e+00
1.149243015748239172e+00 5.289091757881087652e+00
1.171319088659916741e+00 5.059224912881532532e+00
1.194330219834850437e+00 4.834150238371441866e+00
1.218353258334139433e+00 4.613777709553915862e+00
1.243473919146505402e+00 4.398005194276728425e+00
1.269787986428709825e+00 4.186720516074145415e+00
1.297402677658487047e+00 3.979860901914380911e+00
1.326438179447348320e+00 3.777366125259806751e+00
1.357029359249232847e+00 3.579199185789697424e+00
1.389327645651753596e+00 3.385380109059095144e+00
1.423503050951742788e+00 3.195777037269313947e+00
1.459746280163150001e+00 3.010452812347657936e+00
1.498270826710891956e+00 2.829422781674755694e+00
1.539314892912850841e+00 2.652776657825134166e+00
1.583142890160795790e+00 2.480592152893199120e+00
1.630046170439583664e+00 2.313049284079760515e+00
1.680342526716570584e+00 2.150365009265760907e+00
1.734373898970341887e+00 1.992754152583878335e+00
1.792501681770071631e+00 1.840508499972268952e+00
1.855099120906314347e+00 1.694025702332506933e+00
1.922540599286434837e+00 1.553684870760339010e+00
1.995188214593345499e+00 1.419914525395279625e+00
2.073376922032104108e+00 1.293128461893067627e+00
2.157400463669338020e+00 1.173717743182877360e+00
2.247500945602567413e+00 1.061977415857720874e+00
2.343864796547268092e+00 9.581223290427376416e-01
2.446626697180375398e+00 8.622390073153659573e-01
2.555881150842857163e+00 7.742551713549654657e-01
2.671699407724476227e+00 6.939905251828045740e-01
2.794148292040472548e+00 6.211155368223254536e-01
2.923307531783239099e+00 5.552195771380300515e-01
3.059283235988173644e+00 4.958449047258119968e-01
3.202216589529858659e+00 4.424830862816859778e-01
3.352288051523085066e+00 3.946183984370126296e-01
3.509718057102224176e+00 3.517643383908460875e-01
3.674765439951007018e+00 3.134299463990768975e-01
3.847724677726024556e+00 2.791786652056187368e-01
4.028922795608098184e+00 2.485935714992073275e-01
4.218716473687962321e+00 2.212962593060226746e-01
4.417489658571553512e+00 1.969445612149229585e-01
4.625651800197132957e+00 1.752288148917552635e-01
4.843636718658972384e+00 1.558707838094461617e-01
5.071902040333706729e+00 1.386191434576267423e-01
5.310929113514390565e+00 1.232482029593878620e-01
5.561223308416141542e+00 1.095603083115122278e-01
5.823314614861922145e+00 9.736857938314971705e-02
6.097758465956964358e+00 8.651485238571197944e-02
6.385136732787032088e+00 7.685563010424092956e-02
6.686058850746851689e+00 6.826108788691967466e-02
7.001163051104899893e+00 6.061530042818212560e-02
7.331117681428885646e+00 5.381671865157052620e-02
7.676622605729673587e+00 4.776858144626935226e-02
8.038410680121243601e+00 4.239332995315241853e-02
8.417249303010748918e+00 3.761716677399391806e-02
8.813942040848557369e+00 3.337022151931212655e-02
9.229330331701994794e+00 2.959831323791160124e-02
9.664295269671976385e+00 2.624831007542439629e-02
1.011975947365240103e+01 2.327417671176481781e-02
1.059668904426558633e+01 2.063273898052135971e-02
1.109609561306741377e+01 1.828777062386520783e-02
1.161903848834488606e+01 1.620701032909544967e-02
1.216662690204799802e+01 1.435954315866365232e-02
1.274002236261851451e+01 1.272095056597800748e-02
1.334044111870470672e+01 1.126752207181357622e-02
1.396915673898777577e+01 9.979335502109302689e-03
1.462750281359170934e+01 8.836560120477961189e-03
1.531687578280673279e+01 7.823418682798474397e-03
1.603873789912640291e+01 6.925648052002046293e-03
1.679462032888116951e+01 6.129383899995199426e-03
1.758612640004745842e+01 5.424319867332947145e-03
1.841493500312129328e+01 4.799581435299182797e-03
1.928280415227009215e+01 4.245456012229156806e-03
2.019157471431643103e+01 3.755615224978939900e-03
2.114317431346342602e+01 3.321752597869706732e-03
2.213962142004402978e+01 2.937422193328391787e-03
2.318302963196730460e+01 2.597007300879299475e-03
2.427561215794289851e+01 2.295742821477745124e-03
2.541968651199351825e+01 2.029536453339172812e-03
2.661767942921281715e+01 1.793600064074982311e-03
2.787213201319590183e+01 1.584809584893744723e-03
2.918570512606083156e+01 1.400549999205240315e-03
3.056118503249376772e+01 1.237196036620321227e-03
3.200148930979008810e+01 1.092910308620548060e-03
3.350967303642687511e+01 9.653470161210897862e-04
3.508893527229405862e+01 8.524316564573384235e-04
3.674262584432928236e+01 7.525967970453975803e-04
3.847425245194997245e+01 6.642588033445645176e-04
4.028748810735414310e+01 5.863783905330144852e-04
4.218617892647163359e+01 5.174529079136412461e-04
4.417435228709169337e+01 4.566447799233296686e-04
4.625622537147126678e+01 4.029684351249992048e-04
4.843621411154387602e+01 3.554679614932562052e-04
5.071894255570344257e+01 3.136291156988615177e-04
5.310925267703071739e+01 2.766065819394961990e-04
5.561221464376754398e+01 2.437259348261272085e-04
5.823313757382329214e+01 2.150163562162572589e-04
6.097758079612585647e+01 1.895830217980132412e-04
6.385136564270369774e+01 1.670359519497811038e-04
6.686058779651141037e+01 1.472163782891646767e-04
7.001163022119068557e+01 1.297597425452947989e-04
7.331117670019187926e+01 1.142197706838711979e-04
7.676622601397487244e+01 1.006373790161796259e-04
8.038410678536072851e+01 8.862143910629036809e-05
8.417249302452322013e+01 7.802472293791031129e-05
8.813942040659345878e+01 6.861740063191273302e-05
9.229330331640409213e+01 6.044982541396202351e-05
9.664295269652747322e+01 5.316634722988339485e-05
1.011975947364665558e+02 4.672085085499262267e-05
1.059668904426396523e+02 4.111569000335123101e-05
1.109609561306699703e+02 3.617652751433466404e-05
1.161903848834480044e+02 3.175652742449743991e-05
1.216662690204800583e+02 2.787138613783013684e-05
1.274002236261855074e+02 2.451959198487023274e-05
1.334044111870475149e+02 2.151856996829765967e-05
1.396915673898782018e+02 1.886167589612729634e-05
1.462750281359176654e+02 1.656792301703113965e-05
1.531687578280678963e+02 1.449054269061863312e-05
1.603873789912645691e+02 1.272564388007647152e-05
1.679462032888121712e+02 1.114453783716763853e-05
1.758612640004752450e+02 9.741517743830494967e-06
1.841493500312135154e+02 8.531396261556996219e-06
1.928280415227014544e+02 7.450740018510129601e-06
2.019157471431648787e+02 6.537170717829109133e-06
2.114317431346349849e+02 5.672465123546717536e-06
2.213962142004410225e+02 4.995560829892901657e-06
2.318302963196738915e+02 4.335634555905754915e-06
2.427561215794299017e+02 3.779693695820461625e-06
2.541968651199360067e+02 3.299966287415201528e-06
2.661767942921289318e+02 2.859623865808994151e-06
2.787213201319600557e+02 2.481934955137175892e-06
2.918570512606092393e+02 2.155768273009750801e-06
3.056118503249386436e+02 1.878277934682903881e-06
3.200148930979021316e+02 1.620897802666638312e-06
3.350967303642700017e+02 1.398034709231537529e-06
3.508893527229417373e+02 1.211588221478556162e-06
3.674262584432941594e+02 1.048729397158158446e-06
3.847425245195011598e+02 9.043666700233231399e-07
4.028748810735427810e+02 7.760155511946017345e-07
4.218617892647179701e+02 6.725327258229670863e-07
4.417435228709186390e+02 5.720609783613320819e-07
4.625622537147142452e+02 4.926717509064233761e-07
4.843621411154408634e+02 4.213359009920791764e-07
5.071894255570363725e+02 3.629948567062059734e-07
5.310925267703097461e+02 3.076869419478939169e-07
5.561221464376777703e+02 2.634444223382769891e-07
5.823313757382351241e+02 2.257371086711313883e-07
6.097758079612614210e+02 1.920700344550462324e-07
6.385136564270396775e+02 1.636695188087847057e-07
6.686058779651168607e+02 1.417788751097652643e-07
7.001163022119095558e+02 1.199214418644108511e-07
7.331117670019222032e+02 1.018375807954636626e-07
7.676622601397519929e+02 8.744054062788708186e-08
8.038410678536102978e+02 7.402354980735881750e-08
8.417249302452362372e+02 6.335515390687348207e-08
8.813942040659385384e+02 5.415574025934627016e-08
9.229330331640444456e+02 4.677680108254305168e-08
9.664295269652792513e+02 4.032914297694699176e-08
1.011975947364670219e+03 3.395084289906565843e-08
1.059668904426400559e+03 2.967964260404112170e-08
1.109609561306705018e+03 2.557640552683557417e-08
1.161903848834485188e+03 2.180966324347064398e-08
1.216662690204806268e+03 1.950771287068819773e-08
1.274002236261859935e+03 1.718465512449661529e-08
1.334044111870481402e+03 1.431049491857900863e-08
1.396915673898788555e+03 1.288324626424802909e-08
1.462750281359182054e+03 1.135055557397218712e-08
1.531687578280686466e+03 1.005793232014172853e-08
1.603873789912653365e+03 8.604119842324117757e-09
1.679462032888129670e+03 7.554570274280836339e-09
1.758612640004758987e+03 6.872906293878403201e-09
1.841493500312144079e+03 6.041111912613409385e-09
1.928280415227023468e+03 5.312382090170043742e-09
2.019157471431658678e+03 4.671560132163076791e-09
2.114317431346359626e+03 4.023797192878040313e-09
2.213962142004420457e+03 3.455318294317781105e-09
2.318302963196747896e+03 3.030431705538362947e-09
2.427561215794310101e+03 2.612995033964173710e-09
2.541968651199372289e+03 2.347213951788780372e-09
2.661767942921301255e+03 2.040933145519258238e-09
2.787213201319611471e+03 1.754511985075490804e-09
2.918570512606106604e+03 1.514324590777878553e-09
3.056118503249400874e+03 1.218934523181476555e-09
3.200148930979033139e+03 1.200972368169469416e-09
3.350967303642715706e+03 1.003874356220009545e-09
3.508893527229433857e+03 8.857741060001071846e-10
3.674262584432955464e+03 7.800263276168891733e-10
3.847425245195026037e+03 7.531224995498922045e-10
4.028748810735447023e+03 5.695534443415152270e-10
4.218617892647195731e+03 5.552833781405209699e-10
4.417435228709202420e+03 4.119914034464495449e-10
4.625622537147160074e+03 4.488816026418427176e-10
4.843621411154422276e+03 3.499754525239222424e-10
5.071894255570387031e+03 3.817921195867422881e-10
5.310925267703117242e+03 2.868439036371528233e-10
5.561221464376798394e+03 2.772343615723185230e-10
5.823313757382373296e+03 1.812113083370795563e-10
6.097758079612631263e+03 1.440576413451199850e-10
6.385136564270414965e+03 1.408604163276864362e-10
6.686058779651187251e+03 1.326123995351510276e-10
7.001163022119128073e+03 1.025779206764058892e-10
7.331117670019249999e+03 9.527374377521171751e-11
7.676622601397549261e+03 1.158792645118459923e-10
8.038410678536133673e+03 8.748030150110661338e-11
8.417249302452386473e+03 6.922767169716021118e-11
8.813942040659412669e+03 7.542661282853244599e-11
9.229330331640470831e+03 4.292302865268850577e-11
9.664295269652828210e+03 5.320118704056073157e-11
1.011975947364673993e+04 2.830994175381646658e-11
1.059668904426404515e+04 3.756692387326721964e-11
1.109609561306708201e+04 2.860870596697440822e-11
1.161903848834488599e+04 1.056509012597947943e-11
1.216662690204809769e+04 2.964690981638583606e-11
1.273874836038239846e+04 1.594706738967178807e-11
