1.011761769593335306e-05 3.519219379184371110e+00
1.059444632767677823e-05 3.680156236154182636e+00
1.109374720050336827e-05 3.848452798498812832e+00
1.161657939850683900e-05 4.024445618619872711e+00
1.216405191887645591e-05 4.208486636630042632e+00
1.273732602422886106e-05 4.400943884231490522e+00
1.333761770580169991e-05 4.602202222140539867e+00
1.396620026273410281e-05 4.812664106495335048e+00
1.462440700290484961e-05 5.032750395954229461e+00
1.531363407105715846e-05 5.262901186898206518e+00
1.603534341020889457e-05 5.503576702242877872e+00
1.679106586262959545e-05 5.755258201246675753e+00
1.758240441696235005e-05 6.018448947851156028e+00
1.841103760837750272e-05 6.293675211289550653e+00
1.927872307897083849e-05 6.581487320319388878e+00
2.018730130595809740e-05 6.882460757029796206e+00
2.113869950557392745e-05 7.197197315031917952e+00
2.213493572095592794e-05 7.526326287984422159e+00
2.317812310268456801e-05 7.870505743992277203e+00
2.427047439105909911e-05 8.230423812430149866e+00
2.541430660961624746e-05 8.606800084294203401e+00
2.661204597984783376e-05 9.000387034007145459e+00
2.786623306754183925e-05 9.411971511329584317e+00
2.917952817166304523e-05 9.842376329418806691e+00
3.055471696720388772e-05 1.029246188993510458e+01
3.199471641397438751e-05 1.076312790267392394e+01
3.350258094386527810e-05 1.125531518012306798e+01
3.508150893970737226e-05 1.177000750208919833e+01
3.673484951947043274e-05 1.230823357819728692e+01
3.846610964019134927e-05 1.287106909810732169e+01
4.027896153670026703e-05 1.345963886011442767e+01
4.217725051092304699e-05 1.407511901575803748e+01
4.416500308828190358e-05 1.471873939177797652e+01
4.624643555849610756e-05 1.539178594582110193e+01
4.842596291889751583e-05 1.609560330575245501e+01
5.070820823923185075e-05 1.683159743256177521e+01
5.309801246780949848e-05 1.760123840351247892e+01
5.560044469980600108e-05 1.840606332851400850e+01
5.822081292949218351e-05 1.924767936589694273e+01
6.096467530920218189e-05 2.012776690481624087e+01
6.383785193891938639e-05 2.104808288255037851e+01
6.684643721148895361e-05 2.201046421159345812e+01
6.999681273964202400e-05 2.301683141531697885e+01
7.329566089225205273e-05 2.406919238415159867e+01
7.674997896853512271e-05 2.516964628361569467e+01
8.036709404025923402e-05 2.632038767614945129e+01
8.415467849344673683e-05 2.752371079900509443e+01
8.812076630253312334e-05 2.878201398610948303e+01
9.227377007150412464e-05 3.009780433430720592e+01
9.662249887815665093e-05 3.147370255452909404e+01
1.011761769593338186e-04 3.291244798348567002e+01
1.059444632767682804e-04 3.441690386903832177e+01
1.109374720050341909e-04 3.599006280720772821e+01
1.161657939850687288e-04 3.763505243773464315e+01
1.216405191887649182e-04 3.935514135782894840e+01
1.273732602422889698e-04 4.115374526891047680e+01
1.333761770580173820e-04 4.303443335265616554e+01
1.396620026273414110e-04 4.500093490252832851e+01
1.462440700290491738e-04 4.705714618602533506e+01
1.531363407105723097e-04 4.920713757221375317e+01
1.603534341020893862e-04 5.145516090729007885e+01
1.679106586262964424e-04 5.380565712896849107e+01
1.758240441696240020e-04 5.626326414816690402e+01
1.841103760837755829e-04 5.883282498376598824e+01
1.927872307897092658e-04 6.151939613949076602e+01
2.018730130595819362e-04 6.432825620771143349e+01
2.113869950557402367e-04 6.726491473655444508e+01
2.213493572095599164e-04 7.033512128851245393e+01
2.317812310268463577e-04 7.354487474157016891e+01
2.427047439105916823e-04 7.690043272179073597e+01
2.541430660961636672e-04 8.040832130662501243e+01
2.661204597984796250e-04 8.407534472558145922e+01
2.786623306754197138e-04 8.790859520464333343e+01
2.917952817166318143e-04 9.191546316419784546e+01
3.055471696720397988e-04 9.610364683581538259e+01
3.199471641397448238e-04 1.004811624811011228e+02
3.350258094386537162e-04 1.050563541406843768e+02
3.508150893970754438e-04 1.098379033085092402e+02
3.673484951947060214e-04 1.148348384980212415e+02
3.846610964019152681e-04 1.200565441962984039e+02
4.027896153670044999e-04 1.255127697905546711e+02
4.217725051092317302e-04 1.312136375899050620e+02
4.416500308828203098e-04 1.371696504310675948e+02
4.624643555849624580e-04 1.433916984063052666e+02
4.842596291889769743e-04 1.498910647476589304e+02
5.070820823923208927e-04 1.566794304757874556e+02
5.309801246780975056e-04 1.637688781144799748e+02
5.560044469980616371e-04 1.711718936441542098e+02
5.822081292949234750e-04 1.789013672886884478e+02
6.096467530920241093e-04 1.869705923030603856e+02
6.383785193891963576e-04 1.953932618771354726e+02
6.684643721148919755e-04 2.041834644859743548e+02
6.999681273964236282e-04 2.133556759879872118e+02
7.329566089225239426e-04 2.229247507025094706e+02
7.674997896853532871e-04 2.329059092132916078e+02
8.036709404025953489e-04 2.433147234463792188e+02
8.415467849344705938e-04 2.541671011060382739e+02
8.812076630253346757e-04 2.654792637430774676e+02
9.227377007150456374e-04 2.772677258806812688e+02
9.662249887815710630e-04 2.895492700687341312e+02
1.011761769593342956e-03 3.023409188358738788e+02
1.059444632767686653e-03 3.156599034315215135e+02
1.109374720050345948e-03 3.295236308840656534e+02
1.161657939850691814e-03 3.439496474216688284e+02
1.216405191887654901e-03 3.589555961856347039e+02
1.273732602422895715e-03 3.745587552423967850e+02
1.333761770580180108e-03 3.907753083612017235e+02
1.396620026273420832e-03 4.076246205506552087e+02
1.462440700290497430e-03 4.251241658302815836e+02
1.531363407105728897e-03 4.432912062066247927e+02
1.603534341020900096e-03 4.621426962914604815e+02
1.679106586262972068e-03 4.816951739072055148e+02
1.758240441696248260e-03 5.019646279738212797e+02
1.841103760837764286e-03 5.229663515204568967e+02
1.927872307897099922e-03 5.447147720337816281e+02
2.018730130595826951e-03 5.672232643230084932e+02
2.113869950557410553e-03 5.905039495755569305e+02
2.213493572095607837e-03 6.145674845596208797e+02
2.317812310268474365e-03 6.394228489634876951e+02
2.427047439105928153e-03 6.650771354702478675e+02
2.541430660961644262e-03 6.915353473490800980e+02
2.661204597984803515e-03 7.188002045641540008e+02
2.786623306754204728e-03 7.468719469361963093e+02
2.917952817166326492e-03 7.757481260533080558e+02
3.055471696720395928e-03 8.054233683972895506e+02
3.199471641397397606e-03 8.358890930013795924e+02
3.350258094386293975e-03 8.671331673180691268e+02
3.508150893969757406e-03 8.991395268075433478e+02
3.673484951943305297e-03 9.318877548312437966e+02
3.846610964005658592e-03 9.653526822733473409e+02
4.027896153623575226e-03 9.995040041361866088e+02
4.217725050938686722e-03 1.034305958881152492e+03
4.416500308340007459e-03 1.069717018308968591e+03
4.624643554356825531e-03 1.105689564394384206e+03
4.842596287493098998e-03 1.142169542215792944e+03
5.070820811438662111e-03 1.179096007176282910e+03
5.309801212570974122e-03 1.216400573451218634e+03
5.560044379435748543e-03 1.254007791105554816e+03
5.822081061263982386e-03 1.291833825753788005e+03
6.096466957273160951e-03 1.329786197985467879e+03
6.383783818312258745e-03 1.367763145669284768e+03
6.684640523736649041e-03 1.405653193641878488e+03
6.999674063634194268e-03 1.443334962662631597e+03
7.329550301445295589e-03 1.480677076176882792e+03
7.674964303319098402e-03 1.517537938267503023e+03
8.036639883827296008e-03 1.553765023009023253e+03
8.415327816379634257e-03 1.589193804686060275e+03
8.811801874824883724e-03 1.623647814041513584e+03
9.226851500174226145e-03 1.656937627591254795e+03
9.661269428659103112e-03 1.688864500039073164e+03
1.011583211147784600e-02 1.719212964160730053e+03
1.059127029524295320e-02 1.747757968223490707e+03
1.108822689577343944e-02 1.774263602397078103e+03
1.160719958846308936e-02 1.798485111343810559e+03
1.214846679267237925e-02 1.820175175734079630e+03
1.271199846084453480e-02 1.839090241988694743e+03
1.329735768726656407e-02 1.854999747141542230e+03
1.390360547685619806e-02 1.867696563301942660e+03
1.452922778536016105e-02 1.877015851710675179e+03
1.517210835303140978e-02 1.882857569156077943e+03
1.582956904552960953e-02 1.885183033990340391e+03
1.649848845658158716e-02 1.884036260331924723e+03
1.717549037879280774e-02 1.879545896968969828e+03
1.785717288213310022e-02 1.871912878050672134e+03
1.854033572332163676e-02 1.861396856105059669e+03
1.922216532603458761e-02 1.848295575700792142e+03
1.990035156686126294e-02 1.832924848192773652e+03
2.057313115365500683e-02 1.815600068149697336e+03
2.123926941953521719e-02 1.796621345806011277e+03
2.189800093373258857e-02 1.776266071873829333e+03
2.254894974377949848e-02 1.754783397254782130e+03
2.319204556562834071e-02 1.732393586669307069e+03
2.382744627652221003e-02 1.709288223569765933e+03
2.445547183340590278e-02 1.685632903122028665e+03
2.507655106892706098e-02 1.661570007594225672e+03
2.569118067316009807e-02 1.637222211179120904e+03
2.629989466520490926e-02 1.612694489770920427e+03
2.690324237084370379e-02 1.588077853093030171e+03
2.750177301925636059e-02 1.563449310495654345e+03
2.809602533667250254e-02 1.538877393176271426e+03
2.868652082368793391e-02 1.514421216669966725e+03
2.927375969387318103e-02 1.490131651295561824e+03
2.985821869919330282e-02 1.466054461669181819e+03
3.044035026719152381e-02 1.442229180725875267e+03
3.102058252957399717e-02 1.418691368743909152e+03
3.159931993888167451e-02 1.395472027450241967e+03
3.217694425696922267e-02 1.372599052856275193e+03
3.275381576289849300e-02 1.350098024445684359e+03
3.333027457428362067e-02 1.327989373172326623e+03
3.390664200959038477e-02 1.306294420727989063e+03
3.448322194283247322e-02 1.285029819000940051e+03
3.506030211910992483e-02 1.264211131823497453e+03
3.563815541141138882e-02 1.243852195972023310e+03
3.621704100745908039e-02 1.223964632668409649e+03
3.679720552113571741e-02 1.204558522218055941e+03
3.737888402694081180e-02 1.185642775089306951e+03
3.796230101851382627e-02 1.167224532180132428e+03
3.854767129392310671e-02 1.149309284095135581e+03
3.913520077142762510e-02 1.131901167197992663e+03
3.972508723997488639e-02 1.115003374954413857e+03
4.031752104894251176e-02 1.098617152925905657e+03
4.091268574166786326e-02 1.082743083460238040e+03
4.151075863720774667e-02 1.067379684413403083e+03
4.211191136458251882e-02 1.052524443323891774e+03
4.271631035351888123e-02 1.038174187959188885e+03
4.332411728544060397e-02 1.024323491883065799e+03
4.393548950817906251e-02 1.010966072396812137e+03
4.455058041760206339e-02 9.980942761780888759e+02
4.516953980909246824e-02 9.856993542410742748e+02
4.579251420155554253e-02 9.737711265170922843e+02
4.641964713639593759e-02 9.622978902409635111e+02
4.705107945368590394e-02 9.512671399075796899e+02
4.768694954754082449e-02 9.406646715033419923e+02
4.832739360253400507e-02 9.304753136246985150e+02
4.897254581281028363e-02 9.206823652480368310e+02
4.962253858540416340e-02 9.112680345367907648e+02
5.027750272912717699e-02 9.022131387117009353e+02
5.093756763026122819e-02 8.934974524645190286e+02
5.160286141617960454e-02 8.850993069490733660e+02
5.227351110791325639e-02 8.769962776792953036e+02
5.294964276258466024e-02 8.691644213230420064e+02
5.363138160654755404e-02 8.615789745952699832e+02
5.431885215999354699e-02 8.542140825067615424e+02
5.501217835371662035e-02 8.470431290538455187e+02
5.571148363866477993e-02 8.400383864845007338e+02
5.641689108885104137e-02 8.331717427320112392e+02
5.712852349814460245e-02 8.264142914755453830e+02
5.784650347141719051e-02 8.197367234241531833e+02
5.857095351047758580e-02 8.131093833453836623e+02
5.930199609518929660e-02 8.065025724817377295e+02
6.003975376013279130e-02 7.998864674475001948e+02
6.078434916714155895e-02 7.932316495122133801e+02
6.153590517401421461e-02 7.865090840018417566e+02
6.229454489967868602e-02 7.796904773636790651e+02
6.306039178606193119e-02 7.727483083236749053e+02
6.383356965689676588e-02 7.656563868032202436e+02
6.461420277367904696e-02 7.583900096235465753e+02
6.540241588897119374e-02 7.509260013428508955e+02
6.619833429723109841e-02 7.432432416820008712e+02
6.700208388333257770e-02 7.353228812336880083e+02
6.781379116892928549e-02 7.271484778582318995e+02
6.863358335680265487e-02 7.187065114842025650e+02
6.946158837332332137e-02 7.099862253234311993e+02
7.029793490914577891e-02 7.009801650348473459e+02
7.114275245824663862e-02 6.916842732117223704e+02
7.199617135540868629e-02 6.820979605223070621e+02
7.285832281224614848e-02 6.722243885844243323e+02
7.372933895185798669e-02 6.620704510023118701e+02
7.460935284219208374e-02 6.516467671309779917e+02
7.549849852819487395e-02 6.409679090321518515e+02
7.639691106281853994e-02 6.300520334648795142e+02
7.730472653695015517e-02 6.189210047856262236e+02
7.822208210832581887e-02 6.076001508521153482e+02
7.914911602948630776e-02 5.961181191384076783e+02
8.008596767482875634e-02 5.845064754297735590e+02
8.103277756680520028e-02 5.727996064048902554e+02
8.198968740131556965e-02 5.610340502413580452e+02
8.295684007234055413e-02 5.492483900272247865e+02
8.393437969585661185e-02 5.374827462037775376e+02
8.492245163307425571e-02 5.257779892364327452e+02
8.592120251303778100e-02 5.141756807130577727e+02
8.693078025462347425e-02 5.027172654208075642e+02
8.795133408797158048e-02 4.914435779721236486e+02
8.898301457538564108e-02 4.803943026879478566e+02
9.002597363173295286e-02 4.696075973710933908e+02
9.108036454437593021e-02 4.591193606958048576e+02
9.214634199266748260e-02 4.489629019477966381e+02
9.322406206703832965e-02 4.391682865119529993e+02
9.431368228770704853e-02 4.297622894726690106e+02
9.541536162304059543e-02 4.207674715980049314e+02
9.652926050759488841e-02 4.122022798629511158e+02
9.765554085986280497e-02 4.040807543621489231e+02
9.879436609975744688e-02 3.964119141062328140e+02
9.994590116585941320e-02 3.891998780774459874e+02
1.011103125324551155e-01 3.824437760547040739e+02
1.022877682263939880e-01 3.761373455395503242e+02
1.034784378437939023e-01 3.702691366856687978e+02
1.046824925666213907e-01 3.648225810482568932e+02
1.059001051791765291e-01 3.597757540713834601e+02
1.071314500845111650e-01 3.551017425547967150e+02
1.083767033208097585e-01 3.507688474448945044e+02
1.096360425777630071e-01 3.467407337290339342e+02
1.109096472129646044e-01 3.429768472402647035e+02
1.121976982683621921e-01 3.394329532186879987e+02
1.135003784867949922e-01 3.360615698593258003e+02
1.148178723286492758e-01 3.328128298661429767e+02
1.161503659886661544e-01 3.296350236245003771e+02
1.174980474129355967e-01 3.264759065103858120e+02
1.188611063161109649e-01 3.232834024576376351e+02
1.202397341988806073e-01 3.200070374624383476e+02
1.216341243657327736e-01 3.165988203493235460e+02
1.230444719430520001e-01 3.130150096612969719e+02
1.244709738975858376e-01 3.092167080801676775e+02
1.259138290553206141e-01 3.051716931331498017e+02
1.273732381208089737e-01 3.008552270367629262e+02
1.288494036969893841e-01 2.962507222553246038e+02
1.303425303055414375e-01 2.913508780729283103e+02
1.318528244078221168e-01 2.861579202976744796e+02
1.333804944264261327e-01 2.806836798571588929e+02
1.349257507674200274e-01 2.749496833271856531e+02
1.364888058432954243e-01 2.689861477192612824e+02
1.380698740966916083e-01 2.628317558209295157e+02
1.396691720249389201e-01 2.565321717697598274e+02
1.412869182054721784e-01 2.501386880171050393e+02
1.429233333221708313e-01 2.437067895478343473e+02
1.445786401926762443e-01 2.372943394493368316e+02
1.462530637967460745e-01 2.309598425654714049e+02
1.479468313057002715e-01 2.247604944734737842e+02
1.496601721130184082e-01 2.187502375856498702e+02
1.513933178661488743e-01 2.129786434703040925e+02
1.531465024995915802e-01 2.074886219368089257e+02
1.549199622693171741e-01 2.023156859733487636e+02
1.567139357885876938e-01 1.974865259936871666e+02
1.585286640652458778e-01 1.930182582660878268e+02
1.603643905405403580e-01 1.889180675961017073e+02
1.622213611295571789e-01 1.851826465013554639e+02
1.640998242633289750e-01 1.817985777922918373e+02
1.660000309326953860e-01 1.787426083272868027e+02
1.679222347339895394e-01 1.759822986853573639e+02
1.698666919166282874e-01 1.734770718925260269e+02
1.718336614326847478e-01 1.711792833119945385e+02
1.738234049885242494e-01 1.690362243941468705e+02
1.758361870985875874e-01 1.669938057792751636e+02
1.778722751414057446e-01 1.650225922526337285e+02
1.799319394179349219e-01 1.630356102098989197e+02
1.820154532123005042e-01 1.609773207504448180e+02
1.841230928550438017e-01 1.587979617230769236e+02
1.862551377889654636e-01 1.564562592451772787e+02
1.884118706376639585e-01 1.539221908681637387e+02
1.905935772768683478e-01 1.511791993451168139e+02
1.928005469086705725e-01 1.482252556580054659e+02
1.950330721387620037e-01 1.450732505175822098e+02
1.972914490567848900e-01 1.417492715432487387e+02
1.995759773199115572e-01 1.382909544577485974e+02
2.018869602397678487e-01 1.347441033753454747e+02
2.042247048728219327e-01 1.311592215853048913e+02
2.065895221143619065e-01 1.275883997986431240e+02
2.089817267961920078e-01 1.240821916550953006e+02
2.114016377881796915e-01 1.206872280205261632e+02
2.138495781037922649e-01 1.174445160271099979e+02
2.163258750097654393e-01 1.143879221296587048e+02
2.188308601400514863e-01 1.115426585636498800e+02
2.213648696142023753e-01 1.089245003603633393e+02
2.239282441603459017e-01 1.065382893221326128e+02
2.265213292429221481e-01 1.043771931761688307e+02
2.291444751953517212e-01 1.024226738718171248e+02
2.317980373578174824e-01 1.006450591799373342e+02
2.344823762203449569e-01 9.900575034265787622e+01
2.371978575713788728e-01 9.746006447769498493e+01
2.399448526520580049e-01 9.596133989702151723e+01
2.427237383164028706e-01 9.446434548226299910e+01
2.455348971976376860e-01 9.292939335958993752e+01
2.483787178808799234e-01 9.132465089345843978e+01
2.512555950824409967e-01 8.962802953679633333e+01
2.541659298359931762e-01 8.782818139097774690e+01
2.571101296858708807e-01 8.592478658934007285e+01
2.600886088877853997e-01 8.392873648317552693e+01
2.631017886172493103e-01 8.186158927437951149e+01
2.661500971860179532e-01 7.975400814176406072e+01
2.692339702668749557e-01 7.764309503666073908e+01
2.723538511271007545e-01 7.556826890457033130e+01
2.755101908709863268e-01 7.356657507193682477e+01
2.787034486917685516e-01 7.166804253854324713e+01
2.819340921333863825e-01 6.989252392863822649e+01
2.852025973624780497e-01 6.824829819882785387e+01
2.885094494510617724e-01 6.673288241814245225e+01
2.918551426703677176e-01 6.533471575542421306e+01
2.952401807963135338e-01 6.403530375007184716e+01
2.986650774271455977e-01 6.281100015098891731e+01
3.021303563137951453e-01 6.163476920336131570e+01
3.056365517035317669e-01 6.047801856400586473e+01
3.091842086975294945e-01 5.931396939360046616e+01
3.127738836229966846e-01 5.812097328984489764e+01
3.164061444205593099e-01 5.688634369132323343e+01
3.200815710476269116e-01 5.560789193888428628e+01
3.238007558985159240e-01 5.429328240576304410e+01
3.275643042421508278e-01 5.295731926035483639e+01
3.313728346782116030e-01 5.161860951835805622e+01
3.352269796126527979e-01 5.029684870904317506e+01
3.391273857535729852e-01 4.901107110980724713e+01
3.430747146284758853e-01 4.777822792256387885e+01
3.470696431240302693e-01 4.661098832528460889e+01
3.511128640495033149e-01 4.551498517865738336e+01
3.552050867251201893e-01 4.448715915555781208e+01
3.593470375966802410e-01 4.351632045432868523e+01
3.635394608778469427e-01 4.258630000595136522e+01
3.677831192216225453e-01 4.168022328252994413e+01
3.720787944226157662e-01 4.078365118323291938e+01
3.764272881518193059e-01 3.988567597137618748e+01
3.808294227257276177e-01 3.897910324192641696e+01
3.852860419117480895e-01 3.806114912851479914e+01
3.897980117719950233e-01 3.713486648248658639e+01
3.943662215476935184e-01 3.620916553769574620e+01
3.989915845865812938e-01 3.529646973993273207e+01
4.036750393158564099e-01 3.440841975587065349e+01
4.084175502634025401e-01 3.355263601524800521e+01
4.132201091302173390e-01 3.273241701693226702e+01
4.180837359171762357e-01 3.194810196734452390e+01
4.230094801094942403e-01 3.119723653777581873e+01
4.279984219224909348e-01 3.047405029060167791e+01
4.330516736125322175e-01 2.976939715391674213e+01
4.381703808573075842e-01 2.907392980236426538e+01
4.433557242099169238e-01 2.838198416437522198e+01
4.486089206315787004e-01 2.769252709280214830e+01
4.539312251081404348e-01 2.700737270385026889e+01
4.593239323559722975e-01 2.632920842383334303e+01
4.647883786232636094e-01 2.566201499057921254e+01
4.703259435932129473e-01 2.501147380652053442e+01
4.759380523961240783e-01 2.438238024355235822e+01
4.816261777379833298e-01 2.377561736632058853e+01
4.873918421537105083e-01 2.318838757184994748e+01
4.932366203939519411e-01 2.261743092176687497e+01
4.991621419550195671e-01 2.206006498237069735e+01
5.051700937623889720e-01 2.151303580220059430e+01
5.112622230190556616e-01 2.097281735829398741e+01
5.174403402310187028e-01 2.043856669021528205e+01
5.237063224232282321e-01 1.991279385092864729e+01
5.300621165605081675e-01 1.939803163081174731e+01
5.365097431892528190e-01 1.889513052571884799e+01
5.430513003171203446e-01 1.840529935337821854e+01
5.496889675495154615e-01 1.792985426669974913e+01
5.564250105033804461e-01 1.746758382182379066e+01
5.632617855207323609e-01 1.701546180723515533e+01
5.702017447064972044e-01 1.657216032970596231e+01
5.772474413175413543e-01 1.613755789725363243e+01
5.844015355323969318e-01 1.571060208406824721e+01
5.916668006340716213e-01 1.529116965931537209e+01
5.990461296415402481e-01 1.488133377893908005e+01
6.065425424290943335e-01 1.448168445726922293e+01
6.141591933767051037e-01 1.409134513296427826e+01
6.218993795990098716e-01 1.371059394978372126e+01
6.297665498054908495e-01 1.333909551081111644e+01
6.377643138499856645e-01 1.297489063673967280e+01
6.458964530338938692e-01 1.261798020402997089e+01
6.541669312344371434e-01 1.226890543593755112e+01
6.625799069371873795e-01 1.192685323899078575e+01
6.711397462609183240e-01 1.159253870729053126e+01
6.798510370728003682e-01 1.126649125738371815e+01
6.887186043032056393e-01 1.094743649924782858e+01
6.977475265820980432e-01 1.063569381372497169e+01
7.069431543333859480e-01 1.033089695167344857e+01
7.163111294799228146e-01 1.003211719203714303e+01
7.258574069303883602e-01 9.740257182521206758e+00
7.355882780403613097e-01 9.454649106340871967e+00
7.455103962639234583e-01 9.175378712945185811e+00
7.556308052395565023e-01 8.902669047438594774e+00
7.659569695854395732e-01 8.635563473777052579e+00
7.764968087151569165e-01 8.374641724981243485e+00
7.872587340260002176e-01 8.119096432091902571e+00
7.982516898593661203e-01 7.869314370353854393e+00
8.094851986872068084e-01 7.625008247036921816e+00
8.209694110412704138e-01 7.386067293280277113e+00
8.327151607743680239e-01 7.152454505883171443e+00
8.447340263267655303e-01 6.923811627174806915e+00
8.570383987679397464e-01 6.700275614820860426e+00
8.696415574966644968e-01 6.481492207743520417e+00
8.825577546133624995e-01 6.267610306413716081e+00
8.958023091310484132e-01 6.058380374681635594e+00
9.093917123687098591e-01 5.853658528852859533e+00
9.233437460779919670e-01 5.653470286602878758e+00
9.376776150956646072e-01 5.457468512281662854e+00
9.524140965965003369e-01 5.265886752452232145e+00
9.675757083507581235e-01 5.078282250725853153e+00
9.831868987753232814e-01 4.894766784972871321e+00
9.992742620166378265e-01 4.715236353698298188e+00
1.015866781826800347e+00 4.539410985864780201e+00
1.032996108602380669e+00 4.367400886165934359e+00
1.050696874659778457e+00 4.199089868710175644e+00
1.069007053632227144e+00 4.034273464026353118e+00
1.087968370800948437e+00 3.872912277052265928e+00
1.107626772221777189e+00 3.715013828991154732e+00
1.128032961676374235e+00 3.560458446010400291e+00
1.149243015748239172e+00 3.409146095545456223e+00
1.171319088659916741e+00 3.260982772265282215e+00
1.194330219834850437e+00 3.115908301647633660e+00
1.218353258334139433e+00 2.973864668026488189e+00
1.243473919146505402e+00 2.834785985035056299e+00
1.269787986428709825e+00 2.698600014520039725e+00
1.297402677658487047e+00 2.565266261827296557e+00
1.326438179447348320e+00 2.434745920406495845e+00
1.357029359249232847e+00 2.307015149920974117e+00
1.389327645651753596e+00 2.182086811765286072e+00
1.423503050951742788e+00 2.059875963833059487e+00
1.459746280163150001e+00 1.940423098192864959e+00
1.498270826710891956e+00 1.823738100866817202e+00
1.539314892912850841e+00 1.709878798950743573e+00
1.583142890160795790e+00 1.598895285727330196e+00
1.630046170439583664e+00 1.490903595559434081e+00
1.680342526716570584e+00 1.386043563409073087e+00
1.734373898970341887e+00 1.284453672197055862e+00
1.792501681770071631e+00 1.186321974044510563e+00
1.855099120906314347e+00 1.091904779268461301e+00
1.922540599286434837e+00 1.001446468956038283e+00
1.995188214593345499e+00 9.152232422483961294e-01
2.073376922032104108e+00 8.335018140318962709e-01
2.157400463669338020e+00 7.565342473767457943e-01
2.247500945602567413e+00 6.845107146849376267e-01
2.343864796547268092e+00 6.175697074243428064e-01
2.446626697180375398e+00 5.557669916761309725e-01
2.555881150842857163e+00 4.990559820177394301e-01
2.671699407724476227e+00 4.473204630857706143e-01
2.794148292040472548e+00 4.003480362101582979e-01
2.923307531783239099e+00 3.578740168815156553e-01
3.059283235988173644e+00 3.196033711305776848e-01
3.202216589529858659e+00 2.852083795611801698e-01
3.352288051523085066e+00 2.543566274850265763e-01
3.509718057102224176e+00 2.267345317321587672e-01
3.674765439951007018e+00 2.020256405886880213e-01
3.847724677726024556e+00 1.799485662020904320e-01
4.028922795608098184e+00 1.602345747800686115e-01
4.218716473687962321e+00 1.426397610772224267e-01
4.417489658571553512e+00 1.269435772634127657e-01
4.625651800197132957e+00 1.129464264072260193e-01
4.843636718658972384e+00 1.004689683763992925e-01
5.071902040333706729e+00 8.934920886795737205e-02
5.310929113514390565e+00 7.944167645882740936e-02
5.561223308416141542e+00 7.061897080856399667e-02
5.823314614861922145e+00 6.276063617340803258e-02
6.097758465956964358e+00 5.576472632598107604e-02
6.385136732787032088e+00 4.953874856296998364e-02
6.686058850746851689e+00 4.399902289718839177e-02
7.001163051104899893e+00 3.907082802721489195e-02
7.331117681428885646e+00 3.468870967548875334e-02
7.676622605729673587e+00 3.079029946674693985e-02
8.038410680121243601e+00 2.732560562541590590e-02
8.417249303010748918e+00 2.424706125370622647e-02
8.813942040848557369e+00 2.150963078471058998e-02
9.229330331701994794e+00 1.907839088460861962e-02
9.664295269671976385e+00 1.691909530576566137e-02
1.011975947365240103e+01 1.500207107019830947e-02
1.059668904426558633e+01 1.329949001065041866e-02
1.109609561306741377e+01 1.178800172838634364e-02
1.161903848834488606e+01 1.044681226152081692e-02
1.216662690204799802e+01 9.255994795222013266e-03
1.274002236261851451e+01 8.199810027931239004e-03
1.334044111870470672e+01 7.262975146188639826e-03
1.396915673898777577e+01 6.432649257662456828e-03
1.462750281359170934e+01 5.696049866311020220e-03
1.531687578280673279e+01 5.043007857105192768e-03
1.603873789912640291e+01 4.464329696140904857e-03
1.679462032888116951e+01 3.951078896021233133e-03
1.758612640004745842e+01 3.496612445471515215e-03
1.841493500312129328e+01 3.093921068656740360e-03
1.928280415227009215e+01 2.736744192658183833e-03
2.019157471431643103e+01 2.421003091393149256e-03
2.114317431346342602e+01 2.141343509573474975e-03
2.213962142004402978e+01 1.893610716355960226e-03
2.318302963196730460e+01 1.674184392319701250e-03
2.427561215794289851e+01 1.479993108038682795e-03
2.541968651199351825e+01 1.308399167330472415e-03
2.661767942921281715e+01 1.156316249270069327e-03
2.787213201319590183e+01 1.021730729611549987e-03
2.918570512606083156e+01 9.029571442025672266e-04
3.056118503249376772e+01 7.976586483384950042e-04
3.200148930979008810e+01 7.046510260560273848e-04
3.350967303642687511e+01 6.224221936283307879e-04
3.508893527229405862e+01 5.496350191066117245e-04
3.674262584432928236e+01 4.852791978673683506e-04
3.847425245194997245e+01 4.283339581026829454e-04
4.028748810735414310e+01 3.781294814366348593e-04
4.218617892647163359e+01 3.336971373289873070e-04
4.417435228709169337e+01 2.944971141950399897e-04
4.625622537147126678e+01 2.598941340829614109e-04
4.843621411154387602e+01 2.292719943175363956e-04
5.071894255570344257e+01 2.022993073322168543e-04
5.310925267703071739e+01 1.784311401761337211e-04
5.561221464376754398e+01 1.572327082608374722e-04
5.823313757382329214e+01 1.387231001257447922e-04
6.097758079612585647e+01 1.223253078760366548e-04
6.385136564270369774e+01 1.077879427670937114e-04
6.686058779651141037e+01 9.500880112005017633e-05
7.001163022119068557e+01 8.375286455250110303e-05
7.331117670019187926e+01 7.373232100299270588e-05
7.676622601397487244e+01 6.497379461601628624e-05
8.038410678536072851e+01 5.722501432039711064e-05
8.417249302452322013e+01 5.039111349339482995e-05
8.813942040659345878e+01 4.432386393077791201e-05
9.229330331640409213e+01 3.905599447356644129e-05
9.664295269652747322e+01 3.435794082092327988e-05
1.011975947364665558e+02 3.020005963674250360e-05
1.059668904426396523e+02 2.658406145175701808e-05
1.109609561306699703e+02 2.339742808000394974e-05
1.161903848834480044e+02 2.054534803873042491e-05
1.216662690204800583e+02 1.803811314947373736e-05
1.274002236261855074e+02 1.587492726129776505e-05
1.334044111870475149e+02 1.393775920851908469e-05
1.396915673898782018e+02 1.222242066398244065e-05
1.462750281359176654e+02 1.074138252449846185e-05
1.531687578280678963e+02 9.399636714614591600e-06
1.603873789912645691e+02 8.259642686152126825e-06
1.679462032888121712e+02 7.238040275799353964e-06
1.758612640004752450e+02 6.331215690998262633e-06
1.841493500312135154e+02 5.548914576367926414e-06
1.928280415227014544e+02 4.850009763590160138e-06
2.019157471431648787e+02 4.259102468185919147e-06
2.114317431346349849e+02 3.699278206100282162e-06
2.213962142004410225e+02 3.261220613201043193e-06
2.318302963196738915e+02 2.833579612356037608e-06
2.427561215794299017e+02 2.473228735664021357e-06
2.541968651199360067e+02 2.162132394445996729e-06
2.661767942921289318e+02 1.876243162733597666e-06
2.787213201319600557e+02 1.630880607002487929e-06
2.918570512606092393e+02 1.418833033260519115e-06
3.056118503249386436e+02 1.238322728087810777e-06
3.200148930979021316e+02 1.070590559613184855e-06
3.350967303642700017e+02 9.251862449055378524e-07
3.508893527229417373e+02 8.034513820666622822e-07
3.674262584432941594e+02 6.969657276484898384e-07
3.847425245195011598e+02 6.024007895304641747e-07
4.028748810735427810e+02 5.181466915166868470e-07
4.218617892647179701e+02 4.501760465333426881e-07
4.417435228709186390e+02 3.839206749723576881e-07
4.625622537147142452e+02 3.315316582378876520e-07
4.843621411154408634e+02 2.843133182806415518e-07
5.071894255570363725e+02 2.456386917479099597e-07
5.310925267703097461e+02 2.088095551775887445e-07
5.561221464376777703e+02 1.793010224730051138e-07
5.823313757382351241e+02 1.540792034263108962e-07
6.097758079612614210e+02 1.314699611603254329e-07
6.385136564270396775e+02 1.123366112341721848e-07
6.686058779651168607e+02 9.756454382208902840e-08
7.001163022119095558e+02 8.272031095508188790e-08
7.331117670019222032e+02 7.039439332002529771e-08
7.676622601397519929e+02 6.054808050199072078e-08
8.038410678536102978e+02 5.132322812419066935e-08
8.417249302452362372e+02 4.395776071913030241e-08
8.813942040659385384e+02 3.757604400187636251e-08
9.229330331640444456e+02 3.243116516396923087e-08
9.664295269652792513e+02 2.791421610541385285e-08
1.011975947364670219e+03 2.343714343904100196e-08
1.059668904426400559e+03 2.041275717217222896e-08
1.109609561306705018e+03 1.750675165840190206e-08
1.161903848834485188e+03 1.484142160465796726e-08
1.216662690204806268e+03 1.318431720914742246e-08
1.274002236261859935e+03 1.152440093134598109e-08
1.334044111870481402e+03 9.515732453817576391e-09
1.396915673898788555e+03 8.489620529973185675e-09
1.462750281359182054e+03 7.411166377964179228e-09
1.531687578280686466e+03 6.508937969774233788e-09
1.603873789912653365e+03 5.523167653223379476e-09
1.679462032888129670e+03 4.817398190110355751e-09
1.758612640004758987e+03 4.362882887536465041e-09
1.841493500312144079e+03 3.827506481339500493e-09
1.928280415227023468e+03 3.369954090139603428e-09
2.019157471431658678e+03 2.977673723742071768e-09
2.114317431346359626e+03 2.586895324997744681e-09
2.213962142004420457e+03 2.248961505522642532e-09
2.318302963196747896e+03 2.003511798573377311e-09
2.427561215794310101e+03 1.758829400551627756e-09
2.541968651199372289e+03 1.609930642883595662e-09
2.661767942921301255e+03 1.424853740757805605e-09
2.787213201319611471e+03 1.242401428036881753e-09
2.918570512606106604e+03 1.081168942618945567e-09
3.056118503249400874e+03 8.702655488922801134e-10
3.200148930979033139e+03 8.493974625656472257e-10
3.350967303642715706e+03 6.967674273954410938e-10
3.508893527229433857e+03 5.993429805044440601e-10
3.674262584432955464e+03 5.134597189140107005e-10
3.847425245195026037e+03 4.842993209680409332e-10
4.028748810735447023e+03 3.618000749884761900e-10
4.218617892647195731e+03 3.539768263372806379e-10
4.417435228709202420e+03 2.679616320305064047e-10
4.625622537147160074e+03 3.013727101502853687e-10
4.843621411154422276e+03 2.429167180815037652e-10
5.071894255570387031e+03 2.708622950919368040e-10
5.310925267703117242e+03 2.032539850072449800e-10
5.561221464376798394e+03 1.917548064336897408e-10
5.823313757382373296e+03 1.208463778075887078e-10
6.097758079612631263e+03 9.332609606466560458e-11
6.385136564270414965e+03 9.098630819075887597e-11
6.686058779651187251e+03 8.778176362281166686e-11
7.001163022119128073e+03 7.022321053803543782e-11
7.331117670019249999e+03 6.622515460686874122e-11
7.676622601397549261e+03 7.943317047666255504e-11
8.038410678536133673e+03 5.847849033003616773e-11
8.417249302452386473e+03 4.586033532258132003e-11
8.813942040659412669e+03 5.063385458318974418e-11
9.229330331640470831e+03 2.916201344518749231e-11
9.664295269652828210e+03 3.592936741951853069e-11
1.011975947364673993e+04 1.904620579105500647e-11
1.059668904426404515e+04 2.551512426558295270e-11
1.109609561306708201e+04 1.918037193360454850e-11
1.161903848834488599e+04 6.872208516683045296e-12
1.216662690204809769e+04 2.021480152609927045e-11
1.273874836038239846e+04 1.167608376216467945e-11
