#           k/h    P           
    0.35185E-05    0.93379E-04
    0.35539E-05    0.94286E-04
    0.35896E-05    0.95202E-04
    0.36257E-05    0.96127E-04
    0.36621E-05    0.97061E-04
    0.36989E-05    0.98004E-04
    0.37361E-05    0.98956E-04
    0.37736E-05    0.99917E-04
    0.38115E-05    0.10089E-03
    0.38499E-05    0.10187E-03
    0.38885E-05    0.10286E-03
    0.39276E-05    0.10386E-03
    0.39671E-05    0.10487E-03
    0.40070E-05    0.10588E-03
    0.40472E-05    0.10691E-03
    0.40879E-05    0.10795E-03
    0.41290E-05    0.10900E-03
    0.41705E-05    0.11006E-03
    0.42124E-05    0.11113E-03
    0.42547E-05    0.11221E-03
    0.42975E-05    0.11330E-03
    0.43407E-05    0.11440E-03
    0.43843E-05    0.11551E-03
    0.44284E-05    0.11663E-03
    0.44729E-05    0.11776E-03
    0.45178E-05    0.11891E-03
    0.45632E-05    0.12006E-03
    0.46091E-05    0.12123E-03
    0.46554E-05    0.12241E-03
    0.47022E-05    0.12360E-03
    0.47495E-05    0.12480E-03
    0.47972E-05    0.12601E-03
    0.48454E-05    0.12723E-03
    0.48941E-05    0.12847E-03
    0.49433E-05    0.12972E-03
    0.49930E-05    0.13098E-03
    0.50432E-05    0.13225E-03
    0.50939E-05    0.13353E-03
    0.51450E-05    0.13483E-03
    0.51968E-05    0.13614E-03
    0.52490E-05    0.13746E-03
    0.53017E-05    0.13880E-03
    0.53550E-05    0.14015E-03
    0.54088E-05    0.14151E-03
    0.54632E-05    0.14288E-03
    0.55181E-05    0.14427E-03
    0.55736E-05    0.14567E-03
    0.56296E-05    0.14709E-03
    0.56862E-05    0.14851E-03
    0.57433E-05    0.14996E-03
    0.58010E-05    0.15141E-03
    0.58593E-05    0.15289E-03
    0.59182E-05    0.15437E-03
    0.59777E-05    0.15587E-03
    0.60378E-05    0.15738E-03
    0.60984E-05    0.15891E-03
    0.61597E-05    0.16046E-03
    0.62216E-05    0.16201E-03
    0.62842E-05    0.16359E-03
    0.63473E-05    0.16518E-03
    0.64111E-05    0.16678E-03
    0.64756E-05    0.16840E-03
    0.65406E-05    0.17004E-03
    0.66064E-05    0.17169E-03
    0.66728E-05    0.17336E-03
    0.67398E-05    0.17504E-03
    0.68076E-05    0.17674E-03
    0.68760E-05    0.17846E-03
    0.69451E-05    0.18019E-03
    0.70149E-05    0.18194E-03
    0.70854E-05    0.18371E-03
    0.71566E-05    0.18549E-03
    0.72285E-05    0.18730E-03
    0.73012E-05    0.18912E-03
    0.73745E-05    0.19095E-03
    0.74487E-05    0.19281E-03
    0.75235E-05    0.19468E-03
    0.75991E-05    0.19657E-03
    0.76755E-05    0.19848E-03
    0.77526E-05    0.20041E-03
    0.78306E-05    0.20236E-03
    0.79093E-05    0.20432E-03
    0.79888E-05    0.20631E-03
    0.80690E-05    0.20831E-03
    0.81501E-05    0.21033E-03
    0.82320E-05    0.21238E-03
    0.83148E-05    0.21444E-03
    0.83983E-05    0.21652E-03
    0.84827E-05    0.21863E-03
    0.85680E-05    0.22075E-03
    0.86541E-05    0.22289E-03
    0.87411E-05    0.22506E-03
    0.88289E-05    0.22725E-03
    0.89177E-05    0.22945E-03
    0.90073E-05    0.23168E-03
    0.90978E-05    0.23393E-03
    0.91893E-05    0.23621E-03
    0.92816E-05    0.23850E-03
    0.93749E-05    0.24082E-03
    0.94691E-05    0.24316E-03
    0.95643E-05    0.24552E-03
    0.96604E-05    0.24790E-03
    0.97575E-05    0.25031E-03
    0.98555E-05    0.25274E-03
    0.99546E-05    0.25520E-03
    0.10055E-04    0.25768E-03
    0.10156E-04    0.26018E-03
    0.10258E-04    0.26271E-03
    0.10361E-04    0.26526E-03
    0.10465E-04    0.26784E-03
    0.10570E-04    0.27044E-03
    0.10676E-04    0.27306E-03
    0.10784E-04    0.27572E-03
    0.10892E-04    0.27839E-03
    0.11002E-04    0.28110E-03
    0.11112E-04    0.28383E-03
    0.11224E-04    0.28659E-03
    0.11337E-04    0.28937E-03
    0.11451E-04    0.29218E-03
    0.11566E-04    0.29502E-03
    0.11682E-04    0.29789E-03
    0.11799E-04    0.30078E-03
    0.11918E-04    0.30370E-03
    0.12038E-04    0.30665E-03
    0.12159E-04    0.30963E-03
    0.12281E-04    0.31264E-03
    0.12404E-04    0.31567E-03
    0.12529E-04    0.31874E-03
    0.12655E-04    0.32184E-03
    0.12782E-04    0.32496E-03
    0.12910E-04    0.32812E-03
    0.13040E-04    0.33131E-03
    0.13171E-04    0.33453E-03
    0.13304E-04    0.33777E-03
    0.13437E-04    0.34106E-03
    0.13572E-04    0.34437E-03
    0.13709E-04    0.34771E-03
    0.13847E-04    0.35109E-03
    0.13986E-04    0.35450E-03
    0.14126E-04    0.35795E-03
    0.14268E-04    0.36142E-03
    0.14412E-04    0.36493E-03
    0.14556E-04    0.36848E-03
    0.14703E-04    0.37206E-03
    0.14851E-04    0.37567E-03
    0.15000E-04    0.37932E-03
    0.15151E-04    0.38301E-03
    0.15303E-04    0.38673E-03
    0.15457E-04    0.39048E-03
    0.15612E-04    0.39428E-03
    0.15769E-04    0.39811E-03
    0.15927E-04    0.40197E-03
    0.16087E-04    0.40588E-03
    0.16249E-04    0.40982E-03
    0.16412E-04    0.41380E-03
    0.16577E-04    0.41782E-03
    0.16744E-04    0.42188E-03
    0.16912E-04    0.42598E-03
    0.17082E-04    0.43012E-03
    0.17254E-04    0.43429E-03
    0.17427E-04    0.43851E-03
    0.17602E-04    0.44277E-03
    0.17779E-04    0.44707E-03
    0.17958E-04    0.45142E-03
    0.18138E-04    0.45580E-03
    0.18321E-04    0.46023E-03
    0.18505E-04    0.46470E-03
    0.18691E-04    0.46921E-03
    0.18879E-04    0.47377E-03
    0.19068E-04    0.47837E-03
    0.19260E-04    0.48302E-03
    0.19454E-04    0.48771E-03
    0.19649E-04    0.49245E-03
    0.19847E-04    0.49723E-03
    0.20046E-04    0.50206E-03
    0.20248E-04    0.50694E-03
    0.20451E-04    0.51186E-03
    0.20657E-04    0.51684E-03
    0.20864E-04    0.52186E-03
    0.21074E-04    0.52693E-03
    0.21286E-04    0.53204E-03
    0.21500E-04    0.53721E-03
    0.21716E-04    0.54243E-03
    0.21934E-04    0.54770E-03
    0.22154E-04    0.55302E-03
    0.22377E-04    0.55839E-03
    0.22602E-04    0.56382E-03
    0.22829E-04    0.56929E-03
    0.23059E-04    0.57482E-03
    0.23290E-04    0.58041E-03
    0.23524E-04    0.58604E-03
    0.23761E-04    0.59174E-03
    0.24000E-04    0.59749E-03
    0.24241E-04    0.60329E-03
    0.24484E-04    0.60915E-03
    0.24730E-04    0.61507E-03
    0.24979E-04    0.62104E-03
    0.25230E-04    0.62707E-03
    0.25484E-04    0.63317E-03
    0.25740E-04    0.63932E-03
    0.25998E-04    0.64553E-03
    0.26260E-04    0.65180E-03
    0.26524E-04    0.65813E-03
    0.26790E-04    0.66452E-03
    0.27059E-04    0.67098E-03
    0.27331E-04    0.67749E-03
    0.27606E-04    0.68407E-03
    0.27883E-04    0.69072E-03
    0.28164E-04    0.69743E-03
    0.28447E-04    0.70420E-03
    0.28733E-04    0.71104E-03
    0.29021E-04    0.71795E-03
    0.29313E-04    0.72492E-03
    0.29608E-04    0.73197E-03
    0.29905E-04    0.73908E-03
    0.30206E-04    0.74626E-03
    0.30509E-04    0.75350E-03
    0.30816E-04    0.76082E-03
    0.31126E-04    0.76821E-03
    0.31439E-04    0.77568E-03
    0.31755E-04    0.78321E-03
    0.32074E-04    0.79082E-03
    0.32396E-04    0.79850E-03
    0.32722E-04    0.80626E-03
    0.33050E-04    0.81409E-03
    0.33383E-04    0.82200E-03
    0.33718E-04    0.82998E-03
    0.34057E-04    0.83804E-03
    0.34399E-04    0.84618E-03
    0.34745E-04    0.85440E-03
    0.35094E-04    0.86270E-03
    0.35447E-04    0.87108E-03
    0.35803E-04    0.87955E-03
    0.36163E-04    0.88809E-03
    0.36526E-04    0.89672E-03
    0.36893E-04    0.90543E-03
    0.37264E-04    0.91422E-03
    0.37639E-04    0.92310E-03
    0.38017E-04    0.93207E-03
    0.38399E-04    0.94112E-03
    0.38785E-04    0.95026E-03
    0.39175E-04    0.95949E-03
    0.39569E-04    0.96881E-03
    0.39966E-04    0.97822E-03
    0.40368E-04    0.98773E-03
    0.40774E-04    0.99732E-03
    0.41183E-04    0.10070E-02
    0.41597E-04    0.10168E-02
    0.42015E-04    0.10267E-02
    0.42438E-04    0.10366E-02
    0.42864E-04    0.10467E-02
    0.43295E-04    0.10569E-02
    0.43730E-04    0.10671E-02
    0.44170E-04    0.10775E-02
    0.44613E-04    0.10880E-02
    0.45062E-04    0.10985E-02
    0.45515E-04    0.11092E-02
    0.45972E-04    0.11200E-02
    0.46434E-04    0.11309E-02
    0.46901E-04    0.11419E-02
    0.47372E-04    0.11529E-02
    0.47848E-04    0.11641E-02
    0.48329E-04    0.11755E-02
    0.48815E-04    0.11869E-02
    0.49305E-04    0.11984E-02
    0.49801E-04    0.12100E-02
    0.50301E-04    0.12218E-02
    0.50807E-04    0.12337E-02
    0.51318E-04    0.12456E-02
    0.51833E-04    0.12577E-02
    0.52354E-04    0.12700E-02
    0.52880E-04    0.12823E-02
    0.53412E-04    0.12948E-02
    0.53949E-04    0.13073E-02
    0.54491E-04    0.13200E-02
    0.55039E-04    0.13328E-02
    0.55592E-04    0.13458E-02
    0.56150E-04    0.13589E-02
    0.56715E-04    0.13721E-02
    0.57285E-04    0.13854E-02
    0.57860E-04    0.13988E-02
    0.58442E-04    0.14124E-02
    0.59029E-04    0.14262E-02
    0.59623E-04    0.14400E-02
    0.60222E-04    0.14540E-02
    0.60827E-04    0.14681E-02
    0.61438E-04    0.14824E-02
    0.62056E-04    0.14968E-02
    0.62680E-04    0.15113E-02
    0.63309E-04    0.15260E-02
    0.63946E-04    0.15408E-02
    0.64588E-04    0.15558E-02
    0.65237E-04    0.15709E-02
    0.65893E-04    0.15862E-02
    0.66555E-04    0.16016E-02
    0.67224E-04    0.16171E-02
    0.67900E-04    0.16328E-02
    0.68582E-04    0.16487E-02
    0.69272E-04    0.16647E-02
    0.69968E-04    0.16809E-02
    0.70671E-04    0.16972E-02
    0.71381E-04    0.17137E-02
    0.72099E-04    0.17303E-02
    0.72823E-04    0.17471E-02
    0.73555E-04    0.17641E-02
    0.74294E-04    0.17812E-02
    0.75041E-04    0.17985E-02
    0.75795E-04    0.18160E-02
    0.76557E-04    0.18336E-02
    0.77326E-04    0.18515E-02
    0.78103E-04    0.18694E-02
    0.78888E-04    0.18876E-02
    0.79681E-04    0.19059E-02
    0.80482E-04    0.19244E-02
    0.81291E-04    0.19431E-02
    0.82108E-04    0.19620E-02
    0.82933E-04    0.19811E-02
    0.83767E-04    0.20003E-02
    0.84608E-04    0.20197E-02
    0.85459E-04    0.20394E-02
    0.86318E-04    0.20592E-02
    0.87185E-04    0.20792E-02
    0.88061E-04    0.20994E-02
    0.88946E-04    0.21198E-02
    0.89840E-04    0.21403E-02
    0.90743E-04    0.21611E-02
    0.91655E-04    0.21821E-02
    0.92576E-04    0.22033E-02
    0.93507E-04    0.22247E-02
    0.94447E-04    0.22463E-02
    0.95396E-04    0.22681E-02
    0.96355E-04    0.22902E-02
    0.97323E-04    0.23124E-02
    0.98301E-04    0.23349E-02
    0.99289E-04    0.23575E-02
    0.10029E-03    0.23804E-02
    0.10129E-03    0.24036E-02
    0.10231E-03    0.24269E-02
    0.10334E-03    0.24505E-02
    0.10438E-03    0.24743E-02
    0.10543E-03    0.24983E-02
    0.10649E-03    0.25226E-02
    0.10756E-03    0.25471E-02
    0.10864E-03    0.25718E-02
    0.10973E-03    0.25968E-02
    0.11083E-03    0.26220E-02
    0.11195E-03    0.26475E-02
    0.11307E-03    0.26732E-02
    0.11421E-03    0.26991E-02
    0.11536E-03    0.27254E-02
    0.11652E-03    0.27518E-02
    0.11769E-03    0.27786E-02
    0.11887E-03    0.28055E-02
    0.12007E-03    0.28328E-02
    0.12127E-03    0.28603E-02
    0.12249E-03    0.28881E-02
    0.12372E-03    0.29161E-02
    0.12497E-03    0.29444E-02
    0.12622E-03    0.29730E-02
    0.12749E-03    0.30019E-02
    0.12877E-03    0.30311E-02
    0.13007E-03    0.30605E-02
    0.13137E-03    0.30902E-02
    0.13269E-03    0.31202E-02
    0.13403E-03    0.31505E-02
    0.13537E-03    0.31811E-02
    0.13673E-03    0.32120E-02
    0.13811E-03    0.32432E-02
    0.13950E-03    0.32747E-02
    0.14090E-03    0.33065E-02
    0.14231E-03    0.33386E-02
    0.14374E-03    0.33710E-02
    0.14519E-03    0.34038E-02
    0.14665E-03    0.34368E-02
    0.14812E-03    0.34702E-02
    0.14961E-03    0.35039E-02
    0.15111E-03    0.35379E-02
    0.15263E-03    0.35723E-02
    0.15417E-03    0.36070E-02
    0.15572E-03    0.36420E-02
    0.15728E-03    0.36774E-02
    0.15886E-03    0.37131E-02
    0.16046E-03    0.37491E-02
    0.16207E-03    0.37855E-02
    0.16370E-03    0.38223E-02
    0.16535E-03    0.38594E-02
    0.16701E-03    0.38969E-02
    0.16869E-03    0.39347E-02
    0.17038E-03    0.39729E-02
    0.17209E-03    0.40115E-02
    0.17382E-03    0.40504E-02
    0.17557E-03    0.40898E-02
    0.17733E-03    0.41295E-02
    0.17912E-03    0.41696E-02
    0.18092E-03    0.42101E-02
    0.18273E-03    0.42509E-02
    0.18457E-03    0.42922E-02
    0.18643E-03    0.43339E-02
    0.18830E-03    0.43760E-02
    0.19019E-03    0.44184E-02
    0.19210E-03    0.44613E-02
    0.19403E-03    0.45046E-02
    0.19598E-03    0.45484E-02
    0.19795E-03    0.45925E-02
    0.19994E-03    0.46371E-02
    0.20195E-03    0.46821E-02
    0.20398E-03    0.47276E-02
    0.20603E-03    0.47735E-02
    0.20810E-03    0.48198E-02
    0.21019E-03    0.48666E-02
    0.21231E-03    0.49139E-02
    0.21444E-03    0.49616E-02
    0.21660E-03    0.50097E-02
    0.21877E-03    0.50583E-02
    0.22097E-03    0.51074E-02
    0.22319E-03    0.51570E-02
    0.22544E-03    0.52071E-02
    0.22770E-03    0.52576E-02
    0.22999E-03    0.53087E-02
    0.23230E-03    0.53602E-02
    0.23464E-03    0.54122E-02
    0.23699E-03    0.54647E-02
    0.23938E-03    0.55178E-02
    0.24178E-03    0.55713E-02
    0.24421E-03    0.56254E-02
    0.24667E-03    0.56800E-02
    0.24914E-03    0.57351E-02
    0.25165E-03    0.57908E-02
    0.25418E-03    0.58470E-02
    0.25673E-03    0.59037E-02
    0.25931E-03    0.59610E-02
    0.26192E-03    0.60188E-02
    0.26455E-03    0.60772E-02
    0.26721E-03    0.61362E-02
    0.26990E-03    0.61958E-02
    0.27261E-03    0.62559E-02
    0.27535E-03    0.63166E-02
    0.27811E-03    0.63779E-02
    0.28091E-03    0.64397E-02
    0.28373E-03    0.65022E-02
    0.28658E-03    0.65653E-02
    0.28947E-03    0.66290E-02
    0.29237E-03    0.66933E-02
    0.29531E-03    0.67583E-02
    0.29828E-03    0.68238E-02
    0.30128E-03    0.68900E-02
    0.30431E-03    0.69568E-02
    0.30736E-03    0.70243E-02
    0.31045E-03    0.70925E-02
    0.31357E-03    0.71613E-02
    0.31673E-03    0.72307E-02
    0.31991E-03    0.73008E-02
    0.32312E-03    0.73717E-02
    0.32637E-03    0.74432E-02
    0.32965E-03    0.75153E-02
    0.33296E-03    0.75882E-02
    0.33631E-03    0.76618E-02
    0.33969E-03    0.77361E-02
    0.34310E-03    0.78111E-02
    0.34655E-03    0.78869E-02
    0.35004E-03    0.79633E-02
    0.35355E-03    0.80405E-02
    0.35711E-03    0.81185E-02
    0.36070E-03    0.81972E-02
    0.36432E-03    0.82767E-02
    0.36798E-03    0.83569E-02
    0.37168E-03    0.84379E-02
    0.37542E-03    0.85197E-02
    0.37919E-03    0.86023E-02
    0.38300E-03    0.86857E-02
    0.38685E-03    0.87699E-02
    0.39074E-03    0.88549E-02
    0.39466E-03    0.89407E-02
    0.39863E-03    0.90273E-02
    0.40264E-03    0.91148E-02
    0.40668E-03    0.92031E-02
    0.41077E-03    0.92923E-02
    0.41490E-03    0.93823E-02
    0.41907E-03    0.94732E-02
    0.42328E-03    0.95650E-02
    0.42753E-03    0.96577E-02
    0.43183E-03    0.97512E-02
    0.43617E-03    0.98457E-02
    0.44055E-03    0.99410E-02
    0.44498E-03    0.10037E-01
    0.44945E-03    0.10135E-01
    0.45397E-03    0.10233E-01
    0.45853E-03    0.10332E-01
    0.46314E-03    0.10432E-01
    0.46780E-03    0.10533E-01
    0.47250E-03    0.10635E-01
    0.47725E-03    0.10738E-01
    0.48204E-03    0.10842E-01
    0.48689E-03    0.10947E-01
    0.49178E-03    0.11053E-01
    0.49672E-03    0.11160E-01
    0.50172E-03    0.11268E-01
    0.50676E-03    0.11377E-01
    0.51185E-03    0.11487E-01
    0.51700E-03    0.11598E-01
    0.52219E-03    0.11710E-01
    0.52744E-03    0.11823E-01
    0.53274E-03    0.11938E-01
    0.53809E-03    0.12053E-01
    0.54350E-03    0.12170E-01
    0.54896E-03    0.12287E-01
    0.55448E-03    0.12406E-01
    0.56005E-03    0.12526E-01
    0.56568E-03    0.12647E-01
    0.57137E-03    0.12769E-01
    0.57711E-03    0.12893E-01
    0.58291E-03    0.13018E-01
    0.58877E-03    0.13143E-01
    0.59469E-03    0.13270E-01
    0.60066E-03    0.13399E-01
    0.60670E-03    0.13528E-01
    0.61280E-03    0.13659E-01
    0.61896E-03    0.13791E-01
    0.62518E-03    0.13924E-01
    0.63146E-03    0.14058E-01
    0.63781E-03    0.14194E-01
    0.64422E-03    0.14331E-01
    0.65069E-03    0.14469E-01
    0.65723E-03    0.14609E-01
    0.66384E-03    0.14750E-01
    0.67051E-03    0.14892E-01
    0.67725E-03    0.15036E-01
    0.68405E-03    0.15181E-01
    0.69093E-03    0.15327E-01
    0.69787E-03    0.15475E-01
    0.70488E-03    0.15624E-01
    0.71197E-03    0.15775E-01
    0.71912E-03    0.15927E-01
    0.72635E-03    0.16081E-01
    0.73365E-03    0.16236E-01
    0.74102E-03    0.16392E-01
    0.74847E-03    0.16550E-01
    0.75599E-03    0.16709E-01
    0.76359E-03    0.16870E-01
    0.77127E-03    0.17033E-01
    0.77902E-03    0.17197E-01
    0.78685E-03    0.17362E-01
    0.79476E-03    0.17529E-01
    0.80274E-03    0.17698E-01
    0.81081E-03    0.17868E-01
    0.81896E-03    0.18040E-01
    0.82719E-03    0.18214E-01
    0.83550E-03    0.18389E-01
    0.84390E-03    0.18565E-01
    0.85238E-03    0.18744E-01
    0.86095E-03    0.18924E-01
    0.86960E-03    0.19106E-01
    0.87834E-03    0.19289E-01
    0.88717E-03    0.19474E-01
    0.89608E-03    0.19661E-01
    0.90509E-03    0.19850E-01
    0.91419E-03    0.20040E-01
    0.92337E-03    0.20233E-01
    0.93265E-03    0.20427E-01
    0.94203E-03    0.20623E-01
    0.95149E-03    0.20820E-01
    0.96106E-03    0.21020E-01
    0.97072E-03    0.21221E-01
    0.98047E-03    0.21424E-01
    0.99033E-03    0.21629E-01
    0.10003E-02    0.21836E-01
    0.10103E-02    0.22045E-01
    0.10205E-02    0.22256E-01
    0.10307E-02    0.22469E-01
    0.10411E-02    0.22684E-01
    0.10516E-02    0.22901E-01
    0.10621E-02    0.23119E-01
    0.10728E-02    0.23340E-01
    0.10836E-02    0.23563E-01
    0.10945E-02    0.23788E-01
    0.11055E-02    0.24015E-01
    0.11166E-02    0.24244E-01
    0.11278E-02    0.24475E-01
    0.11391E-02    0.24708E-01
    0.11506E-02    0.24944E-01
    0.11622E-02    0.25181E-01
    0.11738E-02    0.25421E-01
    0.11856E-02    0.25663E-01
    0.11976E-02    0.25907E-01
    0.12096E-02    0.26153E-01
    0.12217E-02    0.26402E-01
    0.12340E-02    0.26653E-01
    0.12464E-02    0.26906E-01
    0.12590E-02    0.27161E-01
    0.12716E-02    0.27419E-01
    0.12844E-02    0.27679E-01
    0.12973E-02    0.27941E-01
    0.13103E-02    0.28206E-01
    0.13235E-02    0.28473E-01
    0.13368E-02    0.28742E-01
    0.13502E-02    0.29014E-01
    0.13638E-02    0.29288E-01
    0.13775E-02    0.29565E-01
    0.13914E-02    0.29844E-01
    0.14053E-02    0.30126E-01
    0.14195E-02    0.30410E-01
    0.14337E-02    0.30696E-01
    0.14481E-02    0.30986E-01
    0.14627E-02    0.31277E-01
    0.14774E-02    0.31572E-01
    0.14922E-02    0.31869E-01
    0.15072E-02    0.32168E-01
    0.15224E-02    0.32470E-01
    0.15377E-02    0.32775E-01
    0.15531E-02    0.33082E-01
    0.15687E-02    0.33392E-01
    0.15845E-02    0.33705E-01
    0.16004E-02    0.34021E-01
    0.16165E-02    0.34339E-01
    0.16328E-02    0.34660E-01
    0.16492E-02    0.34983E-01
    0.16658E-02    0.35310E-01
    0.16825E-02    0.35639E-01
    0.16994E-02    0.35971E-01
    0.17165E-02    0.36306E-01
    0.17337E-02    0.36643E-01
    0.17512E-02    0.36984E-01
    0.17688E-02    0.37327E-01
    0.17865E-02    0.37674E-01
    0.18045E-02    0.38023E-01
    0.18226E-02    0.38375E-01
    0.18409E-02    0.38730E-01
    0.18594E-02    0.39088E-01
    0.18781E-02    0.39449E-01
    0.18970E-02    0.39812E-01
    0.19161E-02    0.40179E-01
    0.19353E-02    0.40549E-01
    0.19548E-02    0.40922E-01
    0.19744E-02    0.41298E-01
    0.19943E-02    0.41677E-01
    0.20143E-02    0.42059E-01
    0.20346E-02    0.42444E-01
    0.20550E-02    0.42832E-01
    0.20757E-02    0.43223E-01
    0.20965E-02    0.43618E-01
    0.21176E-02    0.44015E-01
    0.21389E-02    0.44416E-01
    0.21604E-02    0.44819E-01
    0.21821E-02    0.45226E-01
    0.22040E-02    0.45636E-01
    0.22262E-02    0.46050E-01
    0.22485E-02    0.46466E-01
    0.22711E-02    0.46886E-01
    0.22940E-02    0.47308E-01
    0.23170E-02    0.47734E-01
    0.23403E-02    0.48164E-01
    0.23638E-02    0.48596E-01
    0.23876E-02    0.49032E-01
    0.24116E-02    0.49471E-01
    0.24358E-02    0.49913E-01
    0.24603E-02    0.50358E-01
    0.24850E-02    0.50807E-01
    0.25100E-02    0.51259E-01
    0.25352E-02    0.51714E-01
    0.25607E-02    0.52172E-01
    0.25864E-02    0.52634E-01
    0.26124E-02    0.53099E-01
    0.26387E-02    0.53567E-01
    0.26652E-02    0.54038E-01
    0.26920E-02    0.54513E-01
    0.27190E-02    0.54991E-01
    0.27464E-02    0.55472E-01
    0.27740E-02    0.55957E-01
    0.28018E-02    0.56445E-01
    0.28300E-02    0.56936E-01
    0.28584E-02    0.57430E-01
    0.28872E-02    0.57928E-01
    0.29162E-02    0.58429E-01
    0.29455E-02    0.58933E-01
    0.29751E-02    0.59440E-01
    0.30050E-02    0.59951E-01
    0.30352E-02    0.60465E-01
    0.30657E-02    0.60982E-01
    0.30965E-02    0.61502E-01
    0.31276E-02    0.62025E-01
    0.31591E-02    0.62552E-01
    0.31908E-02    0.63082E-01
    0.32229E-02    0.63614E-01
    0.32553E-02    0.64150E-01
    0.32880E-02    0.64690E-01
    0.33210E-02    0.65232E-01
    0.33544E-02    0.65777E-01
    0.33881E-02    0.66326E-01
    0.34222E-02    0.66877E-01
    0.34566E-02    0.67432E-01
    0.34913E-02    0.67990E-01
    0.35264E-02    0.68550E-01
    0.35618E-02    0.69114E-01
    0.35976E-02    0.69680E-01
    0.36338E-02    0.70250E-01
    0.36703E-02    0.70822E-01
    0.37072E-02    0.71398E-01
    0.37445E-02    0.71976E-01
    0.37821E-02    0.72557E-01
    0.38201E-02    0.73140E-01
    0.38585E-02    0.73727E-01
    0.38973E-02    0.74316E-01
    0.39364E-02    0.74908E-01
    0.39760E-02    0.75503E-01
    0.40160E-02    0.76100E-01
    0.40563E-02    0.76700E-01
    0.40971E-02    0.77303E-01
    0.41383E-02    0.77908E-01
    0.41799E-02    0.78515E-01
    0.42219E-02    0.79125E-01
    0.42643E-02    0.79738E-01
    0.43072E-02    0.80352E-01
    0.43504E-02    0.80970E-01
    0.43942E-02    0.81589E-01
    0.44383E-02    0.82211E-01
    0.44829E-02    0.82835E-01
    0.45280E-02    0.83461E-01
    0.45735E-02    0.84089E-01
    0.46195E-02    0.84719E-01
    0.46659E-02    0.85352E-01
    0.47128E-02    0.85986E-01
    0.47601E-02    0.86622E-01
    0.48080E-02    0.87260E-01
    0.48563E-02    0.87900E-01
    0.49051E-02    0.88542E-01
    0.49544E-02    0.89185E-01
    0.50042E-02    0.89830E-01
    0.50545E-02    0.90477E-01
    0.51053E-02    0.91125E-01
    0.51566E-02    0.91775E-01
    0.52084E-02    0.92426E-01
    0.52608E-02    0.93079E-01
    0.53137E-02    0.93733E-01
    0.53671E-02    0.94388E-01
    0.54210E-02    0.95044E-01
    0.54755E-02    0.95702E-01
    0.55305E-02    0.96360E-01
    0.55861E-02    0.97020E-01
    0.56422E-02    0.97680E-01
    0.56989E-02    0.98342E-01
    0.57562E-02    0.99004E-01
    0.58141E-02    0.99667E-01
    0.58725E-02    0.10033E+00
    0.59315E-02    0.10099E+00
    0.59911E-02    0.10166E+00
    0.60513E-02    0.10232E+00
    0.61122E-02    0.10299E+00
    0.61736E-02    0.10366E+00
    0.62356E-02    0.10432E+00
    0.62983E-02    0.10499E+00
    0.63616E-02    0.10565E+00
    0.64255E-02    0.10632E+00
    0.64901E-02    0.10699E+00
    0.65553E-02    0.10765E+00
    0.66212E-02    0.10832E+00
    0.66878E-02    0.10898E+00
    0.67550E-02    0.10965E+00
    0.68229E-02    0.11031E+00
    0.68914E-02    0.11097E+00
    0.69607E-02    0.11164E+00
    0.70306E-02    0.11230E+00
    0.71013E-02    0.11296E+00
    0.71727E-02    0.11362E+00
    0.72448E-02    0.11428E+00
    0.73176E-02    0.11494E+00
    0.73911E-02    0.11559E+00
    0.74654E-02    0.11625E+00
    0.75404E-02    0.11690E+00
    0.76162E-02    0.11755E+00
    0.76928E-02    0.11820E+00
    0.77701E-02    0.11885E+00
    0.78482E-02    0.11949E+00
    0.79270E-02    0.12014E+00
    0.80067E-02    0.12078E+00
    0.80872E-02    0.12142E+00
    0.81684E-02    0.12205E+00
    0.82505E-02    0.12269E+00
    0.83335E-02    0.12332E+00
    0.84172E-02    0.12394E+00
    0.85018E-02    0.12457E+00
    0.85873E-02    0.12519E+00
    0.86736E-02    0.12581E+00
    0.87607E-02    0.12642E+00
    0.88488E-02    0.12703E+00
    0.89377E-02    0.12764E+00
    0.90275E-02    0.12824E+00
    0.91183E-02    0.12884E+00
    0.92099E-02    0.12944E+00
    0.93025E-02    0.13003E+00
    0.93960E-02    0.13061E+00
    0.94904E-02    0.13119E+00
    0.95858E-02    0.13177E+00
    0.96821E-02    0.13234E+00
    0.97794E-02    0.13291E+00
    0.98777E-02    0.13347E+00
    0.99770E-02    0.13402E+00
    0.10077E-01    0.13457E+00
    0.10179E-01    0.13511E+00
    0.10281E-01    0.13565E+00
    0.10384E-01    0.13618E+00
    0.10489E-01    0.13670E+00
    0.10594E-01    0.13722E+00
    0.10700E-01    0.13773E+00
    0.10808E-01    0.13824E+00
    0.10917E-01    0.13873E+00
    0.11026E-01    0.13922E+00
    0.11137E-01    0.13970E+00
    0.11249E-01    0.14018E+00
    0.11362E-01    0.14064E+00
    0.11476E-01    0.14110E+00
    0.11592E-01    0.14155E+00
    0.11708E-01    0.14199E+00
    0.11826E-01    0.14242E+00
    0.11945E-01    0.14284E+00
    0.12065E-01    0.14326E+00
    0.12186E-01    0.14366E+00
    0.12308E-01    0.14406E+00
    0.12432E-01    0.14444E+00
    0.12557E-01    0.14482E+00
    0.12683E-01    0.14518E+00
    0.12811E-01    0.14554E+00
    0.12939E-01    0.14588E+00
    0.13069E-01    0.14622E+00
    0.13201E-01    0.14654E+00
    0.13333E-01    0.14685E+00
    0.13468E-01    0.14715E+00
    0.13603E-01    0.14744E+00
    0.13740E-01    0.14772E+00
    0.13878E-01    0.14798E+00
    0.14017E-01    0.14824E+00
    0.14158E-01    0.14848E+00
    0.14300E-01    0.14871E+00
    0.14444E-01    0.14892E+00
    0.14589E-01    0.14912E+00
    0.14736E-01    0.14931E+00
    0.14884E-01    0.14949E+00
    0.15033E-01    0.14965E+00
    0.15185E-01    0.14980E+00
    0.15337E-01    0.14993E+00
    0.15491E-01    0.15005E+00
    0.15647E-01    0.15016E+00
    0.15804E-01    0.15025E+00
    0.15963E-01    0.15032E+00
    0.16124E-01    0.15038E+00
    0.16286E-01    0.15043E+00
    0.16449E-01    0.15046E+00
    0.16615E-01    0.15047E+00
    0.16782E-01    0.15047E+00
    0.16950E-01    0.15045E+00
    0.17121E-01    0.15042E+00
    0.17293E-01    0.15037E+00
    0.17466E-01    0.15031E+00
    0.17642E-01    0.15022E+00
    0.17819E-01    0.15013E+00
    0.17998E-01    0.15001E+00
    0.18179E-01    0.14988E+00
    0.18362E-01    0.14973E+00
    0.18546E-01    0.14956E+00
    0.18733E-01    0.14937E+00
    0.18921E-01    0.14917E+00
    0.19111E-01    0.14895E+00
    0.19303E-01    0.14872E+00
    0.19497E-01    0.14846E+00
    0.19693E-01    0.14819E+00
    0.19891E-01    0.14790E+00
    0.20091E-01    0.14759E+00
    0.20293E-01    0.14726E+00
    0.20497E-01    0.14692E+00
    0.20703E-01    0.14655E+00
    0.20911E-01    0.14617E+00
    0.21121E-01    0.14577E+00
    0.21334E-01    0.14536E+00
    0.21548E-01    0.14492E+00
    0.21764E-01    0.14447E+00
    0.21983E-01    0.14400E+00
    0.22204E-01    0.14351E+00
    0.22427E-01    0.14300E+00
    0.22653E-01    0.14247E+00
    0.22880E-01    0.14193E+00
    0.23110E-01    0.14137E+00
    0.23343E-01    0.14079E+00
    0.23577E-01    0.14020E+00
    0.23814E-01    0.13958E+00
    0.24053E-01    0.13895E+00
    0.24295E-01    0.13831E+00
    0.24539E-01    0.13764E+00
    0.24786E-01    0.13696E+00
    0.25035E-01    0.13627E+00
    0.25287E-01    0.13555E+00
    0.25541E-01    0.13483E+00
    0.25798E-01    0.13408E+00
    0.26057E-01    0.13332E+00
    0.26319E-01    0.13255E+00
    0.26583E-01    0.13176E+00
    0.26850E-01    0.13096E+00
    0.27120E-01    0.13015E+00
    0.27393E-01    0.12932E+00
    0.27668E-01    0.12847E+00
    0.27946E-01    0.12762E+00
    0.28227E-01    0.12675E+00
    0.28511E-01    0.12587E+00
    0.28797E-01    0.12498E+00
    0.29087E-01    0.12408E+00
    0.29379E-01    0.12317E+00
    0.29674E-01    0.12225E+00
    0.29972E-01    0.12132E+00
    0.30274E-01    0.12038E+00
    0.30578E-01    0.11943E+00
    0.30885E-01    0.11848E+00
    0.31196E-01    0.11752E+00
    0.31509E-01    0.11655E+00
    0.31826E-01    0.11558E+00
    0.32146E-01    0.11460E+00
    0.32469E-01    0.11362E+00
    0.32795E-01    0.11263E+00
    0.33125E-01    0.11164E+00
    0.33458E-01    0.11065E+00
    0.33794E-01    0.10965E+00
    0.34133E-01    0.10866E+00
    0.34477E-01    0.10766E+00
    0.34823E-01    0.10667E+00
    0.35173E-01    0.10567E+00
    0.35526E-01    0.10468E+00
    0.35884E-01    0.10369E+00
    0.36244E-01    0.10270E+00
    0.36608E-01    0.10172E+00
    0.36976E-01    0.10074E+00
    0.37348E-01    0.99762E-01
    0.37723E-01    0.98792E-01
    0.38102E-01    0.97829E-01
    0.38485E-01    0.96872E-01
    0.38872E-01    0.95923E-01
    0.39263E-01    0.94983E-01
    0.39657E-01    0.94051E-01
    0.40056E-01    0.93128E-01
    0.40459E-01    0.92215E-01
    0.40865E-01    0.91313E-01
    0.41276E-01    0.90422E-01
    0.41691E-01    0.89543E-01
    0.42110E-01    0.88675E-01
    0.42533E-01    0.87820E-01
    0.42960E-01    0.86978E-01
    0.43392E-01    0.86149E-01
    0.43828E-01    0.85334E-01
    0.44269E-01    0.84533E-01
    0.44714E-01    0.83747E-01
    0.45163E-01    0.82975E-01
    0.45617E-01    0.82217E-01
    0.46075E-01    0.81475E-01
    0.46538E-01    0.80748E-01
    0.47006E-01    0.80036E-01
    0.47479E-01    0.79340E-01
    0.47956E-01    0.78658E-01
    0.48438E-01    0.77992E-01
    0.48925E-01    0.77342E-01
    0.49416E-01    0.76706E-01
    0.49913E-01    0.76085E-01
    0.50415E-01    0.75479E-01
    0.50921E-01    0.74888E-01
    0.51433E-01    0.74310E-01
    0.51950E-01    0.73746E-01
    0.52472E-01    0.73196E-01
    0.52999E-01    0.72658E-01
    0.53532E-01    0.72133E-01
    0.54070E-01    0.71619E-01
    0.54613E-01    0.71116E-01
    0.55162E-01    0.70623E-01
    0.55717E-01    0.70140E-01
    0.56277E-01    0.69665E-01
    0.56842E-01    0.69198E-01
    0.57413E-01    0.68738E-01
    0.57990E-01    0.68284E-01
    0.58573E-01    0.67835E-01
    0.59162E-01    0.67390E-01
    0.59757E-01    0.66947E-01
    0.60357E-01    0.66506E-01
    0.60964E-01    0.66066E-01
    0.61576E-01    0.65625E-01
    0.62195E-01    0.65182E-01
    0.62820E-01    0.64736E-01
    0.63452E-01    0.64286E-01
    0.64089E-01    0.63831E-01
    0.64734E-01    0.63369E-01
    0.65384E-01    0.62899E-01
    0.66041E-01    0.62421E-01
    0.66705E-01    0.61933E-01
    0.67375E-01    0.61433E-01
    0.68052E-01    0.60922E-01
    0.68736E-01    0.60398E-01
    0.69427E-01    0.59861E-01
    0.70125E-01    0.59308E-01
    0.70830E-01    0.58741E-01
    0.71542E-01    0.58158E-01
    0.72261E-01    0.57559E-01
    0.72987E-01    0.56944E-01
    0.73720E-01    0.56312E-01
    0.74461E-01    0.55663E-01
    0.75210E-01    0.54998E-01
    0.75965E-01    0.54316E-01
    0.76729E-01    0.53618E-01
    0.77500E-01    0.52905E-01
    0.78279E-01    0.52178E-01
    0.79066E-01    0.51436E-01
    0.79860E-01    0.50682E-01
    0.80663E-01    0.49915E-01
    0.81474E-01    0.49139E-01
    0.82292E-01    0.48353E-01
    0.83119E-01    0.47560E-01
    0.83955E-01    0.46761E-01
    0.84799E-01    0.45959E-01
    0.85651E-01    0.45154E-01
    0.86512E-01    0.44349E-01
    0.87381E-01    0.43546E-01
    0.88259E-01    0.42746E-01
    0.89146E-01    0.41953E-01
    0.90042E-01    0.41167E-01
    0.90947E-01    0.40392E-01
    0.91861E-01    0.39628E-01
    0.92784E-01    0.38878E-01
    0.93717E-01    0.38144E-01
    0.94659E-01    0.37427E-01
    0.95610E-01    0.36730E-01
    0.96571E-01    0.36054E-01
    0.97542E-01    0.35399E-01
    0.98522E-01    0.34768E-01
    0.99512E-01    0.34161E-01
    0.10051E+00    0.33579E-01
    0.10152E+00    0.33023E-01
    0.10254E+00    0.32493E-01
    0.10357E+00    0.31989E-01
    0.10461E+00    0.31512E-01
    0.10567E+00    0.31061E-01
    0.10673E+00    0.30636E-01
    0.10780E+00    0.30235E-01
    0.10888E+00    0.29859E-01
    0.10998E+00    0.29505E-01
    0.11108E+00    0.29173E-01
    0.11220E+00    0.28861E-01
    0.11333E+00    0.28567E-01
    0.11447E+00    0.28289E-01
    0.11562E+00    0.28025E-01
    0.11678E+00    0.27772E-01
    0.11795E+00    0.27529E-01
    0.11914E+00    0.27292E-01
    0.12033E+00    0.27059E-01
    0.12154E+00    0.26826E-01
    0.12277E+00    0.26592E-01
    0.12400E+00    0.26354E-01
    0.12525E+00    0.26110E-01
    0.12650E+00    0.25856E-01
    0.12778E+00    0.25592E-01
    0.12906E+00    0.25315E-01
    0.13036E+00    0.25025E-01
    0.13167E+00    0.24718E-01
    0.13299E+00    0.24395E-01
    0.13433E+00    0.24055E-01
    0.13568E+00    0.23698E-01
    0.13704E+00    0.23324E-01
    0.13842E+00    0.22933E-01
    0.13981E+00    0.22528E-01
    0.14121E+00    0.22109E-01
    0.14263E+00    0.21678E-01
    0.14407E+00    0.21239E-01
    0.14551E+00    0.20794E-01
    0.14698E+00    0.20344E-01
    0.14845E+00    0.19894E-01
    0.14995E+00    0.19446E-01
    0.15145E+00    0.19002E-01
    0.15298E+00    0.18567E-01
    0.15451E+00    0.18141E-01
    0.15607E+00    0.17730E-01
    0.15763E+00    0.17333E-01
    0.15922E+00    0.16955E-01
    0.16082E+00    0.16596E-01
    0.16244E+00    0.16257E-01
    0.16407E+00    0.15940E-01
    0.16572E+00    0.15645E-01
    0.16738E+00    0.15372E-01
    0.16906E+00    0.15119E-01
    0.17076E+00    0.14887E-01
    0.17248E+00    0.14673E-01
    0.17421E+00    0.14477E-01
    0.17596E+00    0.14296E-01
    0.17773E+00    0.14127E-01
    0.17952E+00    0.13968E-01
    0.18132E+00    0.13816E-01
    0.18315E+00    0.13669E-01
    0.18499E+00    0.13522E-01
    0.18684E+00    0.13373E-01
    0.18872E+00    0.13220E-01
    0.19062E+00    0.13060E-01
    0.19254E+00    0.12891E-01
    0.19447E+00    0.12712E-01
    0.19642E+00    0.12522E-01
    0.19840E+00    0.12320E-01
    0.20039E+00    0.12106E-01
    0.20241E+00    0.11881E-01
    0.20444E+00    0.11647E-01
    0.20650E+00    0.11405E-01
    0.20857E+00    0.11156E-01
    0.21067E+00    0.10905E-01
    0.21278E+00    0.10653E-01
    0.21492E+00    0.10403E-01
    0.21708E+00    0.10157E-01
    0.21926E+00    0.99186E-02
    0.22147E+00    0.96895E-02
    0.22369E+00    0.94717E-02
    0.22594E+00    0.92666E-02
    0.22821E+00    0.90750E-02
    0.23051E+00    0.88973E-02
    0.23282E+00    0.87332E-02
    0.23516E+00    0.85820E-02
    0.23753E+00    0.84428E-02
    0.23991E+00    0.83139E-02
    0.24232E+00    0.81934E-02
    0.24476E+00    0.80790E-02
    0.24722E+00    0.79683E-02
    0.24970E+00    0.78591E-02
    0.25221E+00    0.77493E-02
    0.25475E+00    0.76369E-02
    0.25731E+00    0.75205E-02
    0.25990E+00    0.73987E-02
    0.26251E+00    0.72709E-02
    0.26515E+00    0.71370E-02
    0.26781E+00    0.69976E-02
    0.27050E+00    0.68537E-02
    0.27322E+00    0.67065E-02
    0.27597E+00    0.65578E-02
    0.27874E+00    0.64092E-02
    0.28154E+00    0.62627E-02
    0.28437E+00    0.61201E-02
    0.28723E+00    0.59829E-02
    0.29012E+00    0.58523E-02
    0.29303E+00    0.57290E-02
    0.29598E+00    0.56135E-02
    0.29895E+00    0.55055E-02
    0.30196E+00    0.54046E-02
    0.30499E+00    0.53099E-02
    0.30806E+00    0.52202E-02
    0.31115E+00    0.51338E-02
    0.31428E+00    0.50495E-02
    0.31744E+00    0.49658E-02
    0.32063E+00    0.48816E-02
    0.32385E+00    0.47958E-02
    0.32710E+00    0.47078E-02
    0.33039E+00    0.46175E-02
    0.33371E+00    0.45250E-02
    0.33707E+00    0.44309E-02
    0.34045E+00    0.43360E-02
    0.34388E+00    0.42413E-02
    0.34733E+00    0.41479E-02
    0.35082E+00    0.40569E-02
    0.35435E+00    0.39690E-02
    0.35791E+00    0.38848E-02
    0.36151E+00    0.38046E-02
    0.36514E+00    0.37286E-02
    0.36881E+00    0.36563E-02
    0.37252E+00    0.35872E-02
    0.37626E+00    0.35205E-02
    0.38004E+00    0.34555E-02
    0.38386E+00    0.33914E-02
    0.38772E+00    0.33275E-02
    0.39162E+00    0.32633E-02
    0.39555E+00    0.31987E-02
    0.39953E+00    0.31336E-02
    0.40354E+00    0.30682E-02
    0.40760E+00    0.30030E-02
    0.41169E+00    0.29385E-02
    0.41583E+00    0.28752E-02
    0.42001E+00    0.28136E-02
    0.42423E+00    0.27540E-02
    0.42849E+00    0.26966E-02
    0.43280E+00    0.26414E-02
    0.43715E+00    0.25882E-02
    0.44154E+00    0.25366E-02
    0.44598E+00    0.24863E-02
    0.45046E+00    0.24370E-02
    0.45499E+00    0.23881E-02
    0.45956E+00    0.23396E-02
    0.46418E+00    0.22914E-02
    0.46885E+00    0.22434E-02
    0.47356E+00    0.21958E-02
    0.47832E+00    0.21490E-02
    0.48313E+00    0.21030E-02
    0.48798E+00    0.20581E-02
    0.49289E+00    0.20145E-02
    0.49784E+00    0.19721E-02
    0.50284E+00    0.19310E-02
    0.50790E+00    0.18910E-02
    0.51300E+00    0.18519E-02
    0.51816E+00    0.18135E-02
    0.52337E+00    0.17757E-02
    0.52862E+00    0.17385E-02
    0.53394E+00    0.17017E-02
    0.53930E+00    0.16654E-02
    0.54472E+00    0.16297E-02
    0.55020E+00    0.15947E-02
    0.55573E+00    0.15605E-02
    0.56131E+00    0.15271E-02
    0.56695E+00    0.14945E-02
    0.57265E+00    0.14627E-02
    0.57841E+00    0.14316E-02
    0.58422E+00    0.14012E-02
    0.59009E+00    0.13714E-02
    0.59602E+00    0.13420E-02
    0.60201E+00    0.13132E-02
    0.60806E+00    0.12848E-02
    0.61417E+00    0.12570E-02
    0.62035E+00    0.12298E-02
    0.62658E+00    0.12031E-02
    0.63288E+00    0.11771E-02
    0.63924E+00    0.11516E-02
    0.64566E+00    0.11267E-02
    0.65215E+00    0.11024E-02
    0.65871E+00    0.10784E-02
    0.66533E+00    0.10550E-02
    0.67201E+00    0.10320E-02
    0.67877E+00    0.10095E-02
    0.68559E+00    0.98741E-03
    0.69248E+00    0.96580E-03
    0.69944E+00    0.94466E-03
    0.70647E+00    0.92397E-03
    0.71357E+00    0.90372E-03
    0.72074E+00    0.88390E-03
    0.72798E+00    0.86449E-03
    0.73530E+00    0.84547E-03
    0.74269E+00    0.82684E-03
    0.75015E+00    0.80860E-03
    0.75769E+00    0.79074E-03
    0.76531E+00    0.77326E-03
    0.77300E+00    0.75615E-03
    0.78077E+00    0.73941E-03
    0.78862E+00    0.72302E-03
    0.79654E+00    0.70697E-03
    0.80455E+00    0.69126E-03
    0.81263E+00    0.67588E-03
    0.82080E+00    0.66083E-03
    0.82905E+00    0.64609E-03
    0.83738E+00    0.63167E-03
    0.84580E+00    0.61756E-03
    0.85430E+00    0.60375E-03
    0.86288E+00    0.59024E-03
    0.87155E+00    0.57701E-03
    0.88031E+00    0.56407E-03
    0.88916E+00    0.55140E-03
    0.89810E+00    0.53901E-03
    0.90712E+00    0.52688E-03
    0.91624E+00    0.51501E-03
    0.92545E+00    0.50340E-03
    0.93475E+00    0.49205E-03
    0.94414E+00    0.48093E-03
    0.95363E+00    0.47006E-03
    0.96322E+00    0.45943E-03
    0.97290E+00    0.44902E-03
    0.98268E+00    0.43884E-03
    0.99255E+00    0.42888E-03
    0.10025E+01    0.41914E-03
    0.10126E+01    0.40961E-03
    0.10228E+01    0.40029E-03
    0.10331E+01    0.39118E-03
    0.10434E+01    0.38226E-03
    0.10539E+01    0.37354E-03
    0.10645E+01    0.36500E-03
    0.10752E+01    0.35666E-03
    0.10860E+01    0.34850E-03
    0.10969E+01    0.34052E-03
    0.11080E+01    0.33271E-03
    0.11191E+01    0.32508E-03
    0.11303E+01    0.31761E-03
    0.11417E+01    0.31031E-03
    0.11532E+01    0.30317E-03
    0.11648E+01    0.29620E-03
    0.11765E+01    0.28937E-03
    0.11883E+01    0.28270E-03
    0.12002E+01    0.27617E-03
    0.12123E+01    0.26979E-03
    0.12245E+01    0.26356E-03
    0.12368E+01    0.25746E-03
    0.12492E+01    0.25150E-03
    0.12618E+01    0.24567E-03
    0.12745E+01    0.23997E-03
    0.12873E+01    0.23440E-03
    0.13002E+01    0.22895E-03
    0.13133E+01    0.22363E-03
    0.13265E+01    0.21843E-03
    0.13398E+01    0.21334E-03
    0.13533E+01    0.20837E-03
    0.13669E+01    0.20351E-03
    0.13806E+01    0.19875E-03
    0.13945E+01    0.19411E-03
    0.14085E+01    0.18957E-03
    0.14227E+01    0.18514E-03
    0.14370E+01    0.18080E-03
    0.14514E+01    0.17656E-03
    0.14660E+01    0.17242E-03
    0.14807E+01    0.16838E-03
    0.14956E+01    0.16442E-03
    0.15106E+01    0.16056E-03
    0.15258E+01    0.15678E-03
    0.15411E+01    0.15309E-03
    0.15566E+01    0.14948E-03
    0.15723E+01    0.14596E-03
    0.15881E+01    0.14252E-03
    0.16040E+01    0.13915E-03
    0.16202E+01    0.13586E-03
    0.16364E+01    0.13265E-03
    0.16529E+01    0.12951E-03
    0.16695E+01    0.12645E-03
    0.16863E+01    0.12345E-03
    0.17032E+01    0.12052E-03
    0.17203E+01    0.11766E-03
    0.17376E+01    0.11487E-03
    0.17551E+01    0.11214E-03
    0.17727E+01    0.10947E-03
    0.17906E+01    0.10687E-03
    0.18085E+01    0.10433E-03
    0.18267E+01    0.10184E-03
    0.18451E+01    0.99411E-04
    0.18636E+01    0.97040E-04
    0.18824E+01    0.94723E-04
    0.19013E+01    0.92460E-04
    0.19204E+01    0.90250E-04
    0.19397E+01    0.88091E-04
    0.19592E+01    0.85983E-04
    0.19789E+01    0.83924E-04
    0.19988E+01    0.81912E-04
    0.20188E+01    0.79948E-04
    0.20391E+01    0.78029E-04
    0.20596E+01    0.76155E-04
    0.20803E+01    0.74326E-04
    0.21012E+01    0.72539E-04
    0.21223E+01    0.70793E-04
    0.21437E+01    0.69089E-04
    0.21652E+01    0.67425E-04
    0.21870E+01    0.65800E-04
    0.22090E+01    0.64213E-04
    0.22312E+01    0.62663E-04
    0.22536E+01    0.61150E-04
    0.22762E+01    0.59672E-04
    0.22991E+01    0.58230E-04
    0.23222E+01    0.56821E-04
    0.23456E+01    0.55445E-04
    0.23691E+01    0.54103E-04
    0.23929E+01    0.52792E-04
    0.24170E+01    0.51511E-04
    0.24413E+01    0.50262E-04
    0.24658E+01    0.49041E-04
    0.24906E+01    0.47850E-04
    0.25156E+01    0.46687E-04
    0.25409E+01    0.45552E-04
    0.25664E+01    0.44443E-04
    0.25922E+01    0.43361E-04
    0.26183E+01    0.42305E-04
    0.26446E+01    0.41274E-04
    0.26712E+01    0.40267E-04
    0.26980E+01    0.39285E-04
    0.27252E+01    0.38325E-04
    0.27525E+01    0.37389E-04
    0.27802E+01    0.36475E-04
    0.28081E+01    0.35583E-04
    0.28364E+01    0.34713E-04
    0.28649E+01    0.33863E-04
    0.28937E+01    0.33033E-04
    0.29227E+01    0.32224E-04
    0.29521E+01    0.31433E-04
    0.29818E+01    0.30662E-04
    0.30118E+01    0.29909E-04
    0.30420E+01    0.29175E-04
    0.30726E+01    0.28458E-04
    0.31035E+01    0.27758E-04
    0.31347E+01    0.27075E-04
    0.31662E+01    0.26409E-04
    0.31980E+01    0.25759E-04
    0.32301E+01    0.25124E-04
    0.32626E+01    0.24505E-04
    0.32954E+01    0.23900E-04
    0.33285E+01    0.23311E-04
    0.33620E+01    0.22735E-04
    0.33957E+01    0.22174E-04
    0.34299E+01    0.21626E-04
    0.34643E+01    0.21091E-04
    0.34992E+01    0.20569E-04
    0.35343E+01    0.20060E-04
    0.35699E+01    0.19563E-04
    0.36057E+01    0.19079E-04
    0.36420E+01    0.18606E-04
    0.36786E+01    0.18145E-04
    0.37155E+01    0.17694E-04
    0.37529E+01    0.17255E-04
    0.37906E+01    0.16827E-04
    0.38287E+01    0.16409E-04
    0.38672E+01    0.16001E-04
    0.39060E+01    0.15603E-04
    0.39453E+01    0.15215E-04
    0.39849E+01    0.14836E-04
    0.40250E+01    0.14467E-04
    0.40654E+01    0.14106E-04
    0.41063E+01    0.13755E-04
    0.41476E+01    0.13412E-04
    0.41893E+01    0.13077E-04
    0.42314E+01    0.12751E-04
    0.42739E+01    0.12432E-04
    0.43168E+01    0.12122E-04
    0.43602E+01    0.11819E-04
    0.44040E+01    0.11523E-04
    0.44483E+01    0.11235E-04
    0.44930E+01    0.10954E-04
    0.45382E+01    0.10679E-04
    0.45838E+01    0.10412E-04
    0.46298E+01    0.10151E-04
    0.46764E+01    0.98966E-05
    0.47234E+01    0.96484E-05
    0.47708E+01    0.94063E-05
    0.48188E+01    0.91702E-05
    0.48672E+01    0.89399E-05
    0.49161E+01    0.87153E-05
    0.49655E+01    0.84962E-05
    0.50155E+01    0.82826E-05
    0.50659E+01    0.80742E-05
    0.51168E+01    0.78710E-05
    0.51682E+01    0.76729E-05
    0.52201E+01    0.74796E-05
    0.52726E+01    0.72912E-05
    0.53256E+01    0.71074E-05
    0.53791E+01    0.69281E-05
    0.54332E+01    0.67534E-05
    0.54878E+01    0.65829E-05
    0.55429E+01    0.64167E-05
    0.55986E+01    0.62546E-05
    0.56549E+01    0.60966E-05
    0.57117E+01    0.59425E-05
    0.57691E+01    0.57922E-05
    0.58271E+01    0.56456E-05
    0.58857E+01    0.55028E-05
    0.59448E+01    0.53634E-05
    0.60046E+01    0.52276E-05
    0.60649E+01    0.50951E-05
    0.61259E+01    0.49660E-05
    0.61875E+01    0.48401E-05
    0.62496E+01    0.47173E-05
    0.63124E+01    0.45976E-05
    0.63759E+01    0.44808E-05
    0.64400E+01    0.43671E-05
    0.65047E+01    0.42561E-05
    0.65701E+01    0.41479E-05
    0.66361E+01    0.40425E-05
    0.67028E+01    0.39397E-05
    0.67702E+01    0.38394E-05
    0.68382E+01    0.37417E-05
    0.69069E+01    0.36464E-05
    0.69763E+01    0.35535E-05
    0.70464E+01    0.34630E-05
    0.71173E+01    0.33747E-05
    0.71888E+01    0.32887E-05
    0.72610E+01    0.32048E-05
    0.73340E+01    0.31230E-05
    0.74077E+01    0.30433E-05
    0.74822E+01    0.29656E-05
    0.75574E+01    0.28898E-05
    0.76333E+01    0.28160E-05
    0.77100E+01    0.27440E-05
    0.77875E+01    0.26738E-05
    0.78658E+01    0.26054E-05
    0.79448E+01    0.25387E-05
    0.80247E+01    0.24737E-05
    0.81053E+01    0.24104E-05
    0.81868E+01    0.23486E-05
    0.82691E+01    0.22885E-05
    0.83522E+01    0.22298E-05
    0.84361E+01    0.21726E-05
    0.85209E+01    0.21169E-05
    0.86065E+01    0.20626E-05
    0.86930E+01    0.20096E-05
    0.87804E+01    0.19580E-05
    0.88687E+01    0.19077E-05
    0.89578E+01    0.18587E-05
    0.90478E+01    0.18110E-05
    0.91388E+01    0.17644E-05
    0.92306E+01    0.17190E-05
    0.93234E+01    0.16748E-05
    0.94171E+01    0.16317E-05
    0.95117E+01    0.15897E-05
    0.96073E+01    0.15487E-05
    0.97039E+01    0.15088E-05
    0.98014E+01    0.14700E-05
    0.98999E+01    0.14321E-05
    0.99994E+01    0.13951E-05
    0.10100E+02    0.13592E-05
    0.10201E+02    0.13241E-05
    0.10304E+02    0.12899E-05
    0.10407E+02    0.12566E-05
    0.10512E+02    0.12242E-05
    0.10618E+02    0.11925E-05
    0.10724E+02    0.11617E-05
    0.10832E+02    0.11317E-05
    0.10941E+02    0.11024E-05
    0.11051E+02    0.10739E-05
    0.11162E+02    0.10461E-05
    0.11274E+02    0.10190E-05
    0.11388E+02    0.99266E-06
    0.11502E+02    0.96696E-06
    0.11618E+02    0.94191E-06
    0.11734E+02    0.91750E-06
    0.11852E+02    0.89372E-06
    0.11971E+02    0.87055E-06
    0.12092E+02    0.84797E-06
    0.12213E+02    0.82597E-06
    0.12336E+02    0.80453E-06
    0.12460E+02    0.78365E-06
    0.12585E+02    0.76330E-06
    0.12712E+02    0.74348E-06
    0.12839E+02    0.72416E-06
    0.12969E+02    0.70534E-06
    0.13099E+02    0.68700E-06
    0.13230E+02    0.66914E-06
    0.13363E+02    0.65173E-06
    0.13498E+02    0.63478E-06
    0.13633E+02    0.61826E-06
    0.13770E+02    0.60216E-06
    0.13909E+02    0.58648E-06
    0.14049E+02    0.57120E-06
    0.14190E+02    0.55632E-06
    0.14332E+02    0.54182E-06
    0.14476E+02    0.52770E-06
    0.14622E+02    0.51394E-06
    0.14769E+02    0.50053E-06
    0.14917E+02    0.48747E-06
    0.15067E+02    0.47475E-06
    0.15219E+02    0.46236E-06
    0.15372E+02    0.45029E-06
    0.15526E+02    0.43852E-06
    0.15682E+02    0.42707E-06
    0.15840E+02    0.41591E-06
    0.15999E+02    0.40504E-06
    0.16160E+02    0.39444E-06
    0.16322E+02    0.38413E-06
    0.16486E+02    0.37408E-06
    0.16652E+02    0.36429E-06
    0.16819E+02    0.35476E-06
    0.16988E+02    0.34547E-06
    0.17159E+02    0.33642E-06
    0.17331E+02    0.32761E-06
    0.17506E+02    0.31902E-06
    0.17682E+02    0.31066E-06
    0.17859E+02    0.30252E-06
    0.18039E+02    0.29458E-06
    0.18220E+02    0.28686E-06
    0.18403E+02    0.27933E-06
    0.18588E+02    0.27200E-06
    0.18775E+02    0.26486E-06
    0.18964E+02    0.25791E-06
    0.19154E+02    0.25114E-06
    0.19347E+02    0.24454E-06
    0.19541E+02    0.23811E-06
    0.19738E+02    0.23185E-06
    0.19936E+02    0.22576E-06
    0.20136E+02    0.21982E-06
    0.20339E+02    0.21404E-06
    0.20543E+02    0.20841E-06
    0.20750E+02    0.20293E-06
    0.20958E+02    0.19758E-06
    0.21169E+02    0.19238E-06
    0.21381E+02    0.18732E-06
    0.21596E+02    0.18238E-06
    0.21813E+02    0.17758E-06
    0.22033E+02    0.17290E-06
    0.22254E+02    0.16834E-06
    0.22478E+02    0.16390E-06
    0.22704E+02    0.15958E-06
    0.22932E+02    0.15537E-06
    0.23162E+02    0.15127E-06
    0.23395E+02    0.14728E-06
    0.23630E+02    0.14339E-06
    0.23868E+02    0.13960E-06
    0.24108E+02    0.13592E-06
    0.24350E+02    0.13233E-06
    0.24595E+02    0.12883E-06
    0.24842E+02    0.12543E-06
    0.25091E+02    0.12211E-06
    0.25344E+02    0.11888E-06
    0.25598E+02    0.11574E-06
    0.25856E+02    0.11268E-06
    0.26115E+02    0.10969E-06
    0.26378E+02    0.10679E-06
    0.26643E+02    0.10397E-06
    0.26911E+02    0.10121E-06
    0.27181E+02    0.98532E-07
    0.27454E+02    0.95922E-07
    0.27730E+02    0.93381E-07
    0.28009E+02    0.90906E-07
    0.28290E+02    0.88496E-07
    0.28575E+02    0.86150E-07
    0.28862E+02    0.83865E-07
    0.29152E+02    0.81641E-07
    0.29445E+02    0.79475E-07
    0.29741E+02    0.77366E-07
    0.30040E+02    0.75312E-07
    0.30342E+02    0.73313E-07
    0.30647E+02    0.71366E-07
    0.30955E+02    0.69470E-07
    0.31266E+02    0.67625E-07
    0.31580E+02    0.65828E-07
    0.31897E+02    0.64078E-07
    0.32218E+02    0.62375E-07
    0.32542E+02    0.60716E-07
    0.32869E+02    0.59102E-07
    0.33199E+02    0.57529E-07
    0.33533E+02    0.55999E-07
    0.33870E+02    0.54508E-07
    0.34210E+02    0.53057E-07
    0.34554E+02    0.51645E-07
    0.34901E+02    0.50270E-07
    0.35252E+02    0.48931E-07
    0.35606E+02    0.47627E-07
    0.35964E+02    0.46358E-07
    0.36326E+02    0.45122E-07
    0.36691E+02    0.43919E-07
    0.37059E+02    0.42748E-07
    0.37432E+02    0.41608E-07
    0.37808E+02    0.40498E-07
    0.38188E+02    0.39418E-07
    0.38572E+02    0.38366E-07
    0.38960E+02    0.37341E-07
    0.39351E+02    0.36344E-07
    0.39747E+02    0.35374E-07
    0.40146E+02    0.34429E-07
    0.40550E+02    0.33509E-07
    0.40957E+02    0.32614E-07
    0.41369E+02    0.31742E-07
    0.41784E+02    0.30894E-07
    0.42204E+02    0.30068E-07
    0.42629E+02    0.29263E-07
    0.43057E+02    0.28481E-07
    0.43490E+02    0.27719E-07
    0.43927E+02    0.26977E-07
    0.44368E+02    0.26255E-07
    0.44814E+02    0.25552E-07
    0.45265E+02    0.24868E-07
    0.45719E+02    0.24202E-07
    0.46179E+02    0.23553E-07
    0.46643E+02    0.22922E-07
    0.47112E+02    0.22308E-07
    0.47585E+02    0.21710E-07
    0.48064E+02    0.21128E-07
    0.48547E+02    0.20561E-07
    0.49034E+02    0.20010E-07
    0.49527E+02    0.19473E-07
    0.50025E+02    0.18950E-07
    0.50528E+02    0.18442E-07
    0.51036E+02    0.17947E-07
    0.51549E+02    0.17465E-07
    0.52067E+02    0.16996E-07
    0.52590E+02    0.16539E-07
    0.53118E+02    0.16095E-07
    0.53652E+02    0.15662E-07
    0.54191E+02    0.15241E-07
    0.54736E+02    0.14831E-07
    0.55286E+02    0.14433E-07
    0.55842E+02    0.14044E-07
    0.56403E+02    0.13667E-07
    0.56970E+02    0.13299E-07
    0.57542E+02    0.12941E-07
    0.58121E+02    0.12593E-07
    0.58705E+02    0.12254E-07
    0.59295E+02    0.11924E-07
    0.59891E+02    0.11602E-07
    0.60493E+02    0.11290E-07
    0.61101E+02    0.10985E-07
    0.61715E+02    0.10689E-07
    0.62335E+02    0.10401E-07
    0.62961E+02    0.10121E-07
    0.63594E+02    0.98478E-08
    0.64233E+02    0.95821E-08
    0.64879E+02    0.93236E-08
    0.65531E+02    0.90719E-08
    0.66190E+02    0.88270E-08
    0.66855E+02    0.85887E-08
    0.67527E+02    0.83568E-08
    0.68205E+02    0.81311E-08
    0.68891E+02    0.79114E-08
    0.69583E+02    0.76976E-08
    0.70283E+02    0.74895E-08
    0.70989E+02    0.72870E-08
    0.71702E+02    0.70899E-08
    0.72423E+02    0.68982E-08
    0.73151E+02    0.67116E-08
    0.73886E+02    0.65300E-08
    0.74629E+02    0.63532E-08
    0.75379E+02    0.61812E-08
    0.76136E+02    0.60138E-08
    0.76901E+02    0.58509E-08
    0.77674E+02    0.56924E-08
    0.78455E+02    0.55382E-08
    0.79243E+02    0.53881E-08
    0.80040E+02    0.52420E-08
    0.80844E+02    0.50999E-08
    0.81657E+02    0.49616E-08
    0.82477E+02    0.48270E-08
    0.83306E+02    0.46960E-08
    0.84144E+02    0.45685E-08
    0.84989E+02    0.44445E-08
    0.85843E+02    0.43238E-08
    0.86706E+02    0.42064E-08
    0.87577E+02    0.40921E-08
    0.88458E+02    0.39809E-08
    0.89347E+02    0.38727E-08
    0.90245E+02    0.37674E-08
    0.91152E+02    0.36649E-08
    0.92068E+02    0.35653E-08
    0.92993E+02    0.34682E-08
    0.93927E+02    0.33739E-08
    0.94871E+02    0.32820E-08
    0.95825E+02    0.31927E-08
    0.96788E+02    0.31057E-08
    0.97761E+02    0.30211E-08
    0.98743E+02    0.29388E-08
    0.99736E+02    0.28587E-08
    0.10074E+03    0.27807E-08
    0.10175E+03    0.27049E-08
    0.10277E+03    0.26311E-08
    0.10381E+03    0.25593E-08
    0.10485E+03    0.24895E-08
    0.10590E+03    0.24215E-08
    0.10697E+03    0.23554E-08
    0.10804E+03    0.22910E-08
    0.10913E+03    0.22284E-08
    0.11023E+03    0.21675E-08
    0.11133E+03    0.21083E-08
    0.11245E+03    0.20506E-08
    0.11358E+03    0.19945E-08
    0.11472E+03    0.19400E-08
    0.11588E+03    0.18869E-08
    0.11704E+03    0.18352E-08
    0.11822E+03    0.17849E-08
    0.11941E+03    0.17360E-08
    0.12061E+03    0.16885E-08
    0.12182E+03    0.16422E-08
    0.12304E+03    0.15972E-08
    0.12428E+03    0.15534E-08
    0.12553E+03    0.15107E-08
    0.12679E+03    0.14693E-08
    0.12806E+03    0.14289E-08
    0.12935E+03    0.13897E-08
    0.13065E+03    0.13515E-08
    0.13196E+03    0.13144E-08
    0.13329E+03    0.12782E-08
    0.13463E+03    0.12431E-08
    0.13598E+03    0.12089E-08
    0.13735E+03    0.11756E-08
    0.13873E+03    0.11433E-08
    0.14012E+03    0.11118E-08
    0.14153E+03    0.10811E-08
    0.14295E+03    0.10514E-08
    0.14439E+03    0.10224E-08
    0.14584E+03    0.99418E-09
    0.14731E+03    0.96675E-09
    0.14879E+03    0.94007E-09
    0.15028E+03    0.91412E-09
    0.15179E+03    0.88887E-09
    0.15332E+03    0.86431E-09
    0.15486E+03    0.84043E-09
    0.15642E+03    0.81719E-09
    0.15799E+03    0.79458E-09
    0.15958E+03    0.77259E-09
    0.16118E+03    0.75120E-09
    0.16280E+03    0.73040E-09
    0.16444E+03    0.71016E-09
    0.16609E+03    0.69048E-09
    0.16776E+03    0.67133E-09
    0.16944E+03    0.65271E-09
    0.17115E+03    0.63459E-09
    0.17287E+03    0.61697E-09
    0.17460E+03    0.59983E-09
    0.17636E+03    0.58316E-09
    0.17813E+03    0.56695E-09
    0.17992E+03    0.55117E-09
    0.18173E+03    0.53584E-09
    0.18356E+03    0.52092E-09
    0.18540E+03    0.50641E-09
    0.18726E+03    0.49229E-09
    0.18915E+03    0.47857E-09
    0.19105E+03    0.46522E-09
    0.19297E+03    0.45223E-09
    0.19491E+03    0.43960E-09
    0.19687E+03    0.42732E-09
    0.19884E+03    0.41538E-09
    0.20084E+03    0.40376E-09
