#           k/h    P           
    0.35185E-05    0.26580E-01
    0.35539E-05    0.26838E-01
    0.35896E-05    0.27099E-01
    0.36257E-05    0.27362E-01
    0.36621E-05    0.27628E-01
    0.36989E-05    0.27896E-01
    0.37361E-05    0.28167E-01
    0.37736E-05    0.28441E-01
    0.38115E-05    0.28717E-01
    0.38499E-05    0.28996E-01
    0.38885E-05    0.29278E-01
    0.39276E-05    0.29562E-01
    0.39671E-05    0.29849E-01
    0.40070E-05    0.30139E-01
    0.40472E-05    0.30432E-01
    0.40879E-05    0.30727E-01
    0.41290E-05    0.31026E-01
    0.41705E-05    0.31327E-01
    0.42124E-05    0.31632E-01
    0.42547E-05    0.31939E-01
    0.42975E-05    0.32249E-01
    0.43407E-05    0.32562E-01
    0.43843E-05    0.32879E-01
    0.44284E-05    0.33198E-01
    0.44729E-05    0.33521E-01
    0.45178E-05    0.33846E-01
    0.45632E-05    0.34175E-01
    0.46091E-05    0.34507E-01
    0.46554E-05    0.34842E-01
    0.47022E-05    0.35181E-01
    0.47495E-05    0.35522E-01
    0.47972E-05    0.35867E-01
    0.48454E-05    0.36216E-01
    0.48941E-05    0.36568E-01
    0.49433E-05    0.36923E-01
    0.49930E-05    0.37281E-01
    0.50432E-05    0.37644E-01
    0.50939E-05    0.38009E-01
    0.51450E-05    0.38378E-01
    0.51968E-05    0.38751E-01
    0.52490E-05    0.39128E-01
    0.53017E-05    0.39508E-01
    0.53550E-05    0.39892E-01
    0.54088E-05    0.40279E-01
    0.54632E-05    0.40670E-01
    0.55181E-05    0.41065E-01
    0.55736E-05    0.41464E-01
    0.56296E-05    0.41867E-01
    0.56862E-05    0.42274E-01
    0.57433E-05    0.42684E-01
    0.58010E-05    0.43099E-01
    0.58593E-05    0.43518E-01
    0.59182E-05    0.43940E-01
    0.59777E-05    0.44367E-01
    0.60378E-05    0.44798E-01
    0.60984E-05    0.45233E-01
    0.61597E-05    0.45673E-01
    0.62216E-05    0.46116E-01
    0.62842E-05    0.46564E-01
    0.63473E-05    0.47017E-01
    0.64111E-05    0.47473E-01
    0.64756E-05    0.47935E-01
    0.65406E-05    0.48400E-01
    0.66064E-05    0.48870E-01
    0.66728E-05    0.49345E-01
    0.67398E-05    0.49824E-01
    0.68076E-05    0.50308E-01
    0.68760E-05    0.50797E-01
    0.69451E-05    0.51291E-01
    0.70149E-05    0.51789E-01
    0.70854E-05    0.52292E-01
    0.71566E-05    0.52800E-01
    0.72285E-05    0.53313E-01
    0.73012E-05    0.53831E-01
    0.73745E-05    0.54353E-01
    0.74487E-05    0.54881E-01
    0.75235E-05    0.55415E-01
    0.75991E-05    0.55953E-01
    0.76755E-05    0.56496E-01
    0.77526E-05    0.57045E-01
    0.78306E-05    0.57599E-01
    0.79093E-05    0.58159E-01
    0.79888E-05    0.58724E-01
    0.80690E-05    0.59294E-01
    0.81501E-05    0.59870E-01
    0.82320E-05    0.60452E-01
    0.83148E-05    0.61039E-01
    0.83983E-05    0.61632E-01
    0.84827E-05    0.62231E-01
    0.85680E-05    0.62835E-01
    0.86541E-05    0.63445E-01
    0.87411E-05    0.64062E-01
    0.88289E-05    0.64684E-01
    0.89177E-05    0.65312E-01
    0.90073E-05    0.65947E-01
    0.90978E-05    0.66587E-01
    0.91893E-05    0.67234E-01
    0.92816E-05    0.67887E-01
    0.93749E-05    0.68547E-01
    0.94691E-05    0.69213E-01
    0.95643E-05    0.69885E-01
    0.96604E-05    0.70564E-01
    0.97575E-05    0.71249E-01
    0.98555E-05    0.71941E-01
    0.99546E-05    0.72640E-01
    0.10055E-04    0.73346E-01
    0.10156E-04    0.74058E-01
    0.10258E-04    0.74778E-01
    0.10361E-04    0.75504E-01
    0.10465E-04    0.76237E-01
    0.10570E-04    0.76978E-01
    0.10676E-04    0.77726E-01
    0.10784E-04    0.78481E-01
    0.10892E-04    0.79243E-01
    0.11002E-04    0.80013E-01
    0.11112E-04    0.80790E-01
    0.11224E-04    0.81575E-01
    0.11337E-04    0.82367E-01
    0.11451E-04    0.83167E-01
    0.11566E-04    0.83975E-01
    0.11682E-04    0.84791E-01
    0.11799E-04    0.85615E-01
    0.11918E-04    0.86446E-01
    0.12038E-04    0.87286E-01
    0.12159E-04    0.88134E-01
    0.12281E-04    0.88990E-01
    0.12404E-04    0.89854E-01
    0.12529E-04    0.90727E-01
    0.12655E-04    0.91609E-01
    0.12782E-04    0.92498E-01
    0.12910E-04    0.93397E-01
    0.13040E-04    0.94304E-01
    0.13171E-04    0.95220E-01
    0.13304E-04    0.96145E-01
    0.13437E-04    0.97079E-01
    0.13572E-04    0.98022E-01
    0.13709E-04    0.98974E-01
    0.13847E-04    0.99936E-01
    0.13986E-04    0.10091E+00
    0.14126E-04    0.10189E+00
    0.14268E-04    0.10288E+00
    0.14412E-04    0.10388E+00
    0.14556E-04    0.10488E+00
    0.14703E-04    0.10590E+00
    0.14851E-04    0.10693E+00
    0.15000E-04    0.10797E+00
    0.15151E-04    0.10902E+00
    0.15303E-04    0.11008E+00
    0.15457E-04    0.11115E+00
    0.15612E-04    0.11223E+00
    0.15769E-04    0.11332E+00
    0.15927E-04    0.11442E+00
    0.16087E-04    0.11553E+00
    0.16249E-04    0.11665E+00
    0.16412E-04    0.11779E+00
    0.16577E-04    0.11893E+00
    0.16744E-04    0.12008E+00
    0.16912E-04    0.12125E+00
    0.17082E-04    0.12243E+00
    0.17254E-04    0.12362E+00
    0.17427E-04    0.12482E+00
    0.17602E-04    0.12603E+00
    0.17779E-04    0.12726E+00
    0.17958E-04    0.12849E+00
    0.18138E-04    0.12974E+00
    0.18321E-04    0.13100E+00
    0.18505E-04    0.13227E+00
    0.18691E-04    0.13356E+00
    0.18879E-04    0.13485E+00
    0.19068E-04    0.13616E+00
    0.19260E-04    0.13749E+00
    0.19454E-04    0.13882E+00
    0.19649E-04    0.14017E+00
    0.19847E-04    0.14153E+00
    0.20046E-04    0.14291E+00
    0.20248E-04    0.14430E+00
    0.20451E-04    0.14570E+00
    0.20657E-04    0.14711E+00
    0.20864E-04    0.14854E+00
    0.21074E-04    0.14999E+00
    0.21286E-04    0.15144E+00
    0.21500E-04    0.15291E+00
    0.21716E-04    0.15440E+00
    0.21934E-04    0.15590E+00
    0.22154E-04    0.15741E+00
    0.22377E-04    0.15894E+00
    0.22602E-04    0.16049E+00
    0.22829E-04    0.16204E+00
    0.23059E-04    0.16362E+00
    0.23290E-04    0.16521E+00
    0.23524E-04    0.16681E+00
    0.23761E-04    0.16843E+00
    0.24000E-04    0.17007E+00
    0.24241E-04    0.17172E+00
    0.24484E-04    0.17339E+00
    0.24730E-04    0.17507E+00
    0.24979E-04    0.17677E+00
    0.25230E-04    0.17849E+00
    0.25484E-04    0.18022E+00
    0.25740E-04    0.18198E+00
    0.25998E-04    0.18374E+00
    0.26260E-04    0.18553E+00
    0.26524E-04    0.18733E+00
    0.26790E-04    0.18915E+00
    0.27059E-04    0.19099E+00
    0.27331E-04    0.19284E+00
    0.27606E-04    0.19472E+00
    0.27883E-04    0.19661E+00
    0.28164E-04    0.19852E+00
    0.28447E-04    0.20044E+00
    0.28733E-04    0.20239E+00
    0.29021E-04    0.20436E+00
    0.29313E-04    0.20634E+00
    0.29608E-04    0.20835E+00
    0.29905E-04    0.21037E+00
    0.30206E-04    0.21241E+00
    0.30509E-04    0.21448E+00
    0.30816E-04    0.21656E+00
    0.31126E-04    0.21866E+00
    0.31439E-04    0.22079E+00
    0.31755E-04    0.22293E+00
    0.32074E-04    0.22510E+00
    0.32396E-04    0.22728E+00
    0.32722E-04    0.22949E+00
    0.33050E-04    0.23172E+00
    0.33383E-04    0.23397E+00
    0.33718E-04    0.23625E+00
    0.34057E-04    0.23854E+00
    0.34399E-04    0.24086E+00
    0.34745E-04    0.24320E+00
    0.35094E-04    0.24556E+00
    0.35447E-04    0.24794E+00
    0.35803E-04    0.25035E+00
    0.36163E-04    0.25278E+00
    0.36526E-04    0.25524E+00
    0.36893E-04    0.25772E+00
    0.37264E-04    0.26022E+00
    0.37639E-04    0.26275E+00
    0.38017E-04    0.26530E+00
    0.38399E-04    0.26788E+00
    0.38785E-04    0.27048E+00
    0.39175E-04    0.27311E+00
    0.39569E-04    0.27576E+00
    0.39966E-04    0.27844E+00
    0.40368E-04    0.28114E+00
    0.40774E-04    0.28387E+00
    0.41183E-04    0.28663E+00
    0.41597E-04    0.28942E+00
    0.42015E-04    0.29223E+00
    0.42438E-04    0.29507E+00
    0.42864E-04    0.29793E+00
    0.43295E-04    0.30083E+00
    0.43730E-04    0.30375E+00
    0.44170E-04    0.30670E+00
    0.44613E-04    0.30968E+00
    0.45062E-04    0.31268E+00
    0.45515E-04    0.31572E+00
    0.45972E-04    0.31879E+00
    0.46434E-04    0.32188E+00
    0.46901E-04    0.32501E+00
    0.47372E-04    0.32817E+00
    0.47848E-04    0.33136E+00
    0.48329E-04    0.33457E+00
    0.48815E-04    0.33782E+00
    0.49305E-04    0.34110E+00
    0.49801E-04    0.34442E+00
    0.50301E-04    0.34776E+00
    0.50807E-04    0.35114E+00
    0.51318E-04    0.35455E+00
    0.51833E-04    0.35800E+00
    0.52354E-04    0.36147E+00
    0.52880E-04    0.36498E+00
    0.53412E-04    0.36853E+00
    0.53949E-04    0.37211E+00
    0.54491E-04    0.37572E+00
    0.55039E-04    0.37937E+00
    0.55592E-04    0.38306E+00
    0.56150E-04    0.38678E+00
    0.56715E-04    0.39053E+00
    0.57285E-04    0.39433E+00
    0.57860E-04    0.39816E+00
    0.58442E-04    0.40202E+00
    0.59029E-04    0.40593E+00
    0.59623E-04    0.40987E+00
    0.60222E-04    0.41385E+00
    0.60827E-04    0.41787E+00
    0.61438E-04    0.42193E+00
    0.62056E-04    0.42603E+00
    0.62680E-04    0.43016E+00
    0.63309E-04    0.43434E+00
    0.63946E-04    0.43856E+00
    0.64588E-04    0.44282E+00
    0.65237E-04    0.44712E+00
    0.65893E-04    0.45146E+00
    0.66555E-04    0.45585E+00
    0.67224E-04    0.46028E+00
    0.67900E-04    0.46475E+00
    0.68582E-04    0.46926E+00
    0.69272E-04    0.47382E+00
    0.69968E-04    0.47842E+00
    0.70671E-04    0.48306E+00
    0.71381E-04    0.48776E+00
    0.72099E-04    0.49249E+00
    0.72823E-04    0.49728E+00
    0.73555E-04    0.50210E+00
    0.74294E-04    0.50698E+00
    0.75041E-04    0.51190E+00
    0.75795E-04    0.51688E+00
    0.76557E-04    0.52190E+00
    0.77326E-04    0.52696E+00
    0.78103E-04    0.53208E+00
    0.78888E-04    0.53725E+00
    0.79681E-04    0.54247E+00
    0.80482E-04    0.54773E+00
    0.81291E-04    0.55305E+00
    0.82108E-04    0.55842E+00
    0.82933E-04    0.56385E+00
    0.83767E-04    0.56932E+00
    0.84608E-04    0.57485E+00
    0.85459E-04    0.58043E+00
    0.86318E-04    0.58607E+00
    0.87185E-04    0.59176E+00
    0.88061E-04    0.59751E+00
    0.88946E-04    0.60331E+00
    0.89840E-04    0.60917E+00
    0.90743E-04    0.61508E+00
    0.91655E-04    0.62106E+00
    0.92576E-04    0.62709E+00
    0.93507E-04    0.63318E+00
    0.94447E-04    0.63932E+00
    0.95396E-04    0.64553E+00
    0.96355E-04    0.65180E+00
    0.97323E-04    0.65813E+00
    0.98301E-04    0.66452E+00
    0.99289E-04    0.67097E+00
    0.10029E-03    0.67749E+00
    0.10129E-03    0.68407E+00
    0.10231E-03    0.69071E+00
    0.10334E-03    0.69741E+00
    0.10438E-03    0.70419E+00
    0.10543E-03    0.71102E+00
    0.10649E-03    0.71793E+00
    0.10756E-03    0.72490E+00
    0.10864E-03    0.73194E+00
    0.10973E-03    0.73904E+00
    0.11083E-03    0.74622E+00
    0.11195E-03    0.75346E+00
    0.11307E-03    0.76078E+00
    0.11421E-03    0.76816E+00
    0.11536E-03    0.77562E+00
    0.11652E-03    0.78315E+00
    0.11769E-03    0.79075E+00
    0.11887E-03    0.79843E+00
    0.12007E-03    0.80618E+00
    0.12127E-03    0.81401E+00
    0.12249E-03    0.82191E+00
    0.12372E-03    0.82989E+00
    0.12497E-03    0.83795E+00
    0.12622E-03    0.84608E+00
    0.12749E-03    0.85429E+00
    0.12877E-03    0.86259E+00
    0.13007E-03    0.87096E+00
    0.13137E-03    0.87941E+00
    0.13269E-03    0.88795E+00
    0.13403E-03    0.89657E+00
    0.13537E-03    0.90527E+00
    0.13673E-03    0.91406E+00
    0.13811E-03    0.92293E+00
    0.13950E-03    0.93189E+00
    0.14090E-03    0.94093E+00
    0.14231E-03    0.95006E+00
    0.14374E-03    0.95928E+00
    0.14519E-03    0.96860E+00
    0.14665E-03    0.97800E+00
    0.14812E-03    0.98749E+00
    0.14961E-03    0.99707E+00
    0.15111E-03    0.10067E+01
    0.15263E-03    0.10165E+01
    0.15417E-03    0.10264E+01
    0.15572E-03    0.10363E+01
    0.15728E-03    0.10464E+01
    0.15886E-03    0.10566E+01
    0.16046E-03    0.10668E+01
    0.16207E-03    0.10772E+01
    0.16370E-03    0.10876E+01
    0.16535E-03    0.10982E+01
    0.16701E-03    0.11088E+01
    0.16869E-03    0.11196E+01
    0.17038E-03    0.11304E+01
    0.17209E-03    0.11414E+01
    0.17382E-03    0.11525E+01
    0.17557E-03    0.11637E+01
    0.17733E-03    0.11749E+01
    0.17912E-03    0.11863E+01
    0.18092E-03    0.11979E+01
    0.18273E-03    0.12095E+01
    0.18457E-03    0.12212E+01
    0.18643E-03    0.12330E+01
    0.18830E-03    0.12450E+01
    0.19019E-03    0.12571E+01
    0.19210E-03    0.12693E+01
    0.19403E-03    0.12816E+01
    0.19598E-03    0.12940E+01
    0.19795E-03    0.13066E+01
    0.19994E-03    0.13192E+01
    0.20195E-03    0.13320E+01
    0.20398E-03    0.13449E+01
    0.20603E-03    0.13580E+01
    0.20810E-03    0.13712E+01
    0.21019E-03    0.13845E+01
    0.21231E-03    0.13979E+01
    0.21444E-03    0.14114E+01
    0.21660E-03    0.14251E+01
    0.21877E-03    0.14389E+01
    0.22097E-03    0.14529E+01
    0.22319E-03    0.14670E+01
    0.22544E-03    0.14812E+01
    0.22770E-03    0.14955E+01
    0.22999E-03    0.15100E+01
    0.23230E-03    0.15247E+01
    0.23464E-03    0.15394E+01
    0.23699E-03    0.15544E+01
    0.23938E-03    0.15694E+01
    0.24178E-03    0.15846E+01
    0.24421E-03    0.16000E+01
    0.24667E-03    0.16155E+01
    0.24914E-03    0.16311E+01
    0.25165E-03    0.16469E+01
    0.25418E-03    0.16629E+01
    0.25673E-03    0.16790E+01
    0.25931E-03    0.16953E+01
    0.26192E-03    0.17117E+01
    0.26455E-03    0.17283E+01
    0.26721E-03    0.17450E+01
    0.26990E-03    0.17619E+01
    0.27261E-03    0.17790E+01
    0.27535E-03    0.17962E+01
    0.27811E-03    0.18136E+01
    0.28091E-03    0.18312E+01
    0.28373E-03    0.18489E+01
    0.28658E-03    0.18668E+01
    0.28947E-03    0.18849E+01
    0.29237E-03    0.19031E+01
    0.29531E-03    0.19215E+01
    0.29828E-03    0.19401E+01
    0.30128E-03    0.19589E+01
    0.30431E-03    0.19779E+01
    0.30736E-03    0.19970E+01
    0.31045E-03    0.20163E+01
    0.31357E-03    0.20358E+01
    0.31673E-03    0.20555E+01
    0.31991E-03    0.20754E+01
    0.32312E-03    0.20955E+01
    0.32637E-03    0.21157E+01
    0.32965E-03    0.21362E+01
    0.33296E-03    0.21569E+01
    0.33631E-03    0.21777E+01
    0.33969E-03    0.21988E+01
    0.34310E-03    0.22200E+01
    0.34655E-03    0.22415E+01
    0.35004E-03    0.22632E+01
    0.35355E-03    0.22850E+01
    0.35711E-03    0.23071E+01
    0.36070E-03    0.23294E+01
    0.36432E-03    0.23519E+01
    0.36798E-03    0.23746E+01
    0.37168E-03    0.23976E+01
    0.37542E-03    0.24207E+01
    0.37919E-03    0.24441E+01
    0.38300E-03    0.24677E+01
    0.38685E-03    0.24915E+01
    0.39074E-03    0.25156E+01
    0.39466E-03    0.25399E+01
    0.39863E-03    0.25644E+01
    0.40264E-03    0.25891E+01
    0.40668E-03    0.26141E+01
    0.41077E-03    0.26393E+01
    0.41490E-03    0.26648E+01
    0.41907E-03    0.26905E+01
    0.42328E-03    0.27164E+01
    0.42753E-03    0.27426E+01
    0.43183E-03    0.27691E+01
    0.43617E-03    0.27958E+01
    0.44055E-03    0.28227E+01
    0.44498E-03    0.28499E+01
    0.44945E-03    0.28774E+01
    0.45397E-03    0.29051E+01
    0.45853E-03    0.29331E+01
    0.46314E-03    0.29613E+01
    0.46780E-03    0.29899E+01
    0.47250E-03    0.30186E+01
    0.47725E-03    0.30477E+01
    0.48204E-03    0.30770E+01
    0.48689E-03    0.31066E+01
    0.49178E-03    0.31365E+01
    0.49672E-03    0.31667E+01
    0.50172E-03    0.31972E+01
    0.50676E-03    0.32279E+01
    0.51185E-03    0.32589E+01
    0.51700E-03    0.32903E+01
    0.52219E-03    0.33219E+01
    0.52744E-03    0.33538E+01
    0.53274E-03    0.33860E+01
    0.53809E-03    0.34185E+01
    0.54350E-03    0.34514E+01
    0.54896E-03    0.34845E+01
    0.55448E-03    0.35179E+01
    0.56005E-03    0.35517E+01
    0.56568E-03    0.35858E+01
    0.57137E-03    0.36202E+01
    0.57711E-03    0.36549E+01
    0.58291E-03    0.36899E+01
    0.58877E-03    0.37253E+01
    0.59469E-03    0.37610E+01
    0.60066E-03    0.37970E+01
    0.60670E-03    0.38334E+01
    0.61280E-03    0.38701E+01
    0.61896E-03    0.39071E+01
    0.62518E-03    0.39445E+01
    0.63146E-03    0.39823E+01
    0.63781E-03    0.40203E+01
    0.64422E-03    0.40588E+01
    0.65069E-03    0.40976E+01
    0.65723E-03    0.41367E+01
    0.66384E-03    0.41763E+01
    0.67051E-03    0.42161E+01
    0.67725E-03    0.42564E+01
    0.68405E-03    0.42970E+01
    0.69093E-03    0.43380E+01
    0.69787E-03    0.43794E+01
    0.70488E-03    0.44212E+01
    0.71197E-03    0.44633E+01
    0.71912E-03    0.45058E+01
    0.72635E-03    0.45487E+01
    0.73365E-03    0.45921E+01
    0.74102E-03    0.46358E+01
    0.74847E-03    0.46799E+01
    0.75599E-03    0.47244E+01
    0.76359E-03    0.47693E+01
    0.77127E-03    0.48146E+01
    0.77902E-03    0.48604E+01
    0.78685E-03    0.49065E+01
    0.79476E-03    0.49531E+01
    0.80274E-03    0.50001E+01
    0.81081E-03    0.50475E+01
    0.81896E-03    0.50954E+01
    0.82719E-03    0.51437E+01
    0.83550E-03    0.51924E+01
    0.84390E-03    0.52416E+01
    0.85238E-03    0.52912E+01
    0.86095E-03    0.53413E+01
    0.86960E-03    0.53918E+01
    0.87834E-03    0.54427E+01
    0.88717E-03    0.54942E+01
    0.89608E-03    0.55460E+01
    0.90509E-03    0.55984E+01
    0.91419E-03    0.56512E+01
    0.92337E-03    0.57045E+01
    0.93265E-03    0.57583E+01
    0.94203E-03    0.58125E+01
    0.95149E-03    0.58672E+01
    0.96106E-03    0.59224E+01
    0.97072E-03    0.59781E+01
    0.98047E-03    0.60343E+01
    0.99033E-03    0.60910E+01
    0.10003E-02    0.61482E+01
    0.10103E-02    0.62059E+01
    0.10205E-02    0.62641E+01
    0.10307E-02    0.63229E+01
    0.10411E-02    0.63821E+01
    0.10516E-02    0.64419E+01
    0.10621E-02    0.65021E+01
    0.10728E-02    0.65629E+01
    0.10836E-02    0.66243E+01
    0.10945E-02    0.66861E+01
    0.11055E-02    0.67485E+01
    0.11166E-02    0.68115E+01
    0.11278E-02    0.68750E+01
    0.11391E-02    0.69390E+01
    0.11506E-02    0.70036E+01
    0.11622E-02    0.70688E+01
    0.11738E-02    0.71345E+01
    0.11856E-02    0.72008E+01
    0.11976E-02    0.72677E+01
    0.12096E-02    0.73351E+01
    0.12217E-02    0.74031E+01
    0.12340E-02    0.74717E+01
    0.12464E-02    0.75408E+01
    0.12590E-02    0.76106E+01
    0.12716E-02    0.76809E+01
    0.12844E-02    0.77519E+01
    0.12973E-02    0.78234E+01
    0.13103E-02    0.78956E+01
    0.13235E-02    0.79683E+01
    0.13368E-02    0.80417E+01
    0.13502E-02    0.81157E+01
    0.13638E-02    0.81903E+01
    0.13775E-02    0.82655E+01
    0.13914E-02    0.83414E+01
    0.14053E-02    0.84178E+01
    0.14195E-02    0.84950E+01
    0.14337E-02    0.85727E+01
    0.14481E-02    0.86511E+01
    0.14627E-02    0.87302E+01
    0.14774E-02    0.88098E+01
    0.14922E-02    0.88902E+01
    0.15072E-02    0.89712E+01
    0.15224E-02    0.90529E+01
    0.15377E-02    0.91352E+01
    0.15531E-02    0.92182E+01
    0.15687E-02    0.93019E+01
    0.15845E-02    0.93862E+01
    0.16004E-02    0.94712E+01
    0.16165E-02    0.95569E+01
    0.16328E-02    0.96433E+01
    0.16492E-02    0.97304E+01
    0.16658E-02    0.98182E+01
    0.16825E-02    0.99067E+01
    0.16994E-02    0.99958E+01
    0.17165E-02    0.10086E+02
    0.17337E-02    0.10176E+02
    0.17512E-02    0.10268E+02
    0.17688E-02    0.10360E+02
    0.17865E-02    0.10452E+02
    0.18045E-02    0.10546E+02
    0.18226E-02    0.10640E+02
    0.18409E-02    0.10735E+02
    0.18594E-02    0.10830E+02
    0.18781E-02    0.10927E+02
    0.18970E-02    0.11024E+02
    0.19161E-02    0.11122E+02
    0.19353E-02    0.11220E+02
    0.19548E-02    0.11320E+02
    0.19744E-02    0.11420E+02
    0.19943E-02    0.11521E+02
    0.20143E-02    0.11622E+02
    0.20346E-02    0.11725E+02
    0.20550E-02    0.11828E+02
    0.20757E-02    0.11932E+02
    0.20965E-02    0.12036E+02
    0.21176E-02    0.12142E+02
    0.21389E-02    0.12248E+02
    0.21604E-02    0.12355E+02
    0.21821E-02    0.12462E+02
    0.22040E-02    0.12571E+02
    0.22262E-02    0.12680E+02
    0.22485E-02    0.12790E+02
    0.22711E-02    0.12901E+02
    0.22940E-02    0.13013E+02
    0.23170E-02    0.13125E+02
    0.23403E-02    0.13238E+02
    0.23638E-02    0.13352E+02
    0.23876E-02    0.13467E+02
    0.24116E-02    0.13582E+02
    0.24358E-02    0.13699E+02
    0.24603E-02    0.13816E+02
    0.24850E-02    0.13934E+02
    0.25100E-02    0.14053E+02
    0.25352E-02    0.14172E+02
    0.25607E-02    0.14292E+02
    0.25864E-02    0.14414E+02
    0.26124E-02    0.14535E+02
    0.26387E-02    0.14658E+02
    0.26652E-02    0.14782E+02
    0.26920E-02    0.14906E+02
    0.27190E-02    0.15031E+02
    0.27464E-02    0.15157E+02
    0.27740E-02    0.15284E+02
    0.28018E-02    0.15411E+02
    0.28300E-02    0.15540E+02
    0.28584E-02    0.15669E+02
    0.28872E-02    0.15799E+02
    0.29162E-02    0.15930E+02
    0.29455E-02    0.16061E+02
    0.29751E-02    0.16194E+02
    0.30050E-02    0.16327E+02
    0.30352E-02    0.16461E+02
    0.30657E-02    0.16595E+02
    0.30965E-02    0.16731E+02
    0.31276E-02    0.16867E+02
    0.31591E-02    0.17004E+02
    0.31908E-02    0.17142E+02
    0.32229E-02    0.17281E+02
    0.32553E-02    0.17420E+02
    0.32880E-02    0.17561E+02
    0.33210E-02    0.17702E+02
    0.33544E-02    0.17843E+02
    0.33881E-02    0.17986E+02
    0.34222E-02    0.18129E+02
    0.34566E-02    0.18273E+02
    0.34913E-02    0.18418E+02
    0.35264E-02    0.18564E+02
    0.35618E-02    0.18710E+02
    0.35976E-02    0.18857E+02
    0.36338E-02    0.19005E+02
    0.36703E-02    0.19154E+02
    0.37072E-02    0.19303E+02
    0.37445E-02    0.19453E+02
    0.37821E-02    0.19604E+02
    0.38201E-02    0.19755E+02
    0.38585E-02    0.19907E+02
    0.38973E-02    0.20060E+02
    0.39364E-02    0.20214E+02
    0.39760E-02    0.20368E+02
    0.40160E-02    0.20523E+02
    0.40563E-02    0.20679E+02
    0.40971E-02    0.20835E+02
    0.41383E-02    0.20992E+02
    0.41799E-02    0.21150E+02
    0.42219E-02    0.21308E+02
    0.42643E-02    0.21467E+02
    0.43072E-02    0.21627E+02
    0.43504E-02    0.21787E+02
    0.43942E-02    0.21948E+02
    0.44383E-02    0.22109E+02
    0.44829E-02    0.22271E+02
    0.45280E-02    0.22434E+02
    0.45735E-02    0.22597E+02
    0.46195E-02    0.22761E+02
    0.46659E-02    0.22925E+02
    0.47128E-02    0.23090E+02
    0.47601E-02    0.23255E+02
    0.48080E-02    0.23421E+02
    0.48563E-02    0.23587E+02
    0.49051E-02    0.23754E+02
    0.49544E-02    0.23921E+02
    0.50042E-02    0.24089E+02
    0.50545E-02    0.24257E+02
    0.51053E-02    0.24426E+02
    0.51566E-02    0.24595E+02
    0.52084E-02    0.24765E+02
    0.52608E-02    0.24935E+02
    0.53137E-02    0.25105E+02
    0.53671E-02    0.25276E+02
    0.54210E-02    0.25447E+02
    0.54755E-02    0.25618E+02
    0.55305E-02    0.25790E+02
    0.55861E-02    0.25962E+02
    0.56422E-02    0.26134E+02
    0.56989E-02    0.26306E+02
    0.57562E-02    0.26479E+02
    0.58141E-02    0.26652E+02
    0.58725E-02    0.26825E+02
    0.59315E-02    0.26999E+02
    0.59911E-02    0.27172E+02
    0.60513E-02    0.27346E+02
    0.61122E-02    0.27520E+02
    0.61736E-02    0.27694E+02
    0.62356E-02    0.27868E+02
    0.62983E-02    0.28042E+02
    0.63616E-02    0.28216E+02
    0.64255E-02    0.28390E+02
    0.64901E-02    0.28564E+02
    0.65553E-02    0.28738E+02
    0.66212E-02    0.28912E+02
    0.66878E-02    0.29086E+02
    0.67550E-02    0.29260E+02
    0.68229E-02    0.29434E+02
    0.68914E-02    0.29608E+02
    0.69607E-02    0.29781E+02
    0.70306E-02    0.29954E+02
    0.71013E-02    0.30127E+02
    0.71727E-02    0.30300E+02
    0.72448E-02    0.30472E+02
    0.73176E-02    0.30644E+02
    0.73911E-02    0.30816E+02
    0.74654E-02    0.30988E+02
    0.75404E-02    0.31159E+02
    0.76162E-02    0.31329E+02
    0.76928E-02    0.31499E+02
    0.77701E-02    0.31669E+02
    0.78482E-02    0.31838E+02
    0.79270E-02    0.32006E+02
    0.80067E-02    0.32174E+02
    0.80872E-02    0.32341E+02
    0.81684E-02    0.32508E+02
    0.82505E-02    0.32674E+02
    0.83335E-02    0.32839E+02
    0.84172E-02    0.33003E+02
    0.85018E-02    0.33167E+02
    0.85873E-02    0.33329E+02
    0.86736E-02    0.33491E+02
    0.87607E-02    0.33652E+02
    0.88488E-02    0.33812E+02
    0.89377E-02    0.33971E+02
    0.90275E-02    0.34129E+02
    0.91183E-02    0.34286E+02
    0.92099E-02    0.34441E+02
    0.93025E-02    0.34596E+02
    0.93960E-02    0.34749E+02
    0.94904E-02    0.34901E+02
    0.95858E-02    0.35052E+02
    0.96821E-02    0.35202E+02
    0.97794E-02    0.35350E+02
    0.98777E-02    0.35496E+02
    0.99770E-02    0.35642E+02
    0.10077E-01    0.35785E+02
    0.10179E-01    0.35927E+02
    0.10281E-01    0.36068E+02
    0.10384E-01    0.36207E+02
    0.10489E-01    0.36344E+02
    0.10594E-01    0.36480E+02
    0.10700E-01    0.36613E+02
    0.10808E-01    0.36745E+02
    0.10917E-01    0.36875E+02
    0.11026E-01    0.37003E+02
    0.11137E-01    0.37129E+02
    0.11249E-01    0.37253E+02
    0.11362E-01    0.37375E+02
    0.11476E-01    0.37495E+02
    0.11592E-01    0.37613E+02
    0.11708E-01    0.37728E+02
    0.11826E-01    0.37841E+02
    0.11945E-01    0.37952E+02
    0.12065E-01    0.38060E+02
    0.12186E-01    0.38166E+02
    0.12308E-01    0.38269E+02
    0.12432E-01    0.38370E+02
    0.12557E-01    0.38468E+02
    0.12683E-01    0.38564E+02
    0.12811E-01    0.38656E+02
    0.12939E-01    0.38746E+02
    0.13069E-01    0.38834E+02
    0.13201E-01    0.38918E+02
    0.13333E-01    0.38999E+02
    0.13468E-01    0.39078E+02
    0.13603E-01    0.39153E+02
    0.13740E-01    0.39225E+02
    0.13878E-01    0.39294E+02
    0.14017E-01    0.39360E+02
    0.14158E-01    0.39422E+02
    0.14300E-01    0.39482E+02
    0.14444E-01    0.39538E+02
    0.14589E-01    0.39590E+02
    0.14736E-01    0.39639E+02
    0.14884E-01    0.39684E+02
    0.15033E-01    0.39726E+02
    0.15185E-01    0.39764E+02
    0.15337E-01    0.39798E+02
    0.15491E-01    0.39829E+02
    0.15647E-01    0.39856E+02
    0.15804E-01    0.39879E+02
    0.15963E-01    0.39898E+02
    0.16124E-01    0.39913E+02
    0.16286E-01    0.39924E+02
    0.16449E-01    0.39931E+02
    0.16615E-01    0.39933E+02
    0.16782E-01    0.39932E+02
    0.16950E-01    0.39927E+02
    0.17121E-01    0.39917E+02
    0.17293E-01    0.39903E+02
    0.17466E-01    0.39884E+02
    0.17642E-01    0.39862E+02
    0.17819E-01    0.39834E+02
    0.17998E-01    0.39803E+02
    0.18179E-01    0.39767E+02
    0.18362E-01    0.39726E+02
    0.18546E-01    0.39681E+02
    0.18733E-01    0.39631E+02
    0.18921E-01    0.39577E+02
    0.19111E-01    0.39518E+02
    0.19303E-01    0.39454E+02
    0.19497E-01    0.39385E+02
    0.19693E-01    0.39312E+02
    0.19891E-01    0.39234E+02
    0.20091E-01    0.39152E+02
    0.20293E-01    0.39064E+02
    0.20497E-01    0.38972E+02
    0.20703E-01    0.38875E+02
    0.20911E-01    0.38773E+02
    0.21121E-01    0.38667E+02
    0.21334E-01    0.38556E+02
    0.21548E-01    0.38439E+02
    0.21764E-01    0.38319E+02
    0.21983E-01    0.38193E+02
    0.22204E-01    0.38062E+02
    0.22427E-01    0.37927E+02
    0.22653E-01    0.37787E+02
    0.22880E-01    0.37643E+02
    0.23110E-01    0.37494E+02
    0.23343E-01    0.37340E+02
    0.23577E-01    0.37181E+02
    0.23814E-01    0.37018E+02
    0.24053E-01    0.36851E+02
    0.24295E-01    0.36679E+02
    0.24539E-01    0.36502E+02
    0.24786E-01    0.36321E+02
    0.25035E-01    0.36136E+02
    0.25287E-01    0.35947E+02
    0.25541E-01    0.35753E+02
    0.25798E-01    0.35556E+02
    0.26057E-01    0.35354E+02
    0.26319E-01    0.35149E+02
    0.26583E-01    0.34939E+02
    0.26850E-01    0.34726E+02
    0.27120E-01    0.34509E+02
    0.27393E-01    0.34289E+02
    0.27668E-01    0.34065E+02
    0.27946E-01    0.33838E+02
    0.28227E-01    0.33608E+02
    0.28511E-01    0.33375E+02
    0.28797E-01    0.33138E+02
    0.29087E-01    0.32899E+02
    0.29379E-01    0.32657E+02
    0.29674E-01    0.32413E+02
    0.29972E-01    0.32166E+02
    0.30274E-01    0.31917E+02
    0.30578E-01    0.31665E+02
    0.30885E-01    0.31412E+02
    0.31196E-01    0.31157E+02
    0.31509E-01    0.30900E+02
    0.31826E-01    0.30642E+02
    0.32146E-01    0.30382E+02
    0.32469E-01    0.30121E+02
    0.32795E-01    0.29860E+02
    0.33125E-01    0.29597E+02
    0.33458E-01    0.29334E+02
    0.33794E-01    0.29070E+02
    0.34133E-01    0.28806E+02
    0.34477E-01    0.28542E+02
    0.34823E-01    0.28277E+02
    0.35173E-01    0.28013E+02
    0.35526E-01    0.27750E+02
    0.35884E-01    0.27487E+02
    0.36244E-01    0.27225E+02
    0.36608E-01    0.26964E+02
    0.36976E-01    0.26704E+02
    0.37348E-01    0.26445E+02
    0.37723E-01    0.26188E+02
    0.38102E-01    0.25932E+02
    0.38485E-01    0.25679E+02
    0.38872E-01    0.25427E+02
    0.39263E-01    0.25177E+02
    0.39657E-01    0.24930E+02
    0.40056E-01    0.24685E+02
    0.40459E-01    0.24443E+02
    0.40865E-01    0.24204E+02
    0.41276E-01    0.23967E+02
    0.41691E-01    0.23734E+02
    0.42110E-01    0.23504E+02
    0.42533E-01    0.23277E+02
    0.42960E-01    0.23054E+02
    0.43392E-01    0.22834E+02
    0.43828E-01    0.22618E+02
    0.44269E-01    0.22406E+02
    0.44714E-01    0.22197E+02
    0.45163E-01    0.21992E+02
    0.45617E-01    0.21792E+02
    0.46075E-01    0.21595E+02
    0.46538E-01    0.21402E+02
    0.47006E-01    0.21213E+02
    0.47479E-01    0.21029E+02
    0.47956E-01    0.20848E+02
    0.48438E-01    0.20672E+02
    0.48925E-01    0.20499E+02
    0.49416E-01    0.20331E+02
    0.49913E-01    0.20166E+02
    0.50415E-01    0.20005E+02
    0.50921E-01    0.19848E+02
    0.51433E-01    0.19695E+02
    0.51950E-01    0.19546E+02
    0.52472E-01    0.19400E+02
    0.52999E-01    0.19258E+02
    0.53532E-01    0.19118E+02
    0.54070E-01    0.18982E+02
    0.54613E-01    0.18849E+02
    0.55162E-01    0.18718E+02
    0.55717E-01    0.18590E+02
    0.56277E-01    0.18464E+02
    0.56842E-01    0.18340E+02
    0.57413E-01    0.18218E+02
    0.57990E-01    0.18098E+02
    0.58573E-01    0.17979E+02
    0.59162E-01    0.17861E+02
    0.59757E-01    0.17744E+02
    0.60357E-01    0.17627E+02
    0.60964E-01    0.17510E+02
    0.61576E-01    0.17393E+02
    0.62195E-01    0.17276E+02
    0.62820E-01    0.17158E+02
    0.63452E-01    0.17039E+02
    0.64089E-01    0.16918E+02
    0.64734E-01    0.16795E+02
    0.65384E-01    0.16671E+02
    0.66041E-01    0.16544E+02
    0.66705E-01    0.16415E+02
    0.67375E-01    0.16282E+02
    0.68052E-01    0.16147E+02
    0.68736E-01    0.16008E+02
    0.69427E-01    0.15865E+02
    0.70125E-01    0.15719E+02
    0.70830E-01    0.15569E+02
    0.71542E-01    0.15414E+02
    0.72261E-01    0.15255E+02
    0.72987E-01    0.15092E+02
    0.73720E-01    0.14925E+02
    0.74461E-01    0.14753E+02
    0.75210E-01    0.14576E+02
    0.75965E-01    0.14396E+02
    0.76729E-01    0.14211E+02
    0.77500E-01    0.14022E+02
    0.78279E-01    0.13829E+02
    0.79066E-01    0.13632E+02
    0.79860E-01    0.13432E+02
    0.80663E-01    0.13229E+02
    0.81474E-01    0.13023E+02
    0.82292E-01    0.12815E+02
    0.83119E-01    0.12604E+02
    0.83955E-01    0.12393E+02
    0.84799E-01    0.12180E+02
    0.85651E-01    0.11967E+02
    0.86512E-01    0.11753E+02
    0.87381E-01    0.11540E+02
    0.88259E-01    0.11328E+02
    0.89146E-01    0.11118E+02
    0.90042E-01    0.10910E+02
    0.90947E-01    0.10704E+02
    0.91861E-01    0.10502E+02
    0.92784E-01    0.10303E+02
    0.93717E-01    0.10108E+02
    0.94659E-01    0.99185E+01
    0.95610E-01    0.97337E+01
    0.96571E-01    0.95543E+01
    0.97542E-01    0.93809E+01
    0.98522E-01    0.92136E+01
    0.99512E-01    0.90527E+01
    0.10051E+00    0.88985E+01
    0.10152E+00    0.87510E+01
    0.10254E+00    0.86106E+01
    0.10357E+00    0.84772E+01
    0.10461E+00    0.83508E+01
    0.10567E+00    0.82313E+01
    0.10673E+00    0.81186E+01
    0.10780E+00    0.80125E+01
    0.10888E+00    0.79128E+01
    0.10998E+00    0.78191E+01
    0.11108E+00    0.77311E+01
    0.11220E+00    0.76484E+01
    0.11333E+00    0.75705E+01
    0.11447E+00    0.74968E+01
    0.11562E+00    0.74268E+01
    0.11678E+00    0.73600E+01
    0.11795E+00    0.72955E+01
    0.11914E+00    0.72328E+01
    0.12033E+00    0.71710E+01
    0.12154E+00    0.71094E+01
    0.12277E+00    0.70474E+01
    0.12400E+00    0.69843E+01
    0.12525E+00    0.69195E+01
    0.12650E+00    0.68524E+01
    0.12778E+00    0.67824E+01
    0.12906E+00    0.67091E+01
    0.13036E+00    0.66320E+01
    0.13167E+00    0.65508E+01
    0.13299E+00    0.64652E+01
    0.13433E+00    0.63751E+01
    0.13568E+00    0.62804E+01
    0.13704E+00    0.61812E+01
    0.13842E+00    0.60777E+01
    0.13981E+00    0.59702E+01
    0.14121E+00    0.58591E+01
    0.14263E+00    0.57451E+01
    0.14407E+00    0.56286E+01
    0.14551E+00    0.55105E+01
    0.14698E+00    0.53914E+01
    0.14845E+00    0.52721E+01
    0.14995E+00    0.51532E+01
    0.15145E+00    0.50357E+01
    0.15298E+00    0.49202E+01
    0.15451E+00    0.48075E+01
    0.15607E+00    0.46984E+01
    0.15763E+00    0.45933E+01
    0.15922E+00    0.44930E+01
    0.16082E+00    0.43979E+01
    0.16244E+00    0.43082E+01
    0.16407E+00    0.42242E+01
    0.16572E+00    0.41460E+01
    0.16738E+00    0.40735E+01
    0.16906E+00    0.40066E+01
    0.17076E+00    0.39451E+01
    0.17248E+00    0.38885E+01
    0.17421E+00    0.38365E+01
    0.17596E+00    0.37884E+01
    0.17773E+00    0.37437E+01
    0.17952E+00    0.37017E+01
    0.18132E+00    0.36614E+01
    0.18315E+00    0.36223E+01
    0.18499E+00    0.35833E+01
    0.18684E+00    0.35439E+01
    0.18872E+00    0.35033E+01
    0.19062E+00    0.34609E+01
    0.19254E+00    0.34163E+01
    0.19447E+00    0.33689E+01
    0.19642E+00    0.33185E+01
    0.19840E+00    0.32650E+01
    0.20039E+00    0.32083E+01
    0.20241E+00    0.31487E+01
    0.20444E+00    0.30866E+01
    0.20650E+00    0.30223E+01
    0.20857E+00    0.29565E+01
    0.21067E+00    0.28899E+01
    0.21278E+00    0.28231E+01
    0.21492E+00    0.27568E+01
    0.21708E+00    0.26917E+01
    0.21926E+00    0.26284E+01
    0.22147E+00    0.25677E+01
    0.22369E+00    0.25100E+01
    0.22594E+00    0.24556E+01
    0.22821E+00    0.24049E+01
    0.23051E+00    0.23578E+01
    0.23282E+00    0.23143E+01
    0.23516E+00    0.22742E+01
    0.23753E+00    0.22373E+01
    0.23991E+00    0.22032E+01
    0.24232E+00    0.21713E+01
    0.24476E+00    0.21410E+01
    0.24722E+00    0.21116E+01
    0.24970E+00    0.20827E+01
    0.25221E+00    0.20536E+01
    0.25475E+00    0.20238E+01
    0.25731E+00    0.19930E+01
    0.25990E+00    0.19607E+01
    0.26251E+00    0.19268E+01
    0.26515E+00    0.18914E+01
    0.26781E+00    0.18544E+01
    0.27050E+00    0.18163E+01
    0.27322E+00    0.17773E+01
    0.27597E+00    0.17378E+01
    0.27874E+00    0.16985E+01
    0.28154E+00    0.16596E+01
    0.28437E+00    0.16218E+01
    0.28723E+00    0.15855E+01
    0.29012E+00    0.15509E+01
    0.29303E+00    0.15182E+01
    0.29598E+00    0.14876E+01
    0.29895E+00    0.14590E+01
    0.30196E+00    0.14322E+01
    0.30499E+00    0.14071E+01
    0.30806E+00    0.13834E+01
    0.31115E+00    0.13605E+01
    0.31428E+00    0.13381E+01
    0.31744E+00    0.13160E+01
    0.32063E+00    0.12937E+01
    0.32385E+00    0.12709E+01
    0.32710E+00    0.12476E+01
    0.33039E+00    0.12236E+01
    0.33371E+00    0.11991E+01
    0.33707E+00    0.11742E+01
    0.34045E+00    0.11491E+01
    0.34388E+00    0.11240E+01
    0.34733E+00    0.10992E+01
    0.35082E+00    0.10751E+01
    0.35435E+00    0.10518E+01
    0.35791E+00    0.10295E+01
    0.36151E+00    0.10082E+01
    0.36514E+00    0.98808E+00
    0.36881E+00    0.96893E+00
    0.37252E+00    0.95061E+00
    0.37626E+00    0.93294E+00
    0.38004E+00    0.91572E+00
    0.38386E+00    0.89873E+00
    0.38772E+00    0.88180E+00
    0.39162E+00    0.86479E+00
    0.39555E+00    0.84766E+00
    0.39953E+00    0.83041E+00
    0.40354E+00    0.81309E+00
    0.40760E+00    0.79580E+00
    0.41169E+00    0.77870E+00
    0.41583E+00    0.76194E+00
    0.42001E+00    0.74561E+00
    0.42423E+00    0.72981E+00
    0.42849E+00    0.71461E+00
    0.43280E+00    0.69998E+00
    0.43715E+00    0.68587E+00
    0.44154E+00    0.67221E+00
    0.44598E+00    0.65889E+00
    0.45046E+00    0.64580E+00
    0.45499E+00    0.63285E+00
    0.45956E+00    0.62000E+00
    0.46418E+00    0.60722E+00
    0.46885E+00    0.59450E+00
    0.47356E+00    0.58190E+00
    0.47832E+00    0.56948E+00
    0.48313E+00    0.55729E+00
    0.48798E+00    0.54540E+00
    0.49289E+00    0.53384E+00
    0.49784E+00    0.52261E+00
    0.50284E+00    0.51171E+00
    0.50790E+00    0.50111E+00
    0.51300E+00    0.49075E+00
    0.51816E+00    0.48058E+00
    0.52337E+00    0.47057E+00
    0.52862E+00    0.46070E+00
    0.53394E+00    0.45094E+00
    0.53930E+00    0.44133E+00
    0.54472E+00    0.43187E+00
    0.55020E+00    0.42260E+00
    0.55573E+00    0.41353E+00
    0.56131E+00    0.40468E+00
    0.56695E+00    0.39604E+00
    0.57265E+00    0.38762E+00
    0.57841E+00    0.37939E+00
    0.58422E+00    0.37132E+00
    0.59009E+00    0.36341E+00
    0.59602E+00    0.35563E+00
    0.60201E+00    0.34799E+00
    0.60806E+00    0.34048E+00
    0.61417E+00    0.33311E+00
    0.62035E+00    0.32589E+00
    0.62658E+00    0.31883E+00
    0.63288E+00    0.31193E+00
    0.63924E+00    0.30519E+00
    0.64566E+00    0.29859E+00
    0.65215E+00    0.29213E+00
    0.65871E+00    0.28579E+00
    0.66533E+00    0.27958E+00
    0.67201E+00    0.27349E+00
    0.67877E+00    0.26752E+00
    0.68559E+00    0.26167E+00
    0.69248E+00    0.25594E+00
    0.69944E+00    0.25034E+00
    0.70647E+00    0.24485E+00
    0.71357E+00    0.23949E+00
    0.72074E+00    0.23423E+00
    0.72798E+00    0.22909E+00
    0.73530E+00    0.22405E+00
    0.74269E+00    0.21911E+00
    0.75015E+00    0.21428E+00
    0.75769E+00    0.20955E+00
    0.76531E+00    0.20491E+00
    0.77300E+00    0.20038E+00
    0.78077E+00    0.19594E+00
    0.78862E+00    0.19160E+00
    0.79654E+00    0.18735E+00
    0.80455E+00    0.18319E+00
    0.81263E+00    0.17911E+00
    0.82080E+00    0.17512E+00
    0.82905E+00    0.17121E+00
    0.83738E+00    0.16739E+00
    0.84580E+00    0.16365E+00
    0.85430E+00    0.16000E+00
    0.86288E+00    0.15641E+00
    0.87155E+00    0.15291E+00
    0.88031E+00    0.14948E+00
    0.88916E+00    0.14612E+00
    0.89810E+00    0.14284E+00
    0.90712E+00    0.13962E+00
    0.91624E+00    0.13648E+00
    0.92545E+00    0.13340E+00
    0.93475E+00    0.13039E+00
    0.94414E+00    0.12745E+00
    0.95363E+00    0.12457E+00
    0.96322E+00    0.12175E+00
    0.97290E+00    0.11899E+00
    0.98268E+00    0.11629E+00
    0.99255E+00    0.11365E+00
    0.10025E+01    0.11107E+00
    0.10126E+01    0.10855E+00
    0.10228E+01    0.10608E+00
    0.10331E+01    0.10366E+00
    0.10434E+01    0.10130E+00
    0.10539E+01    0.98987E-01
    0.10645E+01    0.96726E-01
    0.10752E+01    0.94515E-01
    0.10860E+01    0.92352E-01
    0.10969E+01    0.90237E-01
    0.11080E+01    0.88168E-01
    0.11191E+01    0.86146E-01
    0.11303E+01    0.84167E-01
    0.11417E+01    0.82233E-01
    0.11532E+01    0.80341E-01
    0.11648E+01    0.78492E-01
    0.11765E+01    0.76683E-01
    0.11883E+01    0.74915E-01
    0.12002E+01    0.73186E-01
    0.12123E+01    0.71496E-01
    0.12245E+01    0.69843E-01
    0.12368E+01    0.68227E-01
    0.12492E+01    0.66647E-01
    0.12618E+01    0.65103E-01
    0.12745E+01    0.63593E-01
    0.12873E+01    0.62116E-01
    0.13002E+01    0.60673E-01
    0.13133E+01    0.59262E-01
    0.13265E+01    0.57883E-01
    0.13398E+01    0.56535E-01
    0.13533E+01    0.55217E-01
    0.13669E+01    0.53929E-01
    0.13806E+01    0.52670E-01
    0.13945E+01    0.51439E-01
    0.14085E+01    0.50237E-01
    0.14227E+01    0.49061E-01
    0.14370E+01    0.47912E-01
    0.14514E+01    0.46790E-01
    0.14660E+01    0.45692E-01
    0.14807E+01    0.44620E-01
    0.14956E+01    0.43572E-01
    0.15106E+01    0.42548E-01
    0.15258E+01    0.41547E-01
    0.15411E+01    0.40569E-01
    0.15566E+01    0.39613E-01
    0.15723E+01    0.38679E-01
    0.15881E+01    0.37767E-01
    0.16040E+01    0.36875E-01
    0.16202E+01    0.36004E-01
    0.16364E+01    0.35152E-01
    0.16529E+01    0.34321E-01
    0.16695E+01    0.33508E-01
    0.16863E+01    0.32714E-01
    0.17032E+01    0.31939E-01
    0.17203E+01    0.31181E-01
    0.17376E+01    0.30440E-01
    0.17551E+01    0.29717E-01
    0.17727E+01    0.29011E-01
    0.17906E+01    0.28320E-01
    0.18085E+01    0.27646E-01
    0.18267E+01    0.26987E-01
    0.18451E+01    0.26344E-01
    0.18636E+01    0.25716E-01
    0.18824E+01    0.25102E-01
    0.19013E+01    0.24502E-01
    0.19204E+01    0.23916E-01
    0.19397E+01    0.23344E-01
    0.19592E+01    0.22785E-01
    0.19789E+01    0.22240E-01
    0.19988E+01    0.21707E-01
    0.20188E+01    0.21186E-01
    0.20391E+01    0.20678E-01
    0.20596E+01    0.20181E-01
    0.20803E+01    0.19696E-01
    0.21012E+01    0.19223E-01
    0.21223E+01    0.18760E-01
    0.21437E+01    0.18309E-01
    0.21652E+01    0.17868E-01
    0.21870E+01    0.17437E-01
    0.22090E+01    0.17016E-01
    0.22312E+01    0.16606E-01
    0.22536E+01    0.16205E-01
    0.22762E+01    0.15813E-01
    0.22991E+01    0.15431E-01
    0.23222E+01    0.15058E-01
    0.23456E+01    0.14693E-01
    0.23691E+01    0.14337E-01
    0.23929E+01    0.13990E-01
    0.24170E+01    0.13650E-01
    0.24413E+01    0.13319E-01
    0.24658E+01    0.12996E-01
    0.24906E+01    0.12680E-01
    0.25156E+01    0.12372E-01
    0.25409E+01    0.12071E-01
    0.25664E+01    0.11777E-01
    0.25922E+01    0.11491E-01
    0.26183E+01    0.11211E-01
    0.26446E+01    0.10937E-01
    0.26712E+01    0.10671E-01
    0.26980E+01    0.10410E-01
    0.27252E+01    0.10156E-01
    0.27525E+01    0.99081E-02
    0.27802E+01    0.96659E-02
    0.28081E+01    0.94295E-02
    0.28364E+01    0.91988E-02
    0.28649E+01    0.89736E-02
    0.28937E+01    0.87537E-02
    0.29227E+01    0.85392E-02
    0.29521E+01    0.83298E-02
    0.29818E+01    0.81254E-02
    0.30118E+01    0.79260E-02
    0.30420E+01    0.77313E-02
    0.30726E+01    0.75413E-02
    0.31035E+01    0.73559E-02
    0.31347E+01    0.71749E-02
    0.31662E+01    0.69984E-02
    0.31980E+01    0.68260E-02
    0.32301E+01    0.66578E-02
    0.32626E+01    0.64937E-02
    0.32954E+01    0.63336E-02
    0.33285E+01    0.61773E-02
    0.33620E+01    0.60248E-02
    0.33957E+01    0.58760E-02
    0.34299E+01    0.57308E-02
    0.34643E+01    0.55891E-02
    0.34992E+01    0.54508E-02
    0.35343E+01    0.53159E-02
    0.35699E+01    0.51843E-02
    0.36057E+01    0.50559E-02
    0.36420E+01    0.49306E-02
    0.36786E+01    0.48083E-02
    0.37155E+01    0.46890E-02
    0.37529E+01    0.45726E-02
    0.37906E+01    0.44591E-02
    0.38287E+01    0.43483E-02
    0.38672E+01    0.42402E-02
    0.39060E+01    0.41348E-02
    0.39453E+01    0.40319E-02
    0.39849E+01    0.39315E-02
    0.40250E+01    0.38336E-02
    0.40654E+01    0.37381E-02
    0.41063E+01    0.36449E-02
    0.41476E+01    0.35540E-02
    0.41893E+01    0.34654E-02
    0.42314E+01    0.33789E-02
    0.42739E+01    0.32945E-02
    0.43168E+01    0.32122E-02
    0.43602E+01    0.31319E-02
    0.44040E+01    0.30536E-02
    0.44483E+01    0.29772E-02
    0.44930E+01    0.29027E-02
    0.45382E+01    0.28300E-02
    0.45838E+01    0.27591E-02
    0.46298E+01    0.26900E-02
    0.46764E+01    0.26226E-02
    0.47234E+01    0.25568E-02
    0.47708E+01    0.24926E-02
    0.48188E+01    0.24301E-02
    0.48672E+01    0.23690E-02
    0.49161E+01    0.23095E-02
    0.49655E+01    0.22515E-02
    0.50155E+01    0.21949E-02
    0.50659E+01    0.21396E-02
    0.51168E+01    0.20858E-02
    0.51682E+01    0.20333E-02
    0.52201E+01    0.19821E-02
    0.52726E+01    0.19321E-02
    0.53256E+01    0.18834E-02
    0.53791E+01    0.18359E-02
    0.54332E+01    0.17896E-02
    0.54878E+01    0.17444E-02
    0.55429E+01    0.17004E-02
    0.55986E+01    0.16574E-02
    0.56549E+01    0.16156E-02
    0.57117E+01    0.15747E-02
    0.57691E+01    0.15349E-02
    0.58271E+01    0.14961E-02
    0.58857E+01    0.14582E-02
    0.59448E+01    0.14213E-02
    0.60046E+01    0.13853E-02
    0.60649E+01    0.13502E-02
    0.61259E+01    0.13160E-02
    0.61875E+01    0.12826E-02
    0.62496E+01    0.12501E-02
    0.63124E+01    0.12183E-02
    0.63759E+01    0.11874E-02
    0.64400E+01    0.11572E-02
    0.65047E+01    0.11278E-02
    0.65701E+01    0.10992E-02
    0.66361E+01    0.10712E-02
    0.67028E+01    0.10440E-02
    0.67702E+01    0.10174E-02
    0.68382E+01    0.99152E-03
    0.69069E+01    0.96627E-03
    0.69763E+01    0.94166E-03
    0.70464E+01    0.91767E-03
    0.71173E+01    0.89427E-03
    0.71888E+01    0.87147E-03
    0.72610E+01    0.84924E-03
    0.73340E+01    0.82757E-03
    0.74077E+01    0.80644E-03
    0.74822E+01    0.78585E-03
    0.75574E+01    0.76577E-03
    0.76333E+01    0.74620E-03
    0.77100E+01    0.72713E-03
    0.77875E+01    0.70853E-03
    0.78658E+01    0.69041E-03
    0.79448E+01    0.67274E-03
    0.80247E+01    0.65552E-03
    0.81053E+01    0.63873E-03
    0.81868E+01    0.62237E-03
    0.82691E+01    0.60642E-03
    0.83522E+01    0.59088E-03
    0.84361E+01    0.57572E-03
    0.85209E+01    0.56095E-03
    0.86065E+01    0.54656E-03
    0.86930E+01    0.53253E-03
    0.87804E+01    0.51886E-03
    0.88687E+01    0.50553E-03
    0.89578E+01    0.49254E-03
    0.90478E+01    0.47988E-03
    0.91388E+01    0.46754E-03
    0.92306E+01    0.45552E-03
    0.93234E+01    0.44380E-03
    0.94171E+01    0.43237E-03
    0.95117E+01    0.42124E-03
    0.96073E+01    0.41039E-03
    0.97039E+01    0.39982E-03
    0.98014E+01    0.38952E-03
    0.98999E+01    0.37948E-03
    0.99994E+01    0.36969E-03
    0.10100E+02    0.36015E-03
    0.10201E+02    0.35086E-03
    0.10304E+02    0.34181E-03
    0.10407E+02    0.33298E-03
    0.10512E+02    0.32438E-03
    0.10618E+02    0.31600E-03
    0.10724E+02    0.30783E-03
    0.10832E+02    0.29988E-03
    0.10941E+02    0.29212E-03
    0.11051E+02    0.28457E-03
    0.11162E+02    0.27720E-03
    0.11274E+02    0.27003E-03
    0.11388E+02    0.26304E-03
    0.11502E+02    0.25622E-03
    0.11618E+02    0.24959E-03
    0.11734E+02    0.24312E-03
    0.11852E+02    0.23682E-03
    0.11971E+02    0.23068E-03
    0.12092E+02    0.22469E-03
    0.12213E+02    0.21886E-03
    0.12336E+02    0.21318E-03
    0.12460E+02    0.20765E-03
    0.12585E+02    0.20226E-03
    0.12712E+02    0.19700E-03
    0.12839E+02    0.19188E-03
    0.12969E+02    0.18690E-03
    0.13099E+02    0.18204E-03
    0.13230E+02    0.17730E-03
    0.13363E+02    0.17269E-03
    0.13498E+02    0.16820E-03
    0.13633E+02    0.16382E-03
    0.13770E+02    0.15956E-03
    0.13909E+02    0.15540E-03
    0.14049E+02    0.15135E-03
    0.14190E+02    0.14741E-03
    0.14332E+02    0.14357E-03
    0.14476E+02    0.13982E-03
    0.14622E+02    0.13618E-03
    0.14769E+02    0.13263E-03
    0.14917E+02    0.12916E-03
    0.15067E+02    0.12579E-03
    0.15219E+02    0.12251E-03
    0.15372E+02    0.11931E-03
    0.15526E+02    0.11619E-03
    0.15682E+02    0.11316E-03
    0.15840E+02    0.11020E-03
    0.15999E+02    0.10732E-03
    0.16160E+02    0.10451E-03
    0.16322E+02    0.10178E-03
    0.16486E+02    0.99116E-04
    0.16652E+02    0.96522E-04
    0.16819E+02    0.93995E-04
    0.16988E+02    0.91534E-04
    0.17159E+02    0.89136E-04
    0.17331E+02    0.86801E-04
    0.17506E+02    0.84527E-04
    0.17682E+02    0.82311E-04
    0.17859E+02    0.80153E-04
    0.18039E+02    0.78051E-04
    0.18220E+02    0.76003E-04
    0.18403E+02    0.74009E-04
    0.18588E+02    0.72067E-04
    0.18775E+02    0.70175E-04
    0.18964E+02    0.68332E-04
    0.19154E+02    0.66537E-04
    0.19347E+02    0.64789E-04
    0.19541E+02    0.63086E-04
    0.19738E+02    0.61428E-04
    0.19936E+02    0.59813E-04
    0.20136E+02    0.58240E-04
    0.20339E+02    0.56708E-04
    0.20543E+02    0.55216E-04
    0.20750E+02    0.53762E-04
    0.20958E+02    0.52347E-04
    0.21169E+02    0.50969E-04
    0.21381E+02    0.49626E-04
    0.21596E+02    0.48319E-04
    0.21813E+02    0.47045E-04
    0.22033E+02    0.45805E-04
    0.22254E+02    0.44598E-04
    0.22478E+02    0.43422E-04
    0.22704E+02    0.42276E-04
    0.22932E+02    0.41161E-04
    0.23162E+02    0.40075E-04
    0.23395E+02    0.39017E-04
    0.23630E+02    0.37987E-04
    0.23868E+02    0.36983E-04
    0.24108E+02    0.36006E-04
    0.24350E+02    0.35055E-04
    0.24595E+02    0.34129E-04
    0.24842E+02    0.33226E-04
    0.25091E+02    0.32348E-04
    0.25344E+02    0.31492E-04
    0.25598E+02    0.30659E-04
    0.25856E+02    0.29848E-04
    0.26115E+02    0.29058E-04
    0.26378E+02    0.28289E-04
    0.26643E+02    0.27540E-04
    0.26911E+02    0.26810E-04
    0.27181E+02    0.26100E-04
    0.27454E+02    0.25409E-04
    0.27730E+02    0.24735E-04
    0.28009E+02    0.24079E-04
    0.28290E+02    0.23441E-04
    0.28575E+02    0.22819E-04
    0.28862E+02    0.22214E-04
    0.29152E+02    0.21624E-04
    0.29445E+02    0.21051E-04
    0.29741E+02    0.20492E-04
    0.30040E+02    0.19948E-04
    0.30342E+02    0.19418E-04
    0.30647E+02    0.18902E-04
    0.30955E+02    0.18400E-04
    0.31266E+02    0.17911E-04
    0.31580E+02    0.17435E-04
    0.31897E+02    0.16971E-04
    0.32218E+02    0.16520E-04
    0.32542E+02    0.16080E-04
    0.32869E+02    0.15652E-04
    0.33199E+02    0.15236E-04
    0.33533E+02    0.14830E-04
    0.33870E+02    0.14435E-04
    0.34210E+02    0.14051E-04
    0.34554E+02    0.13677E-04
    0.34901E+02    0.13312E-04
    0.35252E+02    0.12958E-04
    0.35606E+02    0.12612E-04
    0.35964E+02    0.12276E-04
    0.36326E+02    0.11949E-04
    0.36691E+02    0.11630E-04
    0.37059E+02    0.11320E-04
    0.37432E+02    0.11017E-04
    0.37808E+02    0.10723E-04
    0.38188E+02    0.10437E-04
    0.38572E+02    0.10158E-04
    0.38960E+02    0.98871E-05
    0.39351E+02    0.96229E-05
    0.39747E+02    0.93658E-05
    0.40146E+02    0.91154E-05
    0.40550E+02    0.88718E-05
    0.40957E+02    0.86346E-05
    0.41369E+02    0.84036E-05
    0.41784E+02    0.81788E-05
    0.42204E+02    0.79600E-05
    0.42629E+02    0.77469E-05
    0.43057E+02    0.75395E-05
    0.43490E+02    0.73376E-05
    0.43927E+02    0.71411E-05
    0.44368E+02    0.69499E-05
    0.44814E+02    0.67636E-05
    0.45265E+02    0.65824E-05
    0.45719E+02    0.64059E-05
    0.46179E+02    0.62342E-05
    0.46643E+02    0.60670E-05
    0.47112E+02    0.59042E-05
    0.47585E+02    0.57458E-05
    0.48064E+02    0.55916E-05
    0.48547E+02    0.54415E-05
    0.49034E+02    0.52954E-05
    0.49527E+02    0.51532E-05
    0.50025E+02    0.50148E-05
    0.50528E+02    0.48801E-05
    0.51036E+02    0.47489E-05
    0.51549E+02    0.46213E-05
    0.52067E+02    0.44970E-05
    0.52590E+02    0.43761E-05
    0.53118E+02    0.42584E-05
    0.53652E+02    0.41438E-05
    0.54191E+02    0.40323E-05
    0.54736E+02    0.39238E-05
    0.55286E+02    0.38181E-05
    0.55842E+02    0.37153E-05
    0.56403E+02    0.36152E-05
    0.56970E+02    0.35178E-05
    0.57542E+02    0.34230E-05
    0.58121E+02    0.33307E-05
    0.58705E+02    0.32409E-05
    0.59295E+02    0.31535E-05
    0.59891E+02    0.30685E-05
    0.60493E+02    0.29857E-05
    0.61101E+02    0.29051E-05
    0.61715E+02    0.28267E-05
    0.62335E+02    0.27504E-05
    0.62961E+02    0.26761E-05
    0.63594E+02    0.26038E-05
    0.64233E+02    0.25334E-05
    0.64879E+02    0.24650E-05
    0.65531E+02    0.23983E-05
    0.66190E+02    0.23335E-05
    0.66855E+02    0.22703E-05
    0.67527E+02    0.22089E-05
    0.68205E+02    0.21491E-05
    0.68891E+02    0.20910E-05
    0.69583E+02    0.20344E-05
    0.70283E+02    0.19793E-05
    0.70989E+02    0.19256E-05
    0.71702E+02    0.18735E-05
    0.72423E+02    0.18227E-05
    0.73151E+02    0.17733E-05
    0.73886E+02    0.17252E-05
    0.74629E+02    0.16784E-05
    0.75379E+02    0.16329E-05
    0.76136E+02    0.15885E-05
    0.76901E+02    0.15454E-05
    0.77674E+02    0.15034E-05
    0.78455E+02    0.14626E-05
    0.79243E+02    0.14229E-05
    0.80040E+02    0.13842E-05
    0.80844E+02    0.13466E-05
    0.81657E+02    0.13100E-05
    0.82477E+02    0.12743E-05
    0.83306E+02    0.12396E-05
    0.84144E+02    0.12059E-05
    0.84989E+02    0.11731E-05
    0.85843E+02    0.11411E-05
    0.86706E+02    0.11101E-05
    0.87577E+02    0.10798E-05
    0.88458E+02    0.10504E-05
    0.89347E+02    0.10217E-05
    0.90245E+02    0.99387E-06
    0.91152E+02    0.96675E-06
    0.92068E+02    0.94037E-06
    0.92993E+02    0.91470E-06
    0.93927E+02    0.88972E-06
    0.94871E+02    0.86542E-06
    0.95825E+02    0.84177E-06
    0.96788E+02    0.81876E-06
    0.97761E+02    0.79637E-06
    0.98743E+02    0.77459E-06
    0.99736E+02    0.75340E-06
    0.10074E+03    0.73278E-06
    0.10175E+03    0.71271E-06
    0.10277E+03    0.69320E-06
    0.10381E+03    0.67420E-06
    0.10485E+03    0.65573E-06
    0.10590E+03    0.63775E-06
    0.10697E+03    0.62025E-06
    0.10804E+03    0.60324E-06
    0.10913E+03    0.58668E-06
    0.11023E+03    0.57057E-06
    0.11133E+03    0.55490E-06
    0.11245E+03    0.53965E-06
    0.11358E+03    0.52482E-06
    0.11472E+03    0.51039E-06
    0.11588E+03    0.49635E-06
    0.11704E+03    0.48269E-06
    0.11822E+03    0.46940E-06
    0.11941E+03    0.45647E-06
    0.12061E+03    0.44389E-06
    0.12182E+03    0.43166E-06
    0.12304E+03    0.41975E-06
    0.12428E+03    0.40817E-06
    0.12553E+03    0.39691E-06
    0.12679E+03    0.38595E-06
    0.12806E+03    0.37529E-06
    0.12935E+03    0.36492E-06
    0.13065E+03    0.35483E-06
    0.13196E+03    0.34502E-06
    0.13329E+03    0.33547E-06
    0.13463E+03    0.32618E-06
    0.13598E+03    0.31715E-06
    0.13735E+03    0.30836E-06
    0.13873E+03    0.29981E-06
    0.14012E+03    0.29149E-06
    0.14153E+03    0.28340E-06
    0.14295E+03    0.27554E-06
    0.14439E+03    0.26788E-06
    0.14584E+03    0.26044E-06
    0.14731E+03    0.25320E-06
    0.14879E+03    0.24615E-06
    0.15028E+03    0.23930E-06
    0.15179E+03    0.23263E-06
    0.15332E+03    0.22615E-06
    0.15486E+03    0.21985E-06
    0.15642E+03    0.21372E-06
    0.15799E+03    0.20775E-06
    0.15958E+03    0.20195E-06
    0.16118E+03    0.19631E-06
    0.16280E+03    0.19082E-06
    0.16444E+03    0.18548E-06
    0.16609E+03    0.18029E-06
    0.16776E+03    0.17524E-06
    0.16944E+03    0.17033E-06
    0.17115E+03    0.16555E-06
    0.17287E+03    0.16091E-06
    0.17460E+03    0.15639E-06
    0.17636E+03    0.15199E-06
    0.17813E+03    0.14772E-06
    0.17992E+03    0.14357E-06
    0.18173E+03    0.13952E-06
    0.18356E+03    0.13559E-06
    0.18540E+03    0.13177E-06
    0.18726E+03    0.12806E-06
    0.18915E+03    0.12444E-06
    0.19105E+03    0.12093E-06
    0.19297E+03    0.11751E-06
    0.19491E+03    0.11418E-06
    0.19687E+03    0.11095E-06
    0.19884E+03    0.10781E-06
    0.20084E+03    0.10475E-06
