#           k/h    P           
    0.35185E-05    0.15181E-01
    0.35539E-05    0.15329E-01
    0.35896E-05    0.15478E-01
    0.36257E-05    0.15628E-01
    0.36621E-05    0.15780E-01
    0.36989E-05    0.15933E-01
    0.37361E-05    0.16088E-01
    0.37736E-05    0.16244E-01
    0.38115E-05    0.16402E-01
    0.38499E-05    0.16561E-01
    0.38885E-05    0.16722E-01
    0.39276E-05    0.16885E-01
    0.39671E-05    0.17049E-01
    0.40070E-05    0.17214E-01
    0.40472E-05    0.17382E-01
    0.40879E-05    0.17550E-01
    0.41290E-05    0.17721E-01
    0.41705E-05    0.17893E-01
    0.42124E-05    0.18067E-01
    0.42547E-05    0.18242E-01
    0.42975E-05    0.18420E-01
    0.43407E-05    0.18598E-01
    0.43843E-05    0.18779E-01
    0.44284E-05    0.18962E-01
    0.44729E-05    0.19146E-01
    0.45178E-05    0.19332E-01
    0.45632E-05    0.19519E-01
    0.46091E-05    0.19709E-01
    0.46554E-05    0.19901E-01
    0.47022E-05    0.20094E-01
    0.47495E-05    0.20289E-01
    0.47972E-05    0.20486E-01
    0.48454E-05    0.20685E-01
    0.48941E-05    0.20886E-01
    0.49433E-05    0.21089E-01
    0.49930E-05    0.21294E-01
    0.50432E-05    0.21501E-01
    0.50939E-05    0.21710E-01
    0.51450E-05    0.21920E-01
    0.51968E-05    0.22133E-01
    0.52490E-05    0.22348E-01
    0.53017E-05    0.22565E-01
    0.53550E-05    0.22785E-01
    0.54088E-05    0.23006E-01
    0.54632E-05    0.23229E-01
    0.55181E-05    0.23455E-01
    0.55736E-05    0.23683E-01
    0.56296E-05    0.23913E-01
    0.56862E-05    0.24145E-01
    0.57433E-05    0.24380E-01
    0.58010E-05    0.24617E-01
    0.58593E-05    0.24856E-01
    0.59182E-05    0.25097E-01
    0.59777E-05    0.25341E-01
    0.60378E-05    0.25587E-01
    0.60984E-05    0.25836E-01
    0.61597E-05    0.26087E-01
    0.62216E-05    0.26340E-01
    0.62842E-05    0.26596E-01
    0.63473E-05    0.26854E-01
    0.64111E-05    0.27115E-01
    0.64756E-05    0.27379E-01
    0.65406E-05    0.27644E-01
    0.66064E-05    0.27913E-01
    0.66728E-05    0.28184E-01
    0.67398E-05    0.28458E-01
    0.68076E-05    0.28734E-01
    0.68760E-05    0.29013E-01
    0.69451E-05    0.29295E-01
    0.70149E-05    0.29580E-01
    0.70854E-05    0.29867E-01
    0.71566E-05    0.30157E-01
    0.72285E-05    0.30450E-01
    0.73012E-05    0.30746E-01
    0.73745E-05    0.31045E-01
    0.74487E-05    0.31346E-01
    0.75235E-05    0.31651E-01
    0.75991E-05    0.31958E-01
    0.76755E-05    0.32269E-01
    0.77526E-05    0.32582E-01
    0.78306E-05    0.32899E-01
    0.79093E-05    0.33218E-01
    0.79888E-05    0.33541E-01
    0.80690E-05    0.33867E-01
    0.81501E-05    0.34196E-01
    0.82320E-05    0.34528E-01
    0.83148E-05    0.34863E-01
    0.83983E-05    0.35202E-01
    0.84827E-05    0.35544E-01
    0.85680E-05    0.35889E-01
    0.86541E-05    0.36238E-01
    0.87411E-05    0.36590E-01
    0.88289E-05    0.36945E-01
    0.89177E-05    0.37304E-01
    0.90073E-05    0.37666E-01
    0.90978E-05    0.38032E-01
    0.91893E-05    0.38402E-01
    0.92816E-05    0.38775E-01
    0.93749E-05    0.39151E-01
    0.94691E-05    0.39532E-01
    0.95643E-05    0.39916E-01
    0.96604E-05    0.40303E-01
    0.97575E-05    0.40695E-01
    0.98555E-05    0.41090E-01
    0.99546E-05    0.41489E-01
    0.10055E-04    0.41892E-01
    0.10156E-04    0.42299E-01
    0.10258E-04    0.42710E-01
    0.10361E-04    0.43125E-01
    0.10465E-04    0.43544E-01
    0.10570E-04    0.43967E-01
    0.10676E-04    0.44394E-01
    0.10784E-04    0.44825E-01
    0.10892E-04    0.45261E-01
    0.11002E-04    0.45700E-01
    0.11112E-04    0.46144E-01
    0.11224E-04    0.46593E-01
    0.11337E-04    0.47045E-01
    0.11451E-04    0.47502E-01
    0.11566E-04    0.47964E-01
    0.11682E-04    0.48430E-01
    0.11799E-04    0.48900E-01
    0.11918E-04    0.49375E-01
    0.12038E-04    0.49855E-01
    0.12159E-04    0.50339E-01
    0.12281E-04    0.50828E-01
    0.12404E-04    0.51322E-01
    0.12529E-04    0.51820E-01
    0.12655E-04    0.52323E-01
    0.12782E-04    0.52832E-01
    0.12910E-04    0.53345E-01
    0.13040E-04    0.53863E-01
    0.13171E-04    0.54386E-01
    0.13304E-04    0.54915E-01
    0.13437E-04    0.55448E-01
    0.13572E-04    0.55987E-01
    0.13709E-04    0.56531E-01
    0.13847E-04    0.57080E-01
    0.13986E-04    0.57634E-01
    0.14126E-04    0.58194E-01
    0.14268E-04    0.58759E-01
    0.14412E-04    0.59330E-01
    0.14556E-04    0.59906E-01
    0.14703E-04    0.60488E-01
    0.14851E-04    0.61076E-01
    0.15000E-04    0.61669E-01
    0.15151E-04    0.62268E-01
    0.15303E-04    0.62873E-01
    0.15457E-04    0.63484E-01
    0.15612E-04    0.64100E-01
    0.15769E-04    0.64723E-01
    0.15927E-04    0.65352E-01
    0.16087E-04    0.65987E-01
    0.16249E-04    0.66628E-01
    0.16412E-04    0.67275E-01
    0.16577E-04    0.67928E-01
    0.16744E-04    0.68588E-01
    0.16912E-04    0.69254E-01
    0.17082E-04    0.69927E-01
    0.17254E-04    0.70606E-01
    0.17427E-04    0.71292E-01
    0.17602E-04    0.71985E-01
    0.17779E-04    0.72684E-01
    0.17958E-04    0.73390E-01
    0.18138E-04    0.74103E-01
    0.18321E-04    0.74823E-01
    0.18505E-04    0.75549E-01
    0.18691E-04    0.76283E-01
    0.18879E-04    0.77024E-01
    0.19068E-04    0.77773E-01
    0.19260E-04    0.78528E-01
    0.19454E-04    0.79291E-01
    0.19649E-04    0.80061E-01
    0.19847E-04    0.80839E-01
    0.20046E-04    0.81624E-01
    0.20248E-04    0.82417E-01
    0.20451E-04    0.83217E-01
    0.20657E-04    0.84026E-01
    0.20864E-04    0.84842E-01
    0.21074E-04    0.85666E-01
    0.21286E-04    0.86498E-01
    0.21500E-04    0.87338E-01
    0.21716E-04    0.88187E-01
    0.21934E-04    0.89043E-01
    0.22154E-04    0.89908E-01
    0.22377E-04    0.90782E-01
    0.22602E-04    0.91663E-01
    0.22829E-04    0.92554E-01
    0.23059E-04    0.93453E-01
    0.23290E-04    0.94361E-01
    0.23524E-04    0.95277E-01
    0.23761E-04    0.96203E-01
    0.24000E-04    0.97137E-01
    0.24241E-04    0.98081E-01
    0.24484E-04    0.99034E-01
    0.24730E-04    0.99995E-01
    0.24979E-04    0.10097E+00
    0.25230E-04    0.10195E+00
    0.25484E-04    0.10294E+00
    0.25740E-04    0.10394E+00
    0.25998E-04    0.10495E+00
    0.26260E-04    0.10597E+00
    0.26524E-04    0.10700E+00
    0.26790E-04    0.10804E+00
    0.27059E-04    0.10908E+00
    0.27331E-04    0.11014E+00
    0.27606E-04    0.11121E+00
    0.27883E-04    0.11229E+00
    0.28164E-04    0.11339E+00
    0.28447E-04    0.11449E+00
    0.28733E-04    0.11560E+00
    0.29021E-04    0.11672E+00
    0.29313E-04    0.11786E+00
    0.29608E-04    0.11900E+00
    0.29905E-04    0.12016E+00
    0.30206E-04    0.12132E+00
    0.30509E-04    0.12250E+00
    0.30816E-04    0.12369E+00
    0.31126E-04    0.12489E+00
    0.31439E-04    0.12611E+00
    0.31755E-04    0.12733E+00
    0.32074E-04    0.12857E+00
    0.32396E-04    0.12982E+00
    0.32722E-04    0.13108E+00
    0.33050E-04    0.13235E+00
    0.33383E-04    0.13364E+00
    0.33718E-04    0.13493E+00
    0.34057E-04    0.13625E+00
    0.34399E-04    0.13757E+00
    0.34745E-04    0.13891E+00
    0.35094E-04    0.14025E+00
    0.35447E-04    0.14162E+00
    0.35803E-04    0.14299E+00
    0.36163E-04    0.14438E+00
    0.36526E-04    0.14578E+00
    0.36893E-04    0.14720E+00
    0.37264E-04    0.14863E+00
    0.37639E-04    0.15007E+00
    0.38017E-04    0.15153E+00
    0.38399E-04    0.15300E+00
    0.38785E-04    0.15449E+00
    0.39175E-04    0.15599E+00
    0.39569E-04    0.15750E+00
    0.39966E-04    0.15903E+00
    0.40368E-04    0.16058E+00
    0.40774E-04    0.16214E+00
    0.41183E-04    0.16371E+00
    0.41597E-04    0.16530E+00
    0.42015E-04    0.16691E+00
    0.42438E-04    0.16853E+00
    0.42864E-04    0.17017E+00
    0.43295E-04    0.17182E+00
    0.43730E-04    0.17349E+00
    0.44170E-04    0.17518E+00
    0.44613E-04    0.17688E+00
    0.45062E-04    0.17859E+00
    0.45515E-04    0.18033E+00
    0.45972E-04    0.18208E+00
    0.46434E-04    0.18385E+00
    0.46901E-04    0.18564E+00
    0.47372E-04    0.18744E+00
    0.47848E-04    0.18926E+00
    0.48329E-04    0.19110E+00
    0.48815E-04    0.19295E+00
    0.49305E-04    0.19483E+00
    0.49801E-04    0.19672E+00
    0.50301E-04    0.19863E+00
    0.50807E-04    0.20056E+00
    0.51318E-04    0.20251E+00
    0.51833E-04    0.20447E+00
    0.52354E-04    0.20646E+00
    0.52880E-04    0.20847E+00
    0.53412E-04    0.21049E+00
    0.53949E-04    0.21254E+00
    0.54491E-04    0.21460E+00
    0.55039E-04    0.21668E+00
    0.55592E-04    0.21879E+00
    0.56150E-04    0.22091E+00
    0.56715E-04    0.22306E+00
    0.57285E-04    0.22523E+00
    0.57860E-04    0.22741E+00
    0.58442E-04    0.22962E+00
    0.59029E-04    0.23185E+00
    0.59623E-04    0.23410E+00
    0.60222E-04    0.23638E+00
    0.60827E-04    0.23867E+00
    0.61438E-04    0.24099E+00
    0.62056E-04    0.24333E+00
    0.62680E-04    0.24570E+00
    0.63309E-04    0.24808E+00
    0.63946E-04    0.25049E+00
    0.64588E-04    0.25292E+00
    0.65237E-04    0.25538E+00
    0.65893E-04    0.25786E+00
    0.66555E-04    0.26037E+00
    0.67224E-04    0.26289E+00
    0.67900E-04    0.26545E+00
    0.68582E-04    0.26803E+00
    0.69272E-04    0.27063E+00
    0.69968E-04    0.27326E+00
    0.70671E-04    0.27591E+00
    0.71381E-04    0.27859E+00
    0.72099E-04    0.28130E+00
    0.72823E-04    0.28403E+00
    0.73555E-04    0.28679E+00
    0.74294E-04    0.28957E+00
    0.75041E-04    0.29238E+00
    0.75795E-04    0.29522E+00
    0.76557E-04    0.29809E+00
    0.77326E-04    0.30099E+00
    0.78103E-04    0.30391E+00
    0.78888E-04    0.30686E+00
    0.79681E-04    0.30984E+00
    0.80482E-04    0.31285E+00
    0.81291E-04    0.31589E+00
    0.82108E-04    0.31895E+00
    0.82933E-04    0.32205E+00
    0.83767E-04    0.32518E+00
    0.84608E-04    0.32834E+00
    0.85459E-04    0.33153E+00
    0.86318E-04    0.33475E+00
    0.87185E-04    0.33800E+00
    0.88061E-04    0.34128E+00
    0.88946E-04    0.34459E+00
    0.89840E-04    0.34794E+00
    0.90743E-04    0.35132E+00
    0.91655E-04    0.35473E+00
    0.92576E-04    0.35817E+00
    0.93507E-04    0.36165E+00
    0.94447E-04    0.36516E+00
    0.95396E-04    0.36871E+00
    0.96355E-04    0.37229E+00
    0.97323E-04    0.37591E+00
    0.98301E-04    0.37956E+00
    0.99289E-04    0.38324E+00
    0.10029E-03    0.38696E+00
    0.10129E-03    0.39072E+00
    0.10231E-03    0.39451E+00
    0.10334E-03    0.39834E+00
    0.10438E-03    0.40221E+00
    0.10543E-03    0.40612E+00
    0.10649E-03    0.41006E+00
    0.10756E-03    0.41404E+00
    0.10864E-03    0.41806E+00
    0.10973E-03    0.42212E+00
    0.11083E-03    0.42622E+00
    0.11195E-03    0.43036E+00
    0.11307E-03    0.43454E+00
    0.11421E-03    0.43875E+00
    0.11536E-03    0.44301E+00
    0.11652E-03    0.44732E+00
    0.11769E-03    0.45166E+00
    0.11887E-03    0.45604E+00
    0.12007E-03    0.46047E+00
    0.12127E-03    0.46494E+00
    0.12249E-03    0.46946E+00
    0.12372E-03    0.47401E+00
    0.12497E-03    0.47861E+00
    0.12622E-03    0.48326E+00
    0.12749E-03    0.48795E+00
    0.12877E-03    0.49269E+00
    0.13007E-03    0.49747E+00
    0.13137E-03    0.50230E+00
    0.13269E-03    0.50718E+00
    0.13403E-03    0.51210E+00
    0.13537E-03    0.51707E+00
    0.13673E-03    0.52209E+00
    0.13811E-03    0.52716E+00
    0.13950E-03    0.53227E+00
    0.14090E-03    0.53744E+00
    0.14231E-03    0.54266E+00
    0.14374E-03    0.54792E+00
    0.14519E-03    0.55324E+00
    0.14665E-03    0.55861E+00
    0.14812E-03    0.56403E+00
    0.14961E-03    0.56951E+00
    0.15111E-03    0.57504E+00
    0.15263E-03    0.58062E+00
    0.15417E-03    0.58625E+00
    0.15572E-03    0.59194E+00
    0.15728E-03    0.59769E+00
    0.15886E-03    0.60349E+00
    0.16046E-03    0.60934E+00
    0.16207E-03    0.61525E+00
    0.16370E-03    0.62122E+00
    0.16535E-03    0.62725E+00
    0.16701E-03    0.63334E+00
    0.16869E-03    0.63949E+00
    0.17038E-03    0.64569E+00
    0.17209E-03    0.65195E+00
    0.17382E-03    0.65828E+00
    0.17557E-03    0.66467E+00
    0.17733E-03    0.67112E+00
    0.17912E-03    0.67763E+00
    0.18092E-03    0.68420E+00
    0.18273E-03    0.69084E+00
    0.18457E-03    0.69754E+00
    0.18643E-03    0.70431E+00
    0.18830E-03    0.71114E+00
    0.19019E-03    0.71804E+00
    0.19210E-03    0.72500E+00
    0.19403E-03    0.73203E+00
    0.19598E-03    0.73914E+00
    0.19795E-03    0.74630E+00
    0.19994E-03    0.75354E+00
    0.20195E-03    0.76085E+00
    0.20398E-03    0.76823E+00
    0.20603E-03    0.77568E+00
    0.20810E-03    0.78320E+00
    0.21019E-03    0.79080E+00
    0.21231E-03    0.79847E+00
    0.21444E-03    0.80621E+00
    0.21660E-03    0.81403E+00
    0.21877E-03    0.82192E+00
    0.22097E-03    0.82989E+00
    0.22319E-03    0.83793E+00
    0.22544E-03    0.84606E+00
    0.22770E-03    0.85426E+00
    0.22999E-03    0.86254E+00
    0.23230E-03    0.87090E+00
    0.23464E-03    0.87934E+00
    0.23699E-03    0.88787E+00
    0.23938E-03    0.89647E+00
    0.24178E-03    0.90516E+00
    0.24421E-03    0.91393E+00
    0.24667E-03    0.92279E+00
    0.24914E-03    0.93173E+00
    0.25165E-03    0.94076E+00
    0.25418E-03    0.94988E+00
    0.25673E-03    0.95908E+00
    0.25931E-03    0.96837E+00
    0.26192E-03    0.97775E+00
    0.26455E-03    0.98723E+00
    0.26721E-03    0.99679E+00
    0.26990E-03    0.10064E+01
    0.27261E-03    0.10162E+01
    0.27535E-03    0.10260E+01
    0.27811E-03    0.10360E+01
    0.28091E-03    0.10460E+01
    0.28373E-03    0.10561E+01
    0.28658E-03    0.10664E+01
    0.28947E-03    0.10767E+01
    0.29237E-03    0.10871E+01
    0.29531E-03    0.10976E+01
    0.29828E-03    0.11083E+01
    0.30128E-03    0.11190E+01
    0.30431E-03    0.11298E+01
    0.30736E-03    0.11408E+01
    0.31045E-03    0.11518E+01
    0.31357E-03    0.11629E+01
    0.31673E-03    0.11742E+01
    0.31991E-03    0.11856E+01
    0.32312E-03    0.11970E+01
    0.32637E-03    0.12086E+01
    0.32965E-03    0.12203E+01
    0.33296E-03    0.12321E+01
    0.33631E-03    0.12440E+01
    0.33969E-03    0.12561E+01
    0.34310E-03    0.12682E+01
    0.34655E-03    0.12805E+01
    0.35004E-03    0.12928E+01
    0.35355E-03    0.13053E+01
    0.35711E-03    0.13180E+01
    0.36070E-03    0.13307E+01
    0.36432E-03    0.13436E+01
    0.36798E-03    0.13565E+01
    0.37168E-03    0.13697E+01
    0.37542E-03    0.13829E+01
    0.37919E-03    0.13962E+01
    0.38300E-03    0.14097E+01
    0.38685E-03    0.14234E+01
    0.39074E-03    0.14371E+01
    0.39466E-03    0.14510E+01
    0.39863E-03    0.14650E+01
    0.40264E-03    0.14791E+01
    0.40668E-03    0.14934E+01
    0.41077E-03    0.15078E+01
    0.41490E-03    0.15224E+01
    0.41907E-03    0.15371E+01
    0.42328E-03    0.15519E+01
    0.42753E-03    0.15669E+01
    0.43183E-03    0.15820E+01
    0.43617E-03    0.15972E+01
    0.44055E-03    0.16126E+01
    0.44498E-03    0.16282E+01
    0.44945E-03    0.16439E+01
    0.45397E-03    0.16597E+01
    0.45853E-03    0.16757E+01
    0.46314E-03    0.16919E+01
    0.46780E-03    0.17082E+01
    0.47250E-03    0.17246E+01
    0.47725E-03    0.17412E+01
    0.48204E-03    0.17580E+01
    0.48689E-03    0.17749E+01
    0.49178E-03    0.17920E+01
    0.49672E-03    0.18093E+01
    0.50172E-03    0.18267E+01
    0.50676E-03    0.18443E+01
    0.51185E-03    0.18620E+01
    0.51700E-03    0.18799E+01
    0.52219E-03    0.18980E+01
    0.52744E-03    0.19162E+01
    0.53274E-03    0.19347E+01
    0.53809E-03    0.19532E+01
    0.54350E-03    0.19720E+01
    0.54896E-03    0.19910E+01
    0.55448E-03    0.20101E+01
    0.56005E-03    0.20294E+01
    0.56568E-03    0.20489E+01
    0.57137E-03    0.20685E+01
    0.57711E-03    0.20884E+01
    0.58291E-03    0.21084E+01
    0.58877E-03    0.21286E+01
    0.59469E-03    0.21490E+01
    0.60066E-03    0.21697E+01
    0.60670E-03    0.21904E+01
    0.61280E-03    0.22114E+01
    0.61896E-03    0.22326E+01
    0.62518E-03    0.22540E+01
    0.63146E-03    0.22756E+01
    0.63781E-03    0.22974E+01
    0.64422E-03    0.23193E+01
    0.65069E-03    0.23415E+01
    0.65723E-03    0.23639E+01
    0.66384E-03    0.23865E+01
    0.67051E-03    0.24093E+01
    0.67725E-03    0.24324E+01
    0.68405E-03    0.24556E+01
    0.69093E-03    0.24791E+01
    0.69787E-03    0.25027E+01
    0.70488E-03    0.25266E+01
    0.71197E-03    0.25507E+01
    0.71912E-03    0.25750E+01
    0.72635E-03    0.25996E+01
    0.73365E-03    0.26244E+01
    0.74102E-03    0.26494E+01
    0.74847E-03    0.26746E+01
    0.75599E-03    0.27001E+01
    0.76359E-03    0.27258E+01
    0.77127E-03    0.27517E+01
    0.77902E-03    0.27779E+01
    0.78685E-03    0.28043E+01
    0.79476E-03    0.28309E+01
    0.80274E-03    0.28578E+01
    0.81081E-03    0.28849E+01
    0.81896E-03    0.29123E+01
    0.82719E-03    0.29399E+01
    0.83550E-03    0.29678E+01
    0.84390E-03    0.29960E+01
    0.85238E-03    0.30243E+01
    0.86095E-03    0.30530E+01
    0.86960E-03    0.30819E+01
    0.87834E-03    0.31110E+01
    0.88717E-03    0.31405E+01
    0.89608E-03    0.31702E+01
    0.90509E-03    0.32001E+01
    0.91419E-03    0.32303E+01
    0.92337E-03    0.32608E+01
    0.93265E-03    0.32916E+01
    0.94203E-03    0.33226E+01
    0.95149E-03    0.33539E+01
    0.96106E-03    0.33855E+01
    0.97072E-03    0.34174E+01
    0.98047E-03    0.34496E+01
    0.99033E-03    0.34820E+01
    0.10003E-02    0.35147E+01
    0.10103E-02    0.35478E+01
    0.10205E-02    0.35811E+01
    0.10307E-02    0.36147E+01
    0.10411E-02    0.36486E+01
    0.10516E-02    0.36828E+01
    0.10621E-02    0.37173E+01
    0.10728E-02    0.37521E+01
    0.10836E-02    0.37872E+01
    0.10945E-02    0.38226E+01
    0.11055E-02    0.38583E+01
    0.11166E-02    0.38943E+01
    0.11278E-02    0.39306E+01
    0.11391E-02    0.39673E+01
    0.11506E-02    0.40043E+01
    0.11622E-02    0.40416E+01
    0.11738E-02    0.40792E+01
    0.11856E-02    0.41171E+01
    0.11976E-02    0.41554E+01
    0.12096E-02    0.41940E+01
    0.12217E-02    0.42329E+01
    0.12340E-02    0.42721E+01
    0.12464E-02    0.43117E+01
    0.12590E-02    0.43516E+01
    0.12716E-02    0.43919E+01
    0.12844E-02    0.44325E+01
    0.12973E-02    0.44734E+01
    0.13103E-02    0.45147E+01
    0.13235E-02    0.45564E+01
    0.13368E-02    0.45983E+01
    0.13502E-02    0.46407E+01
    0.13638E-02    0.46834E+01
    0.13775E-02    0.47264E+01
    0.13914E-02    0.47698E+01
    0.14053E-02    0.48136E+01
    0.14195E-02    0.48577E+01
    0.14337E-02    0.49022E+01
    0.14481E-02    0.49471E+01
    0.14627E-02    0.49923E+01
    0.14774E-02    0.50379E+01
    0.14922E-02    0.50839E+01
    0.15072E-02    0.51302E+01
    0.15224E-02    0.51770E+01
    0.15377E-02    0.52241E+01
    0.15531E-02    0.52716E+01
    0.15687E-02    0.53195E+01
    0.15845E-02    0.53677E+01
    0.16004E-02    0.54164E+01
    0.16165E-02    0.54654E+01
    0.16328E-02    0.55148E+01
    0.16492E-02    0.55647E+01
    0.16658E-02    0.56149E+01
    0.16825E-02    0.56655E+01
    0.16994E-02    0.57165E+01
    0.17165E-02    0.57680E+01
    0.17337E-02    0.58198E+01
    0.17512E-02    0.58720E+01
    0.17688E-02    0.59247E+01
    0.17865E-02    0.59777E+01
    0.18045E-02    0.60312E+01
    0.18226E-02    0.60851E+01
    0.18409E-02    0.61394E+01
    0.18594E-02    0.61941E+01
    0.18781E-02    0.62492E+01
    0.18970E-02    0.63048E+01
    0.19161E-02    0.63608E+01
    0.19353E-02    0.64172E+01
    0.19548E-02    0.64740E+01
    0.19744E-02    0.65313E+01
    0.19943E-02    0.65890E+01
    0.20143E-02    0.66471E+01
    0.20346E-02    0.67056E+01
    0.20550E-02    0.67646E+01
    0.20757E-02    0.68240E+01
    0.20965E-02    0.68839E+01
    0.21176E-02    0.69442E+01
    0.21389E-02    0.70049E+01
    0.21604E-02    0.70661E+01
    0.21821E-02    0.71277E+01
    0.22040E-02    0.71898E+01
    0.22262E-02    0.72523E+01
    0.22485E-02    0.73153E+01
    0.22711E-02    0.73787E+01
    0.22940E-02    0.74425E+01
    0.23170E-02    0.75068E+01
    0.23403E-02    0.75716E+01
    0.23638E-02    0.76368E+01
    0.23876E-02    0.77025E+01
    0.24116E-02    0.77686E+01
    0.24358E-02    0.78351E+01
    0.24603E-02    0.79022E+01
    0.24850E-02    0.79696E+01
    0.25100E-02    0.80376E+01
    0.25352E-02    0.81059E+01
    0.25607E-02    0.81748E+01
    0.25864E-02    0.82441E+01
    0.26124E-02    0.83138E+01
    0.26387E-02    0.83841E+01
    0.26652E-02    0.84547E+01
    0.26920E-02    0.85259E+01
    0.27190E-02    0.85975E+01
    0.27464E-02    0.86695E+01
    0.27740E-02    0.87420E+01
    0.28018E-02    0.88150E+01
    0.28300E-02    0.88884E+01
    0.28584E-02    0.89623E+01
    0.28872E-02    0.90367E+01
    0.29162E-02    0.91115E+01
    0.29455E-02    0.91867E+01
    0.29751E-02    0.92624E+01
    0.30050E-02    0.93386E+01
    0.30352E-02    0.94152E+01
    0.30657E-02    0.94923E+01
    0.30965E-02    0.95698E+01
    0.31276E-02    0.96478E+01
    0.31591E-02    0.97263E+01
    0.31908E-02    0.98051E+01
    0.32229E-02    0.98845E+01
    0.32553E-02    0.99643E+01
    0.32880E-02    0.10044E+02
    0.33210E-02    0.10125E+02
    0.33544E-02    0.10206E+02
    0.33881E-02    0.10288E+02
    0.34222E-02    0.10370E+02
    0.34566E-02    0.10452E+02
    0.34913E-02    0.10535E+02
    0.35264E-02    0.10618E+02
    0.35618E-02    0.10702E+02
    0.35976E-02    0.10786E+02
    0.36338E-02    0.10871E+02
    0.36703E-02    0.10956E+02
    0.37072E-02    0.11041E+02
    0.37445E-02    0.11127E+02
    0.37821E-02    0.11213E+02
    0.38201E-02    0.11300E+02
    0.38585E-02    0.11387E+02
    0.38973E-02    0.11475E+02
    0.39364E-02    0.11562E+02
    0.39760E-02    0.11651E+02
    0.40160E-02    0.11739E+02
    0.40563E-02    0.11828E+02
    0.40971E-02    0.11918E+02
    0.41383E-02    0.12008E+02
    0.41799E-02    0.12098E+02
    0.42219E-02    0.12188E+02
    0.42643E-02    0.12279E+02
    0.43072E-02    0.12371E+02
    0.43504E-02    0.12462E+02
    0.43942E-02    0.12554E+02
    0.44383E-02    0.12647E+02
    0.44829E-02    0.12739E+02
    0.45280E-02    0.12832E+02
    0.45735E-02    0.12926E+02
    0.46195E-02    0.13019E+02
    0.46659E-02    0.13113E+02
    0.47128E-02    0.13208E+02
    0.47601E-02    0.13302E+02
    0.48080E-02    0.13397E+02
    0.48563E-02    0.13492E+02
    0.49051E-02    0.13588E+02
    0.49544E-02    0.13683E+02
    0.50042E-02    0.13779E+02
    0.50545E-02    0.13876E+02
    0.51053E-02    0.13972E+02
    0.51566E-02    0.14069E+02
    0.52084E-02    0.14166E+02
    0.52608E-02    0.14263E+02
    0.53137E-02    0.14360E+02
    0.53671E-02    0.14458E+02
    0.54210E-02    0.14556E+02
    0.54755E-02    0.14654E+02
    0.55305E-02    0.14752E+02
    0.55861E-02    0.14851E+02
    0.56422E-02    0.14949E+02
    0.56989E-02    0.15048E+02
    0.57562E-02    0.15147E+02
    0.58141E-02    0.15246E+02
    0.58725E-02    0.15345E+02
    0.59315E-02    0.15444E+02
    0.59911E-02    0.15543E+02
    0.60513E-02    0.15642E+02
    0.61122E-02    0.15742E+02
    0.61736E-02    0.15841E+02
    0.62356E-02    0.15941E+02
    0.62983E-02    0.16041E+02
    0.63616E-02    0.16140E+02
    0.64255E-02    0.16240E+02
    0.64901E-02    0.16339E+02
    0.65553E-02    0.16439E+02
    0.66212E-02    0.16539E+02
    0.66878E-02    0.16638E+02
    0.67550E-02    0.16738E+02
    0.68229E-02    0.16837E+02
    0.68914E-02    0.16936E+02
    0.69607E-02    0.17035E+02
    0.70306E-02    0.17135E+02
    0.71013E-02    0.17234E+02
    0.71727E-02    0.17332E+02
    0.72448E-02    0.17431E+02
    0.73176E-02    0.17529E+02
    0.73911E-02    0.17628E+02
    0.74654E-02    0.17726E+02
    0.75404E-02    0.17823E+02
    0.76162E-02    0.17921E+02
    0.76928E-02    0.18018E+02
    0.77701E-02    0.18115E+02
    0.78482E-02    0.18212E+02
    0.79270E-02    0.18308E+02
    0.80067E-02    0.18404E+02
    0.80872E-02    0.18500E+02
    0.81684E-02    0.18595E+02
    0.82505E-02    0.18690E+02
    0.83335E-02    0.18785E+02
    0.84172E-02    0.18879E+02
    0.85018E-02    0.18972E+02
    0.85873E-02    0.19065E+02
    0.86736E-02    0.19158E+02
    0.87607E-02    0.19250E+02
    0.88488E-02    0.19341E+02
    0.89377E-02    0.19432E+02
    0.90275E-02    0.19523E+02
    0.91183E-02    0.19612E+02
    0.92099E-02    0.19701E+02
    0.93025E-02    0.19790E+02
    0.93960E-02    0.19878E+02
    0.94904E-02    0.19965E+02
    0.95858E-02    0.20051E+02
    0.96821E-02    0.20136E+02
    0.97794E-02    0.20221E+02
    0.98777E-02    0.20305E+02
    0.99770E-02    0.20388E+02
    0.10077E-01    0.20470E+02
    0.10179E-01    0.20552E+02
    0.10281E-01    0.20632E+02
    0.10384E-01    0.20711E+02
    0.10489E-01    0.20790E+02
    0.10594E-01    0.20867E+02
    0.10700E-01    0.20944E+02
    0.10808E-01    0.21019E+02
    0.10917E-01    0.21094E+02
    0.11026E-01    0.21167E+02
    0.11137E-01    0.21239E+02
    0.11249E-01    0.21310E+02
    0.11362E-01    0.21380E+02
    0.11476E-01    0.21448E+02
    0.11592E-01    0.21516E+02
    0.11708E-01    0.21582E+02
    0.11826E-01    0.21646E+02
    0.11945E-01    0.21710E+02
    0.12065E-01    0.21771E+02
    0.12186E-01    0.21832E+02
    0.12308E-01    0.21891E+02
    0.12432E-01    0.21949E+02
    0.12557E-01    0.22005E+02
    0.12683E-01    0.22060E+02
    0.12811E-01    0.22113E+02
    0.12939E-01    0.22164E+02
    0.13069E-01    0.22214E+02
    0.13201E-01    0.22262E+02
    0.13333E-01    0.22309E+02
    0.13468E-01    0.22354E+02
    0.13603E-01    0.22397E+02
    0.13740E-01    0.22438E+02
    0.13878E-01    0.22477E+02
    0.14017E-01    0.22515E+02
    0.14158E-01    0.22551E+02
    0.14300E-01    0.22585E+02
    0.14444E-01    0.22617E+02
    0.14589E-01    0.22647E+02
    0.14736E-01    0.22675E+02
    0.14884E-01    0.22701E+02
    0.15033E-01    0.22724E+02
    0.15185E-01    0.22746E+02
    0.15337E-01    0.22766E+02
    0.15491E-01    0.22783E+02
    0.15647E-01    0.22799E+02
    0.15804E-01    0.22812E+02
    0.15963E-01    0.22823E+02
    0.16124E-01    0.22831E+02
    0.16286E-01    0.22838E+02
    0.16449E-01    0.22842E+02
    0.16615E-01    0.22843E+02
    0.16782E-01    0.22842E+02
    0.16950E-01    0.22839E+02
    0.17121E-01    0.22834E+02
    0.17293E-01    0.22826E+02
    0.17466E-01    0.22815E+02
    0.17642E-01    0.22802E+02
    0.17819E-01    0.22787E+02
    0.17998E-01    0.22769E+02
    0.18179E-01    0.22748E+02
    0.18362E-01    0.22725E+02
    0.18546E-01    0.22699E+02
    0.18733E-01    0.22670E+02
    0.18921E-01    0.22639E+02
    0.19111E-01    0.22605E+02
    0.19303E-01    0.22569E+02
    0.19497E-01    0.22530E+02
    0.19693E-01    0.22488E+02
    0.19891E-01    0.22443E+02
    0.20091E-01    0.22396E+02
    0.20293E-01    0.22346E+02
    0.20497E-01    0.22293E+02
    0.20703E-01    0.22238E+02
    0.20911E-01    0.22180E+02
    0.21121E-01    0.22119E+02
    0.21334E-01    0.22055E+02
    0.21548E-01    0.21989E+02
    0.21764E-01    0.21919E+02
    0.21983E-01    0.21848E+02
    0.22204E-01    0.21773E+02
    0.22427E-01    0.21696E+02
    0.22653E-01    0.21616E+02
    0.22880E-01    0.21533E+02
    0.23110E-01    0.21448E+02
    0.23343E-01    0.21360E+02
    0.23577E-01    0.21269E+02
    0.23814E-01    0.21176E+02
    0.24053E-01    0.21080E+02
    0.24295E-01    0.20981E+02
    0.24539E-01    0.20880E+02
    0.24786E-01    0.20777E+02
    0.25035E-01    0.20671E+02
    0.25287E-01    0.20563E+02
    0.25541E-01    0.20452E+02
    0.25798E-01    0.20339E+02
    0.26057E-01    0.20224E+02
    0.26319E-01    0.20106E+02
    0.26583E-01    0.19986E+02
    0.26850E-01    0.19865E+02
    0.27120E-01    0.19741E+02
    0.27393E-01    0.19615E+02
    0.27668E-01    0.19487E+02
    0.27946E-01    0.19357E+02
    0.28227E-01    0.19225E+02
    0.28511E-01    0.19091E+02
    0.28797E-01    0.18956E+02
    0.29087E-01    0.18819E+02
    0.29379E-01    0.18681E+02
    0.29674E-01    0.18541E+02
    0.29972E-01    0.18400E+02
    0.30274E-01    0.18257E+02
    0.30578E-01    0.18114E+02
    0.30885E-01    0.17969E+02
    0.31196E-01    0.17823E+02
    0.31509E-01    0.17676E+02
    0.31826E-01    0.17528E+02
    0.32146E-01    0.17380E+02
    0.32469E-01    0.17230E+02
    0.32795E-01    0.17081E+02
    0.33125E-01    0.16930E+02
    0.33458E-01    0.16780E+02
    0.33794E-01    0.16629E+02
    0.34133E-01    0.16478E+02
    0.34477E-01    0.16327E+02
    0.34823E-01    0.16176E+02
    0.35173E-01    0.16025E+02
    0.35526E-01    0.15874E+02
    0.35884E-01    0.15723E+02
    0.36244E-01    0.15574E+02
    0.36608E-01    0.15424E+02
    0.36976E-01    0.15275E+02
    0.37348E-01    0.15127E+02
    0.37723E-01    0.14980E+02
    0.38102E-01    0.14834E+02
    0.38485E-01    0.14689E+02
    0.38872E-01    0.14545E+02
    0.39263E-01    0.14402E+02
    0.39657E-01    0.14261E+02
    0.40056E-01    0.14121E+02
    0.40459E-01    0.13982E+02
    0.40865E-01    0.13845E+02
    0.41276E-01    0.13710E+02
    0.41691E-01    0.13577E+02
    0.42110E-01    0.13445E+02
    0.42533E-01    0.13315E+02
    0.42960E-01    0.13188E+02
    0.43392E-01    0.13062E+02
    0.43828E-01    0.12938E+02
    0.44269E-01    0.12817E+02
    0.44714E-01    0.12698E+02
    0.45163E-01    0.12580E+02
    0.45617E-01    0.12466E+02
    0.46075E-01    0.12353E+02
    0.46538E-01    0.12243E+02
    0.47006E-01    0.12135E+02
    0.47479E-01    0.12029E+02
    0.47956E-01    0.11926E+02
    0.48438E-01    0.11825E+02
    0.48925E-01    0.11726E+02
    0.49416E-01    0.11630E+02
    0.49913E-01    0.11536E+02
    0.50415E-01    0.11444E+02
    0.50921E-01    0.11354E+02
    0.51433E-01    0.11266E+02
    0.51950E-01    0.11181E+02
    0.52472E-01    0.11097E+02
    0.52999E-01    0.11016E+02
    0.53532E-01    0.10936E+02
    0.54070E-01    0.10858E+02
    0.54613E-01    0.10782E+02
    0.55162E-01    0.10707E+02
    0.55717E-01    0.10634E+02
    0.56277E-01    0.10562E+02
    0.56842E-01    0.10491E+02
    0.57413E-01    0.10422E+02
    0.57990E-01    0.10353E+02
    0.58573E-01    0.10285E+02
    0.59162E-01    0.10217E+02
    0.59757E-01    0.10150E+02
    0.60357E-01    0.10083E+02
    0.60964E-01    0.10016E+02
    0.61576E-01    0.99496E+01
    0.62195E-01    0.98825E+01
    0.62820E-01    0.98148E+01
    0.63452E-01    0.97466E+01
    0.64089E-01    0.96776E+01
    0.64734E-01    0.96075E+01
    0.65384E-01    0.95363E+01
    0.66041E-01    0.94638E+01
    0.66705E-01    0.93898E+01
    0.67375E-01    0.93141E+01
    0.68052E-01    0.92365E+01
    0.68736E-01    0.91571E+01
    0.69427E-01    0.90755E+01
    0.70125E-01    0.89918E+01
    0.70830E-01    0.89058E+01
    0.71542E-01    0.88174E+01
    0.72261E-01    0.87265E+01
    0.72987E-01    0.86332E+01
    0.73720E-01    0.85373E+01
    0.74461E-01    0.84390E+01
    0.75210E-01    0.83381E+01
    0.75965E-01    0.82348E+01
    0.76729E-01    0.81290E+01
    0.77500E-01    0.80208E+01
    0.78279E-01    0.79105E+01
    0.79066E-01    0.77980E+01
    0.79860E-01    0.76836E+01
    0.80663E-01    0.75674E+01
    0.81474E-01    0.74496E+01
    0.82292E-01    0.73305E+01
    0.83119E-01    0.72102E+01
    0.83955E-01    0.70890E+01
    0.84799E-01    0.69673E+01
    0.85651E-01    0.68453E+01
    0.86512E-01    0.67232E+01
    0.87381E-01    0.66014E+01
    0.88259E-01    0.64802E+01
    0.89146E-01    0.63599E+01
    0.90042E-01    0.62408E+01
    0.90947E-01    0.61232E+01
    0.91861E-01    0.60074E+01
    0.92784E-01    0.58937E+01
    0.93717E-01    0.57824E+01
    0.94659E-01    0.56737E+01
    0.95610E-01    0.55680E+01
    0.96571E-01    0.54654E+01
    0.97542E-01    0.53662E+01
    0.98522E-01    0.52705E+01
    0.99512E-01    0.51784E+01
    0.10051E+00    0.50902E+01
    0.10152E+00    0.50059E+01
    0.10254E+00    0.49255E+01
    0.10357E+00    0.48492E+01
    0.10461E+00    0.47769E+01
    0.10567E+00    0.47086E+01
    0.10673E+00    0.46441E+01
    0.10780E+00    0.45834E+01
    0.10888E+00    0.45264E+01
    0.10998E+00    0.44728E+01
    0.11108E+00    0.44225E+01
    0.11220E+00    0.43752E+01
    0.11333E+00    0.43306E+01
    0.11447E+00    0.42884E+01
    0.11562E+00    0.42484E+01
    0.11678E+00    0.42102E+01
    0.11795E+00    0.41733E+01
    0.11914E+00    0.41374E+01
    0.12033E+00    0.41020E+01
    0.12154E+00    0.40668E+01
    0.12277E+00    0.40314E+01
    0.12400E+00    0.39953E+01
    0.12525E+00    0.39582E+01
    0.12650E+00    0.39198E+01
    0.12778E+00    0.38798E+01
    0.12906E+00    0.38378E+01
    0.13036E+00    0.37937E+01
    0.13167E+00    0.37473E+01
    0.13299E+00    0.36983E+01
    0.13433E+00    0.36468E+01
    0.13568E+00    0.35926E+01
    0.13704E+00    0.35358E+01
    0.13842E+00    0.34766E+01
    0.13981E+00    0.34151E+01
    0.14121E+00    0.33516E+01
    0.14263E+00    0.32864E+01
    0.14407E+00    0.32198E+01
    0.14551E+00    0.31522E+01
    0.14698E+00    0.30841E+01
    0.14845E+00    0.30158E+01
    0.14995E+00    0.29478E+01
    0.15145E+00    0.28806E+01
    0.15298E+00    0.28145E+01
    0.15451E+00    0.27501E+01
    0.15607E+00    0.26876E+01
    0.15763E+00    0.26275E+01
    0.15922E+00    0.25702E+01
    0.16082E+00    0.25157E+01
    0.16244E+00    0.24644E+01
    0.16407E+00    0.24164E+01
    0.16572E+00    0.23717E+01
    0.16738E+00    0.23302E+01
    0.16906E+00    0.22919E+01
    0.17076E+00    0.22567E+01
    0.17248E+00    0.22244E+01
    0.17421E+00    0.21946E+01
    0.17596E+00    0.21671E+01
    0.17773E+00    0.21415E+01
    0.17952E+00    0.21175E+01
    0.18132E+00    0.20945E+01
    0.18315E+00    0.20721E+01
    0.18499E+00    0.20498E+01
    0.18684E+00    0.20272E+01
    0.18872E+00    0.20040E+01
    0.19062E+00    0.19798E+01
    0.19254E+00    0.19542E+01
    0.19447E+00    0.19271E+01
    0.19642E+00    0.18983E+01
    0.19840E+00    0.18677E+01
    0.20039E+00    0.18353E+01
    0.20241E+00    0.18012E+01
    0.20444E+00    0.17656E+01
    0.20650E+00    0.17289E+01
    0.20857E+00    0.16912E+01
    0.21067E+00    0.16531E+01
    0.21278E+00    0.16149E+01
    0.21492E+00    0.15770E+01
    0.21708E+00    0.15397E+01
    0.21926E+00    0.15036E+01
    0.22147E+00    0.14688E+01
    0.22369E+00    0.14358E+01
    0.22594E+00    0.14047E+01
    0.22821E+00    0.13757E+01
    0.23051E+00    0.13487E+01
    0.23282E+00    0.13239E+01
    0.23516E+00    0.13009E+01
    0.23753E+00    0.12798E+01
    0.23991E+00    0.12603E+01
    0.24232E+00    0.12420E+01
    0.24476E+00    0.12247E+01
    0.24722E+00    0.12079E+01
    0.24970E+00    0.11914E+01
    0.25221E+00    0.11747E+01
    0.25475E+00    0.11577E+01
    0.25731E+00    0.11400E+01
    0.25990E+00    0.11216E+01
    0.26251E+00    0.11022E+01
    0.26515E+00    0.10819E+01
    0.26781E+00    0.10608E+01
    0.27050E+00    0.10390E+01
    0.27322E+00    0.10167E+01
    0.27597E+00    0.99410E+00
    0.27874E+00    0.97158E+00
    0.28154E+00    0.94936E+00
    0.28437E+00    0.92774E+00
    0.28723E+00    0.90694E+00
    0.29012E+00    0.88715E+00
    0.29303E+00    0.86846E+00
    0.29598E+00    0.85094E+00
    0.29895E+00    0.83458E+00
    0.30196E+00    0.81929E+00
    0.30499E+00    0.80493E+00
    0.30806E+00    0.79133E+00
    0.31115E+00    0.77824E+00
    0.31428E+00    0.76546E+00
    0.31744E+00    0.75278E+00
    0.32063E+00    0.74001E+00
    0.32385E+00    0.72701E+00
    0.32710E+00    0.71367E+00
    0.33039E+00    0.69997E+00
    0.33371E+00    0.68595E+00
    0.33707E+00    0.67169E+00
    0.34045E+00    0.65730E+00
    0.34388E+00    0.64294E+00
    0.34733E+00    0.62878E+00
    0.35082E+00    0.61498E+00
    0.35435E+00    0.60165E+00
    0.35791E+00    0.58889E+00
    0.36151E+00    0.57674E+00
    0.36514E+00    0.56522E+00
    0.36881E+00    0.55426E+00
    0.37252E+00    0.54378E+00
    0.37626E+00    0.53367E+00
    0.38004E+00    0.52382E+00
    0.38386E+00    0.51411E+00
    0.38772E+00    0.50442E+00
    0.39162E+00    0.49469E+00
    0.39555E+00    0.48489E+00
    0.39953E+00    0.47502E+00
    0.40354E+00    0.46511E+00
    0.40760E+00    0.45523E+00
    0.41169E+00    0.44545E+00
    0.41583E+00    0.43585E+00
    0.42001E+00    0.42651E+00
    0.42423E+00    0.41748E+00
    0.42849E+00    0.40878E+00
    0.43280E+00    0.40041E+00
    0.43715E+00    0.39234E+00
    0.44154E+00    0.38452E+00
    0.44598E+00    0.37691E+00
    0.45046E+00    0.36942E+00
    0.45499E+00    0.36201E+00
    0.45956E+00    0.35466E+00
    0.46418E+00    0.34735E+00
    0.46885E+00    0.34008E+00
    0.47356E+00    0.33287E+00
    0.47832E+00    0.32576E+00
    0.48313E+00    0.31879E+00
    0.48798E+00    0.31199E+00
    0.49289E+00    0.30537E+00
    0.49784E+00    0.29895E+00
    0.50284E+00    0.29272E+00
    0.50790E+00    0.28665E+00
    0.51300E+00    0.28072E+00
    0.51816E+00    0.27491E+00
    0.52337E+00    0.26918E+00
    0.52862E+00    0.26353E+00
    0.53394E+00    0.25796E+00
    0.53930E+00    0.25246E+00
    0.54472E+00    0.24705E+00
    0.55020E+00    0.24174E+00
    0.55573E+00    0.23655E+00
    0.56131E+00    0.23149E+00
    0.56695E+00    0.22655E+00
    0.57265E+00    0.22173E+00
    0.57841E+00    0.21702E+00
    0.58422E+00    0.21241E+00
    0.59009E+00    0.20788E+00
    0.59602E+00    0.20343E+00
    0.60201E+00    0.19906E+00
    0.60806E+00    0.19477E+00
    0.61417E+00    0.19055E+00
    0.62035E+00    0.18642E+00
    0.62658E+00    0.18238E+00
    0.63288E+00    0.17844E+00
    0.63924E+00    0.17458E+00
    0.64566E+00    0.17080E+00
    0.65215E+00    0.16711E+00
    0.65871E+00    0.16348E+00
    0.66533E+00    0.15993E+00
    0.67201E+00    0.15644E+00
    0.67877E+00    0.15303E+00
    0.68559E+00    0.14968E+00
    0.69248E+00    0.14641E+00
    0.69944E+00    0.14320E+00
    0.70647E+00    0.14006E+00
    0.71357E+00    0.13700E+00
    0.72074E+00    0.13399E+00
    0.72798E+00    0.13105E+00
    0.73530E+00    0.12816E+00
    0.74269E+00    0.12534E+00
    0.75015E+00    0.12258E+00
    0.75769E+00    0.11987E+00
    0.76531E+00    0.11722E+00
    0.77300E+00    0.11462E+00
    0.78077E+00    0.11209E+00
    0.78862E+00    0.10960E+00
    0.79654E+00    0.10717E+00
    0.80455E+00    0.10479E+00
    0.81263E+00    0.10246E+00
    0.82080E+00    0.10017E+00
    0.82905E+00    0.97941E-01
    0.83738E+00    0.95755E-01
    0.84580E+00    0.93616E-01
    0.85430E+00    0.91523E-01
    0.86288E+00    0.89474E-01
    0.87155E+00    0.87469E-01
    0.88031E+00    0.85507E-01
    0.88916E+00    0.83587E-01
    0.89810E+00    0.81708E-01
    0.90712E+00    0.79869E-01
    0.91624E+00    0.78071E-01
    0.92545E+00    0.76311E-01
    0.93475E+00    0.74589E-01
    0.94414E+00    0.72905E-01
    0.95363E+00    0.71256E-01
    0.96322E+00    0.69644E-01
    0.97290E+00    0.68067E-01
    0.98268E+00    0.66524E-01
    0.99255E+00    0.65014E-01
    0.10025E+01    0.63538E-01
    0.10126E+01    0.62093E-01
    0.10228E+01    0.60680E-01
    0.10331E+01    0.59298E-01
    0.10434E+01    0.57946E-01
    0.10539E+01    0.56624E-01
    0.10645E+01    0.55331E-01
    0.10752E+01    0.54066E-01
    0.10860E+01    0.52829E-01
    0.10969E+01    0.51619E-01
    0.11080E+01    0.50435E-01
    0.11191E+01    0.49278E-01
    0.11303E+01    0.48147E-01
    0.11417E+01    0.47040E-01
    0.11532E+01    0.45958E-01
    0.11648E+01    0.44900E-01
    0.11765E+01    0.43865E-01
    0.11883E+01    0.42854E-01
    0.12002E+01    0.41865E-01
    0.12123E+01    0.40898E-01
    0.12245E+01    0.39953E-01
    0.12368E+01    0.39028E-01
    0.12492E+01    0.38124E-01
    0.12618E+01    0.37241E-01
    0.12745E+01    0.36377E-01
    0.12873E+01    0.35533E-01
    0.13002E+01    0.34707E-01
    0.13133E+01    0.33900E-01
    0.13265E+01    0.33111E-01
    0.13398E+01    0.32340E-01
    0.13533E+01    0.31586E-01
    0.13669E+01    0.30849E-01
    0.13806E+01    0.30129E-01
    0.13945E+01    0.29425E-01
    0.14085E+01    0.28737E-01
    0.14227E+01    0.28065E-01
    0.14370E+01    0.27408E-01
    0.14514E+01    0.26765E-01
    0.14660E+01    0.26138E-01
    0.14807E+01    0.25524E-01
    0.14956E+01    0.24925E-01
    0.15106E+01    0.24339E-01
    0.15258E+01    0.23766E-01
    0.15411E+01    0.23207E-01
    0.15566E+01    0.22660E-01
    0.15723E+01    0.22126E-01
    0.15881E+01    0.21604E-01
    0.16040E+01    0.21094E-01
    0.16202E+01    0.20595E-01
    0.16364E+01    0.20108E-01
    0.16529E+01    0.19633E-01
    0.16695E+01    0.19168E-01
    0.16863E+01    0.18714E-01
    0.17032E+01    0.18270E-01
    0.17203E+01    0.17837E-01
    0.17376E+01    0.17413E-01
    0.17551E+01    0.16999E-01
    0.17727E+01    0.16595E-01
    0.17906E+01    0.16200E-01
    0.18085E+01    0.15815E-01
    0.18267E+01    0.15438E-01
    0.18451E+01    0.15070E-01
    0.18636E+01    0.14710E-01
    0.18824E+01    0.14359E-01
    0.19013E+01    0.14016E-01
    0.19204E+01    0.13681E-01
    0.19397E+01    0.13354E-01
    0.19592E+01    0.13034E-01
    0.19789E+01    0.12722E-01
    0.19988E+01    0.12417E-01
    0.20188E+01    0.12119E-01
    0.20391E+01    0.11828E-01
    0.20596E+01    0.11544E-01
    0.20803E+01    0.11267E-01
    0.21012E+01    0.10996E-01
    0.21223E+01    0.10731E-01
    0.21437E+01    0.10473E-01
    0.21652E+01    0.10221E-01
    0.21870E+01    0.99745E-02
    0.22090E+01    0.97339E-02
    0.22312E+01    0.94990E-02
    0.22536E+01    0.92696E-02
    0.22762E+01    0.90457E-02
    0.22991E+01    0.88270E-02
    0.23222E+01    0.86134E-02
    0.23456E+01    0.84049E-02
    0.23691E+01    0.82014E-02
    0.23929E+01    0.80026E-02
    0.24170E+01    0.78085E-02
    0.24413E+01    0.76191E-02
    0.24658E+01    0.74341E-02
    0.24906E+01    0.72535E-02
    0.25156E+01    0.70772E-02
    0.25409E+01    0.69051E-02
    0.25664E+01    0.67371E-02
    0.25922E+01    0.65731E-02
    0.26183E+01    0.64129E-02
    0.26446E+01    0.62566E-02
    0.26712E+01    0.61040E-02
    0.26980E+01    0.59551E-02
    0.27252E+01    0.58097E-02
    0.27525E+01    0.56678E-02
    0.27802E+01    0.55292E-02
    0.28081E+01    0.53940E-02
    0.28364E+01    0.52620E-02
    0.28649E+01    0.51332E-02
    0.28937E+01    0.50074E-02
    0.29227E+01    0.48847E-02
    0.29521E+01    0.47649E-02
    0.29818E+01    0.46480E-02
    0.30118E+01    0.45339E-02
    0.30420E+01    0.44226E-02
    0.30726E+01    0.43139E-02
    0.31035E+01    0.42078E-02
    0.31347E+01    0.41043E-02
    0.31662E+01    0.40033E-02
    0.31980E+01    0.39047E-02
    0.32301E+01    0.38085E-02
    0.32626E+01    0.37146E-02
    0.32954E+01    0.36230E-02
    0.33285E+01    0.35336E-02
    0.33620E+01    0.34464E-02
    0.33957E+01    0.33613E-02
    0.34299E+01    0.32782E-02
    0.34643E+01    0.31971E-02
    0.34992E+01    0.31181E-02
    0.35343E+01    0.30409E-02
    0.35699E+01    0.29656E-02
    0.36057E+01    0.28921E-02
    0.36420E+01    0.28204E-02
    0.36786E+01    0.27505E-02
    0.37155E+01    0.26823E-02
    0.37529E+01    0.26157E-02
    0.37906E+01    0.25507E-02
    0.38287E+01    0.24874E-02
    0.38672E+01    0.24255E-02
    0.39060E+01    0.23652E-02
    0.39453E+01    0.23064E-02
    0.39849E+01    0.22490E-02
    0.40250E+01    0.21930E-02
    0.40654E+01    0.21383E-02
    0.41063E+01    0.20850E-02
    0.41476E+01    0.20330E-02
    0.41893E+01    0.19823E-02
    0.42314E+01    0.19328E-02
    0.42739E+01    0.18846E-02
    0.43168E+01    0.18375E-02
    0.43602E+01    0.17916E-02
    0.44040E+01    0.17468E-02
    0.44483E+01    0.17031E-02
    0.44930E+01    0.16605E-02
    0.45382E+01    0.16189E-02
    0.45838E+01    0.15783E-02
    0.46298E+01    0.15388E-02
    0.46764E+01    0.15002E-02
    0.47234E+01    0.14626E-02
    0.47708E+01    0.14259E-02
    0.48188E+01    0.13901E-02
    0.48672E+01    0.13552E-02
    0.49161E+01    0.13211E-02
    0.49655E+01    0.12879E-02
    0.50155E+01    0.12555E-02
    0.50659E+01    0.12239E-02
    0.51168E+01    0.11931E-02
    0.51682E+01    0.11631E-02
    0.52201E+01    0.11338E-02
    0.52726E+01    0.11052E-02
    0.53256E+01    0.10774E-02
    0.53791E+01    0.10502E-02
    0.54332E+01    0.10237E-02
    0.54878E+01    0.99788E-03
    0.55429E+01    0.97268E-03
    0.55986E+01    0.94811E-03
    0.56549E+01    0.92416E-03
    0.57117E+01    0.90080E-03
    0.57691E+01    0.87802E-03
    0.58271E+01    0.85580E-03
    0.58857E+01    0.83414E-03
    0.59448E+01    0.81302E-03
    0.60046E+01    0.79243E-03
    0.60649E+01    0.77235E-03
    0.61259E+01    0.75277E-03
    0.61875E+01    0.73368E-03
    0.62496E+01    0.71507E-03
    0.63124E+01    0.69693E-03
    0.63759E+01    0.67923E-03
    0.64400E+01    0.66198E-03
    0.65047E+01    0.64516E-03
    0.65701E+01    0.62877E-03
    0.66361E+01    0.61278E-03
    0.67028E+01    0.59719E-03
    0.67702E+01    0.58200E-03
    0.68382E+01    0.56718E-03
    0.69069E+01    0.55274E-03
    0.69763E+01    0.53866E-03
    0.70464E+01    0.52494E-03
    0.71173E+01    0.51156E-03
    0.71888E+01    0.49851E-03
    0.72610E+01    0.48579E-03
    0.73340E+01    0.47340E-03
    0.74077E+01    0.46131E-03
    0.74822E+01    0.44953E-03
    0.75574E+01    0.43805E-03
    0.76333E+01    0.42685E-03
    0.77100E+01    0.41594E-03
    0.77875E+01    0.40531E-03
    0.78658E+01    0.39494E-03
    0.79448E+01    0.38483E-03
    0.80247E+01    0.37498E-03
    0.81053E+01    0.36538E-03
    0.81868E+01    0.35602E-03
    0.82691E+01    0.34689E-03
    0.83522E+01    0.33800E-03
    0.84361E+01    0.32933E-03
    0.85209E+01    0.32089E-03
    0.86065E+01    0.31265E-03
    0.86930E+01    0.30463E-03
    0.87804E+01    0.29680E-03
    0.88687E+01    0.28918E-03
    0.89578E+01    0.28175E-03
    0.90478E+01    0.27451E-03
    0.91388E+01    0.26745E-03
    0.92306E+01    0.26057E-03
    0.93234E+01    0.25387E-03
    0.94171E+01    0.24733E-03
    0.95117E+01    0.24097E-03
    0.96073E+01    0.23476E-03
    0.97039E+01    0.22871E-03
    0.98014E+01    0.22282E-03
    0.98999E+01    0.21707E-03
    0.99994E+01    0.21148E-03
    0.10100E+02    0.20602E-03
    0.10201E+02    0.20071E-03
    0.10304E+02    0.19553E-03
    0.10407E+02    0.19048E-03
    0.10512E+02    0.18556E-03
    0.10618E+02    0.18076E-03
    0.10724E+02    0.17609E-03
    0.10832E+02    0.17154E-03
    0.10941E+02    0.16710E-03
    0.11051E+02    0.16278E-03
    0.11162E+02    0.15857E-03
    0.11274E+02    0.15447E-03
    0.11388E+02    0.15047E-03
    0.11502E+02    0.14657E-03
    0.11618E+02    0.14277E-03
    0.11734E+02    0.13907E-03
    0.11852E+02    0.13547E-03
    0.11971E+02    0.13195E-03
    0.12092E+02    0.12853E-03
    0.12213E+02    0.12520E-03
    0.12336E+02    0.12195E-03
    0.12460E+02    0.11878E-03
    0.12585E+02    0.11570E-03
    0.12712E+02    0.11269E-03
    0.12839E+02    0.10976E-03
    0.12969E+02    0.10691E-03
    0.13099E+02    0.10413E-03
    0.13230E+02    0.10142E-03
    0.13363E+02    0.98786E-04
    0.13498E+02    0.96216E-04
    0.13633E+02    0.93712E-04
    0.13770E+02    0.91272E-04
    0.13909E+02    0.88895E-04
    0.14049E+02    0.86579E-04
    0.14190E+02    0.84323E-04
    0.14332E+02    0.82125E-04
    0.14476E+02    0.79984E-04
    0.14622E+02    0.77898E-04
    0.14769E+02    0.75866E-04
    0.14917E+02    0.73887E-04
    0.15067E+02    0.71958E-04
    0.15219E+02    0.70080E-04
    0.15372E+02    0.68250E-04
    0.15526E+02    0.66467E-04
    0.15682E+02    0.64730E-04
    0.15840E+02    0.63038E-04
    0.15999E+02    0.61390E-04
    0.16160E+02    0.59785E-04
    0.16322E+02    0.58221E-04
    0.16486E+02    0.56698E-04
    0.16652E+02    0.55214E-04
    0.16819E+02    0.53769E-04
    0.16988E+02    0.52361E-04
    0.17159E+02    0.50989E-04
    0.17331E+02    0.49653E-04
    0.17506E+02    0.48352E-04
    0.17682E+02    0.47085E-04
    0.17859E+02    0.45850E-04
    0.18039E+02    0.44648E-04
    0.18220E+02    0.43477E-04
    0.18403E+02    0.42336E-04
    0.18588E+02    0.41225E-04
    0.18775E+02    0.40142E-04
    0.18964E+02    0.39088E-04
    0.19154E+02    0.38062E-04
    0.19347E+02    0.37062E-04
    0.19541E+02    0.36088E-04
    0.19738E+02    0.35139E-04
    0.19936E+02    0.34215E-04
    0.20136E+02    0.33315E-04
    0.20339E+02    0.32439E-04
    0.20543E+02    0.31585E-04
    0.20750E+02    0.30754E-04
    0.20958E+02    0.29944E-04
    0.21169E+02    0.29156E-04
    0.21381E+02    0.28388E-04
    0.21596E+02    0.27640E-04
    0.21813E+02    0.26912E-04
    0.22033E+02    0.26202E-04
    0.22254E+02    0.25512E-04
    0.22478E+02    0.24839E-04
    0.22704E+02    0.24184E-04
    0.22932E+02    0.23546E-04
    0.23162E+02    0.22924E-04
    0.23395E+02    0.22319E-04
    0.23630E+02    0.21730E-04
    0.23868E+02    0.21156E-04
    0.24108E+02    0.20597E-04
    0.24350E+02    0.20053E-04
    0.24595E+02    0.19523E-04
    0.24842E+02    0.19007E-04
    0.25091E+02    0.18504E-04
    0.25344E+02    0.18015E-04
    0.25598E+02    0.17538E-04
    0.25856E+02    0.17074E-04
    0.26115E+02    0.16622E-04
    0.26378E+02    0.16182E-04
    0.26643E+02    0.15754E-04
    0.26911E+02    0.15337E-04
    0.27181E+02    0.14930E-04
    0.27454E+02    0.14535E-04
    0.27730E+02    0.14150E-04
    0.28009E+02    0.13774E-04
    0.28290E+02    0.13409E-04
    0.28575E+02    0.13054E-04
    0.28862E+02    0.12707E-04
    0.29152E+02    0.12370E-04
    0.29445E+02    0.12042E-04
    0.29741E+02    0.11722E-04
    0.30040E+02    0.11411E-04
    0.30342E+02    0.11108E-04
    0.30647E+02    0.10813E-04
    0.30955E+02    0.10525E-04
    0.31266E+02    0.10246E-04
    0.31580E+02    0.99733E-05
    0.31897E+02    0.97082E-05
    0.32218E+02    0.94500E-05
    0.32542E+02    0.91986E-05
    0.32869E+02    0.89539E-05
    0.33199E+02    0.87156E-05
    0.33533E+02    0.84836E-05
    0.33870E+02    0.82577E-05
    0.34210E+02    0.80378E-05
    0.34554E+02    0.78237E-05
    0.34901E+02    0.76152E-05
    0.35252E+02    0.74123E-05
    0.35606E+02    0.72147E-05
    0.35964E+02    0.70224E-05
    0.36326E+02    0.68351E-05
    0.36691E+02    0.66528E-05
    0.37059E+02    0.64753E-05
    0.37432E+02    0.63025E-05
    0.37808E+02    0.61343E-05
    0.38188E+02    0.59705E-05
    0.38572E+02    0.58111E-05
    0.38960E+02    0.56559E-05
    0.39351E+02    0.55048E-05
    0.39747E+02    0.53577E-05
    0.40146E+02    0.52145E-05
    0.40550E+02    0.50751E-05
    0.40957E+02    0.49394E-05
    0.41369E+02    0.48073E-05
    0.41784E+02    0.46787E-05
    0.42204E+02    0.45535E-05
    0.42629E+02    0.44316E-05
    0.43057E+02    0.43130E-05
    0.43490E+02    0.41975E-05
    0.43927E+02    0.40851E-05
    0.44368E+02    0.39757E-05
    0.44814E+02    0.38692E-05
    0.45265E+02    0.37655E-05
    0.45719E+02    0.36645E-05
    0.46179E+02    0.35663E-05
    0.46643E+02    0.34706E-05
    0.47112E+02    0.33775E-05
    0.47585E+02    0.32869E-05
    0.48064E+02    0.31987E-05
    0.48547E+02    0.31129E-05
    0.49034E+02    0.30293E-05
    0.49527E+02    0.29479E-05
    0.50025E+02    0.28687E-05
    0.50528E+02    0.27917E-05
    0.51036E+02    0.27166E-05
    0.51549E+02    0.26436E-05
    0.52067E+02    0.25726E-05
    0.52590E+02    0.25034E-05
    0.53118E+02    0.24360E-05
    0.53652E+02    0.23705E-05
    0.54191E+02    0.23067E-05
    0.54736E+02    0.22446E-05
    0.55286E+02    0.21842E-05
    0.55842E+02    0.21254E-05
    0.56403E+02    0.20681E-05
    0.56970E+02    0.20124E-05
    0.57542E+02    0.19582E-05
    0.58121E+02    0.19054E-05
    0.58705E+02    0.18540E-05
    0.59295E+02    0.18040E-05
    0.59891E+02    0.17554E-05
    0.60493E+02    0.17080E-05
    0.61101E+02    0.16619E-05
    0.61715E+02    0.16170E-05
    0.62335E+02    0.15734E-05
    0.62961E+02    0.15309E-05
    0.63594E+02    0.14895E-05
    0.64233E+02    0.14493E-05
    0.64879E+02    0.14101E-05
    0.65531E+02    0.13720E-05
    0.66190E+02    0.13349E-05
    0.66855E+02    0.12988E-05
    0.67527E+02    0.12637E-05
    0.68205E+02    0.12295E-05
    0.68891E+02    0.11962E-05
    0.69583E+02    0.11638E-05
    0.70283E+02    0.11323E-05
    0.70989E+02    0.11016E-05
    0.71702E+02    0.10718E-05
    0.72423E+02    0.10427E-05
    0.73151E+02    0.10145E-05
    0.73886E+02    0.98695E-06
    0.74629E+02    0.96018E-06
    0.75379E+02    0.93413E-06
    0.76136E+02    0.90878E-06
    0.76901E+02    0.88411E-06
    0.77674E+02    0.86010E-06
    0.78455E+02    0.83674E-06
    0.79243E+02    0.81401E-06
    0.80040E+02    0.79189E-06
    0.80844E+02    0.77036E-06
    0.81657E+02    0.74941E-06
    0.82477E+02    0.72903E-06
    0.83306E+02    0.70920E-06
    0.84144E+02    0.68990E-06
    0.84989E+02    0.67112E-06
    0.85843E+02    0.65284E-06
    0.86706E+02    0.63506E-06
    0.87577E+02    0.61776E-06
    0.88458E+02    0.60092E-06
    0.89347E+02    0.58454E-06
    0.90245E+02    0.56860E-06
    0.91152E+02    0.55309E-06
    0.92068E+02    0.53799E-06
    0.92993E+02    0.52331E-06
    0.93927E+02    0.50902E-06
    0.94871E+02    0.49512E-06
    0.95825E+02    0.48159E-06
    0.96788E+02    0.46843E-06
    0.97761E+02    0.45562E-06
    0.98743E+02    0.44316E-06
    0.99736E+02    0.43103E-06
    0.10074E+03    0.41924E-06
    0.10175E+03    0.40776E-06
    0.10277E+03    0.39660E-06
    0.10381E+03    0.38573E-06
    0.10485E+03    0.37516E-06
    0.10590E+03    0.36488E-06
    0.10697E+03    0.35487E-06
    0.10804E+03    0.34513E-06
    0.10913E+03    0.33566E-06
    0.11023E+03    0.32645E-06
    0.11133E+03    0.31748E-06
    0.11245E+03    0.30876E-06
    0.11358E+03    0.30027E-06
    0.11472E+03    0.29202E-06
    0.11588E+03    0.28398E-06
    0.11704E+03    0.27617E-06
    0.11822E+03    0.26857E-06
    0.11941E+03    0.26117E-06
    0.12061E+03    0.25398E-06
    0.12182E+03    0.24698E-06
    0.12304E+03    0.24017E-06
    0.12428E+03    0.23354E-06
    0.12553E+03    0.22710E-06
    0.12679E+03    0.22083E-06
    0.12806E+03    0.21473E-06
    0.12935E+03    0.20880E-06
    0.13065E+03    0.20303E-06
    0.13196E+03    0.19741E-06
    0.13329E+03    0.19195E-06
    0.13463E+03    0.18664E-06
    0.13598E+03    0.18147E-06
    0.13735E+03    0.17644E-06
    0.13873E+03    0.17155E-06
    0.14012E+03    0.16679E-06
    0.14153E+03    0.16217E-06
    0.14295E+03    0.15766E-06
    0.14439E+03    0.15329E-06
    0.14584E+03    0.14903E-06
    0.14731E+03    0.14488E-06
    0.14879E+03    0.14085E-06
    0.15028E+03    0.13693E-06
    0.15179E+03    0.13312E-06
    0.15332E+03    0.12941E-06
    0.15486E+03    0.12581E-06
    0.15642E+03    0.12230E-06
    0.15799E+03    0.11888E-06
    0.15958E+03    0.11557E-06
    0.16118E+03    0.11234E-06
    0.16280E+03    0.10920E-06
    0.16444E+03    0.10614E-06
    0.16609E+03    0.10317E-06
    0.16776E+03    0.10028E-06
    0.16944E+03    0.97475E-07
    0.17115E+03    0.94742E-07
    0.17287E+03    0.92085E-07
    0.17460E+03    0.89500E-07
    0.17636E+03    0.86986E-07
    0.17813E+03    0.84541E-07
    0.17992E+03    0.82164E-07
    0.18173E+03    0.79852E-07
    0.18356E+03    0.77604E-07
    0.18540E+03    0.75417E-07
    0.18726E+03    0.73290E-07
    0.18915E+03    0.71222E-07
    0.19105E+03    0.69211E-07
    0.19297E+03    0.67255E-07
    0.19491E+03    0.65353E-07
    0.19687E+03    0.63504E-07
    0.19884E+03    0.61706E-07
    0.20084E+03    0.59957E-07
