#           k/h    P           
    0.35185E-05    0.24402E-02
    0.35539E-05    0.24639E-02
    0.35896E-05    0.24879E-02
    0.36257E-05    0.25120E-02
    0.36621E-05    0.25365E-02
    0.36989E-05    0.25611E-02
    0.37361E-05    0.25860E-02
    0.37736E-05    0.26111E-02
    0.38115E-05    0.26365E-02
    0.38499E-05    0.26621E-02
    0.38885E-05    0.26879E-02
    0.39276E-05    0.27140E-02
    0.39671E-05    0.27404E-02
    0.40070E-05    0.27670E-02
    0.40472E-05    0.27939E-02
    0.40879E-05    0.28210E-02
    0.41290E-05    0.28484E-02
    0.41705E-05    0.28761E-02
    0.42124E-05    0.29040E-02
    0.42547E-05    0.29323E-02
    0.42975E-05    0.29607E-02
    0.43407E-05    0.29895E-02
    0.43843E-05    0.30185E-02
    0.44284E-05    0.30479E-02
    0.44729E-05    0.30775E-02
    0.45178E-05    0.31074E-02
    0.45632E-05    0.31375E-02
    0.46091E-05    0.31680E-02
    0.46554E-05    0.31988E-02
    0.47022E-05    0.32299E-02
    0.47495E-05    0.32612E-02
    0.47972E-05    0.32929E-02
    0.48454E-05    0.33249E-02
    0.48941E-05    0.33572E-02
    0.49433E-05    0.33898E-02
    0.49930E-05    0.34227E-02
    0.50432E-05    0.34560E-02
    0.50939E-05    0.34896E-02
    0.51450E-05    0.35235E-02
    0.51968E-05    0.35577E-02
    0.52490E-05    0.35922E-02
    0.53017E-05    0.36271E-02
    0.53550E-05    0.36624E-02
    0.54088E-05    0.36980E-02
    0.54632E-05    0.37339E-02
    0.55181E-05    0.37701E-02
    0.55736E-05    0.38068E-02
    0.56296E-05    0.38437E-02
    0.56862E-05    0.38811E-02
    0.57433E-05    0.39188E-02
    0.58010E-05    0.39568E-02
    0.58593E-05    0.39953E-02
    0.59182E-05    0.40341E-02
    0.59777E-05    0.40733E-02
    0.60378E-05    0.41128E-02
    0.60984E-05    0.41528E-02
    0.61597E-05    0.41931E-02
    0.62216E-05    0.42339E-02
    0.62842E-05    0.42750E-02
    0.63473E-05    0.43165E-02
    0.64111E-05    0.43585E-02
    0.64756E-05    0.44008E-02
    0.65406E-05    0.44435E-02
    0.66064E-05    0.44867E-02
    0.66728E-05    0.45303E-02
    0.67398E-05    0.45743E-02
    0.68076E-05    0.46187E-02
    0.68760E-05    0.46636E-02
    0.69451E-05    0.47089E-02
    0.70149E-05    0.47546E-02
    0.70854E-05    0.48008E-02
    0.71566E-05    0.48475E-02
    0.72285E-05    0.48945E-02
    0.73012E-05    0.49421E-02
    0.73745E-05    0.49901E-02
    0.74487E-05    0.50386E-02
    0.75235E-05    0.50875E-02
    0.75991E-05    0.51369E-02
    0.76755E-05    0.51868E-02
    0.77526E-05    0.52372E-02
    0.78306E-05    0.52881E-02
    0.79093E-05    0.53395E-02
    0.79888E-05    0.53913E-02
    0.80690E-05    0.54437E-02
    0.81501E-05    0.54966E-02
    0.82320E-05    0.55500E-02
    0.83148E-05    0.56039E-02
    0.83983E-05    0.56583E-02
    0.84827E-05    0.57133E-02
    0.85680E-05    0.57688E-02
    0.86541E-05    0.58248E-02
    0.87411E-05    0.58814E-02
    0.88289E-05    0.59385E-02
    0.89177E-05    0.59962E-02
    0.90073E-05    0.60545E-02
    0.90978E-05    0.61133E-02
    0.91893E-05    0.61727E-02
    0.92816E-05    0.62326E-02
    0.93749E-05    0.62932E-02
    0.94691E-05    0.63543E-02
    0.95643E-05    0.64160E-02
    0.96604E-05    0.64783E-02
    0.97575E-05    0.65413E-02
    0.98555E-05    0.66048E-02
    0.99546E-05    0.66690E-02
    0.10055E-04    0.67337E-02
    0.10156E-04    0.67992E-02
    0.10258E-04    0.68652E-02
    0.10361E-04    0.69319E-02
    0.10465E-04    0.69992E-02
    0.10570E-04    0.70672E-02
    0.10676E-04    0.71359E-02
    0.10784E-04    0.72052E-02
    0.10892E-04    0.72752E-02
    0.11002E-04    0.73458E-02
    0.11112E-04    0.74172E-02
    0.11224E-04    0.74892E-02
    0.11337E-04    0.75620E-02
    0.11451E-04    0.76355E-02
    0.11566E-04    0.77096E-02
    0.11682E-04    0.77845E-02
    0.11799E-04    0.78601E-02
    0.11918E-04    0.79365E-02
    0.12038E-04    0.80136E-02
    0.12159E-04    0.80914E-02
    0.12281E-04    0.81700E-02
    0.12404E-04    0.82494E-02
    0.12529E-04    0.83295E-02
    0.12655E-04    0.84104E-02
    0.12782E-04    0.84921E-02
    0.12910E-04    0.85746E-02
    0.13040E-04    0.86579E-02
    0.13171E-04    0.87420E-02
    0.13304E-04    0.88269E-02
    0.13437E-04    0.89127E-02
    0.13572E-04    0.89992E-02
    0.13709E-04    0.90867E-02
    0.13847E-04    0.91749E-02
    0.13986E-04    0.92641E-02
    0.14126E-04    0.93540E-02
    0.14268E-04    0.94449E-02
    0.14412E-04    0.95366E-02
    0.14556E-04    0.96293E-02
    0.14703E-04    0.97228E-02
    0.14851E-04    0.98173E-02
    0.15000E-04    0.99126E-02
    0.15151E-04    0.10009E-01
    0.15303E-04    0.10106E-01
    0.15457E-04    0.10204E-01
    0.15612E-04    0.10303E-01
    0.15769E-04    0.10404E-01
    0.15927E-04    0.10505E-01
    0.16087E-04    0.10607E-01
    0.16249E-04    0.10710E-01
    0.16412E-04    0.10814E-01
    0.16577E-04    0.10919E-01
    0.16744E-04    0.11025E-01
    0.16912E-04    0.11132E-01
    0.17082E-04    0.11240E-01
    0.17254E-04    0.11349E-01
    0.17427E-04    0.11459E-01
    0.17602E-04    0.11571E-01
    0.17779E-04    0.11683E-01
    0.17958E-04    0.11797E-01
    0.18138E-04    0.11911E-01
    0.18321E-04    0.12027E-01
    0.18505E-04    0.12144E-01
    0.18691E-04    0.12262E-01
    0.18879E-04    0.12381E-01
    0.19068E-04    0.12501E-01
    0.19260E-04    0.12623E-01
    0.19454E-04    0.12745E-01
    0.19649E-04    0.12869E-01
    0.19847E-04    0.12994E-01
    0.20046E-04    0.13120E-01
    0.20248E-04    0.13248E-01
    0.20451E-04    0.13376E-01
    0.20657E-04    0.13506E-01
    0.20864E-04    0.13637E-01
    0.21074E-04    0.13770E-01
    0.21286E-04    0.13904E-01
    0.21500E-04    0.14039E-01
    0.21716E-04    0.14175E-01
    0.21934E-04    0.14313E-01
    0.22154E-04    0.14452E-01
    0.22377E-04    0.14592E-01
    0.22602E-04    0.14734E-01
    0.22829E-04    0.14877E-01
    0.23059E-04    0.15022E-01
    0.23290E-04    0.15167E-01
    0.23524E-04    0.15315E-01
    0.23761E-04    0.15464E-01
    0.24000E-04    0.15614E-01
    0.24241E-04    0.15765E-01
    0.24484E-04    0.15919E-01
    0.24730E-04    0.16073E-01
    0.24979E-04    0.16229E-01
    0.25230E-04    0.16387E-01
    0.25484E-04    0.16546E-01
    0.25740E-04    0.16707E-01
    0.25998E-04    0.16869E-01
    0.26260E-04    0.17033E-01
    0.26524E-04    0.17198E-01
    0.26790E-04    0.17366E-01
    0.27059E-04    0.17534E-01
    0.27331E-04    0.17705E-01
    0.27606E-04    0.17877E-01
    0.27883E-04    0.18050E-01
    0.28164E-04    0.18226E-01
    0.28447E-04    0.18403E-01
    0.28733E-04    0.18581E-01
    0.29021E-04    0.18762E-01
    0.29313E-04    0.18944E-01
    0.29608E-04    0.19128E-01
    0.29905E-04    0.19314E-01
    0.30206E-04    0.19501E-01
    0.30509E-04    0.19691E-01
    0.30816E-04    0.19882E-01
    0.31126E-04    0.20075E-01
    0.31439E-04    0.20270E-01
    0.31755E-04    0.20467E-01
    0.32074E-04    0.20666E-01
    0.32396E-04    0.20867E-01
    0.32722E-04    0.21069E-01
    0.33050E-04    0.21274E-01
    0.33383E-04    0.21481E-01
    0.33718E-04    0.21689E-01
    0.34057E-04    0.21900E-01
    0.34399E-04    0.22113E-01
    0.34745E-04    0.22328E-01
    0.35094E-04    0.22544E-01
    0.35447E-04    0.22763E-01
    0.35803E-04    0.22985E-01
    0.36163E-04    0.23208E-01
    0.36526E-04    0.23433E-01
    0.36893E-04    0.23661E-01
    0.37264E-04    0.23891E-01
    0.37639E-04    0.24123E-01
    0.38017E-04    0.24357E-01
    0.38399E-04    0.24594E-01
    0.38785E-04    0.24833E-01
    0.39175E-04    0.25074E-01
    0.39569E-04    0.25317E-01
    0.39966E-04    0.25563E-01
    0.40368E-04    0.25812E-01
    0.40774E-04    0.26062E-01
    0.41183E-04    0.26315E-01
    0.41597E-04    0.26571E-01
    0.42015E-04    0.26829E-01
    0.42438E-04    0.27090E-01
    0.42864E-04    0.27353E-01
    0.43295E-04    0.27619E-01
    0.43730E-04    0.27887E-01
    0.44170E-04    0.28158E-01
    0.44613E-04    0.28431E-01
    0.45062E-04    0.28707E-01
    0.45515E-04    0.28986E-01
    0.45972E-04    0.29268E-01
    0.46434E-04    0.29552E-01
    0.46901E-04    0.29839E-01
    0.47372E-04    0.30129E-01
    0.47848E-04    0.30422E-01
    0.48329E-04    0.30717E-01
    0.48815E-04    0.31015E-01
    0.49305E-04    0.31317E-01
    0.49801E-04    0.31621E-01
    0.50301E-04    0.31928E-01
    0.50807E-04    0.32238E-01
    0.51318E-04    0.32551E-01
    0.51833E-04    0.32867E-01
    0.52354E-04    0.33187E-01
    0.52880E-04    0.33509E-01
    0.53412E-04    0.33835E-01
    0.53949E-04    0.34163E-01
    0.54491E-04    0.34495E-01
    0.55039E-04    0.34830E-01
    0.55592E-04    0.35168E-01
    0.56150E-04    0.35510E-01
    0.56715E-04    0.35855E-01
    0.57285E-04    0.36203E-01
    0.57860E-04    0.36555E-01
    0.58442E-04    0.36910E-01
    0.59029E-04    0.37268E-01
    0.59623E-04    0.37630E-01
    0.60222E-04    0.37996E-01
    0.60827E-04    0.38365E-01
    0.61438E-04    0.38737E-01
    0.62056E-04    0.39114E-01
    0.62680E-04    0.39494E-01
    0.63309E-04    0.39877E-01
    0.63946E-04    0.40264E-01
    0.64588E-04    0.40656E-01
    0.65237E-04    0.41050E-01
    0.65893E-04    0.41449E-01
    0.66555E-04    0.41852E-01
    0.67224E-04    0.42258E-01
    0.67900E-04    0.42669E-01
    0.68582E-04    0.43083E-01
    0.69272E-04    0.43501E-01
    0.69968E-04    0.43924E-01
    0.70671E-04    0.44351E-01
    0.71381E-04    0.44781E-01
    0.72099E-04    0.45216E-01
    0.72823E-04    0.45655E-01
    0.73555E-04    0.46099E-01
    0.74294E-04    0.46547E-01
    0.75041E-04    0.46999E-01
    0.75795E-04    0.47455E-01
    0.76557E-04    0.47916E-01
    0.77326E-04    0.48381E-01
    0.78103E-04    0.48851E-01
    0.78888E-04    0.49326E-01
    0.79681E-04    0.49805E-01
    0.80482E-04    0.50288E-01
    0.81291E-04    0.50777E-01
    0.82108E-04    0.51270E-01
    0.82933E-04    0.51768E-01
    0.83767E-04    0.52271E-01
    0.84608E-04    0.52778E-01
    0.85459E-04    0.53291E-01
    0.86318E-04    0.53808E-01
    0.87185E-04    0.54331E-01
    0.88061E-04    0.54859E-01
    0.88946E-04    0.55391E-01
    0.89840E-04    0.55929E-01
    0.90743E-04    0.56473E-01
    0.91655E-04    0.57021E-01
    0.92576E-04    0.57575E-01
    0.93507E-04    0.58134E-01
    0.94447E-04    0.58698E-01
    0.95396E-04    0.59268E-01
    0.96355E-04    0.59844E-01
    0.97323E-04    0.60425E-01
    0.98301E-04    0.61012E-01
    0.99289E-04    0.61604E-01
    0.10029E-03    0.62203E-01
    0.10129E-03    0.62807E-01
    0.10231E-03    0.63417E-01
    0.10334E-03    0.64032E-01
    0.10438E-03    0.64654E-01
    0.10543E-03    0.65282E-01
    0.10649E-03    0.65916E-01
    0.10756E-03    0.66556E-01
    0.10864E-03    0.67202E-01
    0.10973E-03    0.67855E-01
    0.11083E-03    0.68514E-01
    0.11195E-03    0.69179E-01
    0.11307E-03    0.69851E-01
    0.11421E-03    0.70529E-01
    0.11536E-03    0.71214E-01
    0.11652E-03    0.71906E-01
    0.11769E-03    0.72604E-01
    0.11887E-03    0.73309E-01
    0.12007E-03    0.74020E-01
    0.12127E-03    0.74739E-01
    0.12249E-03    0.75465E-01
    0.12372E-03    0.76198E-01
    0.12497E-03    0.76937E-01
    0.12622E-03    0.77684E-01
    0.12749E-03    0.78439E-01
    0.12877E-03    0.79200E-01
    0.13007E-03    0.79969E-01
    0.13137E-03    0.80746E-01
    0.13269E-03    0.81530E-01
    0.13403E-03    0.82321E-01
    0.13537E-03    0.83120E-01
    0.13673E-03    0.83927E-01
    0.13811E-03    0.84742E-01
    0.13950E-03    0.85565E-01
    0.14090E-03    0.86396E-01
    0.14231E-03    0.87234E-01
    0.14374E-03    0.88081E-01
    0.14519E-03    0.88936E-01
    0.14665E-03    0.89800E-01
    0.14812E-03    0.90671E-01
    0.14961E-03    0.91551E-01
    0.15111E-03    0.92440E-01
    0.15263E-03    0.93338E-01
    0.15417E-03    0.94244E-01
    0.15572E-03    0.95158E-01
    0.15728E-03    0.96082E-01
    0.15886E-03    0.97015E-01
    0.16046E-03    0.97956E-01
    0.16207E-03    0.98907E-01
    0.16370E-03    0.99867E-01
    0.16535E-03    0.10084E+00
    0.16701E-03    0.10182E+00
    0.16869E-03    0.10280E+00
    0.17038E-03    0.10380E+00
    0.17209E-03    0.10481E+00
    0.17382E-03    0.10583E+00
    0.17557E-03    0.10685E+00
    0.17733E-03    0.10789E+00
    0.17912E-03    0.10894E+00
    0.18092E-03    0.10999E+00
    0.18273E-03    0.11106E+00
    0.18457E-03    0.11214E+00
    0.18643E-03    0.11323E+00
    0.18830E-03    0.11433E+00
    0.19019E-03    0.11544E+00
    0.19210E-03    0.11656E+00
    0.19403E-03    0.11769E+00
    0.19598E-03    0.11883E+00
    0.19795E-03    0.11998E+00
    0.19994E-03    0.12115E+00
    0.20195E-03    0.12232E+00
    0.20398E-03    0.12351E+00
    0.20603E-03    0.12471E+00
    0.20810E-03    0.12592E+00
    0.21019E-03    0.12714E+00
    0.21231E-03    0.12837E+00
    0.21444E-03    0.12962E+00
    0.21660E-03    0.13087E+00
    0.21877E-03    0.13214E+00
    0.22097E-03    0.13342E+00
    0.22319E-03    0.13472E+00
    0.22544E-03    0.13603E+00
    0.22770E-03    0.13734E+00
    0.22999E-03    0.13868E+00
    0.23230E-03    0.14002E+00
    0.23464E-03    0.14138E+00
    0.23699E-03    0.14275E+00
    0.23938E-03    0.14413E+00
    0.24178E-03    0.14553E+00
    0.24421E-03    0.14694E+00
    0.24667E-03    0.14837E+00
    0.24914E-03    0.14981E+00
    0.25165E-03    0.15126E+00
    0.25418E-03    0.15273E+00
    0.25673E-03    0.15421E+00
    0.25931E-03    0.15570E+00
    0.26192E-03    0.15721E+00
    0.26455E-03    0.15874E+00
    0.26721E-03    0.16027E+00
    0.26990E-03    0.16183E+00
    0.27261E-03    0.16340E+00
    0.27535E-03    0.16498E+00
    0.27811E-03    0.16658E+00
    0.28091E-03    0.16819E+00
    0.28373E-03    0.16982E+00
    0.28658E-03    0.17147E+00
    0.28947E-03    0.17313E+00
    0.29237E-03    0.17481E+00
    0.29531E-03    0.17650E+00
    0.29828E-03    0.17821E+00
    0.30128E-03    0.17994E+00
    0.30431E-03    0.18168E+00
    0.30736E-03    0.18344E+00
    0.31045E-03    0.18522E+00
    0.31357E-03    0.18701E+00
    0.31673E-03    0.18882E+00
    0.31991E-03    0.19065E+00
    0.32312E-03    0.19250E+00
    0.32637E-03    0.19436E+00
    0.32965E-03    0.19624E+00
    0.33296E-03    0.19814E+00
    0.33631E-03    0.20006E+00
    0.33969E-03    0.20200E+00
    0.34310E-03    0.20396E+00
    0.34655E-03    0.20593E+00
    0.35004E-03    0.20792E+00
    0.35355E-03    0.20993E+00
    0.35711E-03    0.21197E+00
    0.36070E-03    0.21402E+00
    0.36432E-03    0.21609E+00
    0.36798E-03    0.21818E+00
    0.37168E-03    0.22029E+00
    0.37542E-03    0.22242E+00
    0.37919E-03    0.22457E+00
    0.38300E-03    0.22674E+00
    0.38685E-03    0.22894E+00
    0.39074E-03    0.23115E+00
    0.39466E-03    0.23339E+00
    0.39863E-03    0.23564E+00
    0.40264E-03    0.23792E+00
    0.40668E-03    0.24022E+00
    0.41077E-03    0.24254E+00
    0.41490E-03    0.24489E+00
    0.41907E-03    0.24725E+00
    0.42328E-03    0.24964E+00
    0.42753E-03    0.25206E+00
    0.43183E-03    0.25449E+00
    0.43617E-03    0.25695E+00
    0.44055E-03    0.25943E+00
    0.44498E-03    0.26194E+00
    0.44945E-03    0.26447E+00
    0.45397E-03    0.26702E+00
    0.45853E-03    0.26960E+00
    0.46314E-03    0.27220E+00
    0.46780E-03    0.27483E+00
    0.47250E-03    0.27748E+00
    0.47725E-03    0.28016E+00
    0.48204E-03    0.28286E+00
    0.48689E-03    0.28559E+00
    0.49178E-03    0.28834E+00
    0.49672E-03    0.29113E+00
    0.50172E-03    0.29393E+00
    0.50676E-03    0.29677E+00
    0.51185E-03    0.29963E+00
    0.51700E-03    0.30252E+00
    0.52219E-03    0.30543E+00
    0.52744E-03    0.30837E+00
    0.53274E-03    0.31135E+00
    0.53809E-03    0.31434E+00
    0.54350E-03    0.31737E+00
    0.54896E-03    0.32043E+00
    0.55448E-03    0.32351E+00
    0.56005E-03    0.32663E+00
    0.56568E-03    0.32977E+00
    0.57137E-03    0.33294E+00
    0.57711E-03    0.33615E+00
    0.58291E-03    0.33938E+00
    0.58877E-03    0.34265E+00
    0.59469E-03    0.34594E+00
    0.60066E-03    0.34927E+00
    0.60670E-03    0.35262E+00
    0.61280E-03    0.35601E+00
    0.61896E-03    0.35943E+00
    0.62518E-03    0.36288E+00
    0.63146E-03    0.36637E+00
    0.63781E-03    0.36989E+00
    0.64422E-03    0.37344E+00
    0.65069E-03    0.37702E+00
    0.65723E-03    0.38064E+00
    0.66384E-03    0.38429E+00
    0.67051E-03    0.38797E+00
    0.67725E-03    0.39169E+00
    0.68405E-03    0.39545E+00
    0.69093E-03    0.39924E+00
    0.69787E-03    0.40306E+00
    0.70488E-03    0.40692E+00
    0.71197E-03    0.41082E+00
    0.71912E-03    0.41475E+00
    0.72635E-03    0.41872E+00
    0.73365E-03    0.42273E+00
    0.74102E-03    0.42677E+00
    0.74847E-03    0.43085E+00
    0.75599E-03    0.43497E+00
    0.76359E-03    0.43912E+00
    0.77127E-03    0.44332E+00
    0.77902E-03    0.44755E+00
    0.78685E-03    0.45182E+00
    0.79476E-03    0.45613E+00
    0.80274E-03    0.46048E+00
    0.81081E-03    0.46488E+00
    0.81896E-03    0.46931E+00
    0.82719E-03    0.47378E+00
    0.83550E-03    0.47829E+00
    0.84390E-03    0.48285E+00
    0.85238E-03    0.48744E+00
    0.86095E-03    0.49208E+00
    0.86960E-03    0.49676E+00
    0.87834E-03    0.50148E+00
    0.88717E-03    0.50625E+00
    0.89608E-03    0.51106E+00
    0.90509E-03    0.51591E+00
    0.91419E-03    0.52080E+00
    0.92337E-03    0.52575E+00
    0.93265E-03    0.53073E+00
    0.94203E-03    0.53576E+00
    0.95149E-03    0.54084E+00
    0.96106E-03    0.54596E+00
    0.97072E-03    0.55112E+00
    0.98047E-03    0.55634E+00
    0.99033E-03    0.56160E+00
    0.10003E-02    0.56691E+00
    0.10103E-02    0.57226E+00
    0.10205E-02    0.57766E+00
    0.10307E-02    0.58311E+00
    0.10411E-02    0.58861E+00
    0.10516E-02    0.59416E+00
    0.10621E-02    0.59976E+00
    0.10728E-02    0.60540E+00
    0.10836E-02    0.61110E+00
    0.10945E-02    0.61685E+00
    0.11055E-02    0.62264E+00
    0.11166E-02    0.62849E+00
    0.11278E-02    0.63439E+00
    0.11391E-02    0.64034E+00
    0.11506E-02    0.64635E+00
    0.11622E-02    0.65240E+00
    0.11738E-02    0.65851E+00
    0.11856E-02    0.66467E+00
    0.11976E-02    0.67088E+00
    0.12096E-02    0.67715E+00
    0.12217E-02    0.68348E+00
    0.12340E-02    0.68985E+00
    0.12464E-02    0.69628E+00
    0.12590E-02    0.70277E+00
    0.12716E-02    0.70931E+00
    0.12844E-02    0.71591E+00
    0.12973E-02    0.72257E+00
    0.13103E-02    0.72928E+00
    0.13235E-02    0.73604E+00
    0.13368E-02    0.74287E+00
    0.13502E-02    0.74975E+00
    0.13638E-02    0.75669E+00
    0.13775E-02    0.76369E+00
    0.13914E-02    0.77075E+00
    0.14053E-02    0.77787E+00
    0.14195E-02    0.78504E+00
    0.14337E-02    0.79228E+00
    0.14481E-02    0.79957E+00
    0.14627E-02    0.80693E+00
    0.14774E-02    0.81435E+00
    0.14922E-02    0.82182E+00
    0.15072E-02    0.82936E+00
    0.15224E-02    0.83696E+00
    0.15377E-02    0.84463E+00
    0.15531E-02    0.85235E+00
    0.15687E-02    0.86014E+00
    0.15845E-02    0.86799E+00
    0.16004E-02    0.87590E+00
    0.16165E-02    0.88388E+00
    0.16328E-02    0.89192E+00
    0.16492E-02    0.90003E+00
    0.16658E-02    0.90820E+00
    0.16825E-02    0.91643E+00
    0.16994E-02    0.92473E+00
    0.17165E-02    0.93310E+00
    0.17337E-02    0.94153E+00
    0.17512E-02    0.95003E+00
    0.17688E-02    0.95859E+00
    0.17865E-02    0.96722E+00
    0.18045E-02    0.97592E+00
    0.18226E-02    0.98468E+00
    0.18409E-02    0.99352E+00
    0.18594E-02    0.10024E+01
    0.18781E-02    0.10114E+01
    0.18970E-02    0.10204E+01
    0.19161E-02    0.10295E+01
    0.19353E-02    0.10387E+01
    0.19548E-02    0.10479E+01
    0.19744E-02    0.10573E+01
    0.19943E-02    0.10666E+01
    0.20143E-02    0.10761E+01
    0.20346E-02    0.10856E+01
    0.20550E-02    0.10952E+01
    0.20757E-02    0.11049E+01
    0.20965E-02    0.11146E+01
    0.21176E-02    0.11244E+01
    0.21389E-02    0.11343E+01
    0.21604E-02    0.11442E+01
    0.21821E-02    0.11542E+01
    0.22040E-02    0.11643E+01
    0.22262E-02    0.11745E+01
    0.22485E-02    0.11847E+01
    0.22711E-02    0.11950E+01
    0.22940E-02    0.12054E+01
    0.23170E-02    0.12159E+01
    0.23403E-02    0.12264E+01
    0.23638E-02    0.12370E+01
    0.23876E-02    0.12477E+01
    0.24116E-02    0.12584E+01
    0.24358E-02    0.12692E+01
    0.24603E-02    0.12801E+01
    0.24850E-02    0.12911E+01
    0.25100E-02    0.13021E+01
    0.25352E-02    0.13132E+01
    0.25607E-02    0.13244E+01
    0.25864E-02    0.13357E+01
    0.26124E-02    0.13470E+01
    0.26387E-02    0.13584E+01
    0.26652E-02    0.13699E+01
    0.26920E-02    0.13815E+01
    0.27190E-02    0.13931E+01
    0.27464E-02    0.14048E+01
    0.27740E-02    0.14166E+01
    0.28018E-02    0.14284E+01
    0.28300E-02    0.14404E+01
    0.28584E-02    0.14524E+01
    0.28872E-02    0.14644E+01
    0.29162E-02    0.14766E+01
    0.29455E-02    0.14888E+01
    0.29751E-02    0.15011E+01
    0.30050E-02    0.15135E+01
    0.30352E-02    0.15259E+01
    0.30657E-02    0.15384E+01
    0.30965E-02    0.15510E+01
    0.31276E-02    0.15637E+01
    0.31591E-02    0.15764E+01
    0.31908E-02    0.15893E+01
    0.32229E-02    0.16021E+01
    0.32553E-02    0.16151E+01
    0.32880E-02    0.16281E+01
    0.33210E-02    0.16412E+01
    0.33544E-02    0.16544E+01
    0.33881E-02    0.16677E+01
    0.34222E-02    0.16810E+01
    0.34566E-02    0.16944E+01
    0.34913E-02    0.17078E+01
    0.35264E-02    0.17213E+01
    0.35618E-02    0.17349E+01
    0.35976E-02    0.17486E+01
    0.36338E-02    0.17623E+01
    0.36703E-02    0.17761E+01
    0.37072E-02    0.17900E+01
    0.37445E-02    0.18040E+01
    0.37821E-02    0.18180E+01
    0.38201E-02    0.18320E+01
    0.38585E-02    0.18462E+01
    0.38973E-02    0.18604E+01
    0.39364E-02    0.18747E+01
    0.39760E-02    0.18890E+01
    0.40160E-02    0.19034E+01
    0.40563E-02    0.19178E+01
    0.40971E-02    0.19324E+01
    0.41383E-02    0.19469E+01
    0.41799E-02    0.19616E+01
    0.42219E-02    0.19763E+01
    0.42643E-02    0.19911E+01
    0.43072E-02    0.20059E+01
    0.43504E-02    0.20208E+01
    0.43942E-02    0.20357E+01
    0.44383E-02    0.20507E+01
    0.44829E-02    0.20657E+01
    0.45280E-02    0.20808E+01
    0.45735E-02    0.20960E+01
    0.46195E-02    0.21112E+01
    0.46659E-02    0.21265E+01
    0.47128E-02    0.21418E+01
    0.47601E-02    0.21571E+01
    0.48080E-02    0.21725E+01
    0.48563E-02    0.21880E+01
    0.49051E-02    0.22035E+01
    0.49544E-02    0.22190E+01
    0.50042E-02    0.22346E+01
    0.50545E-02    0.22502E+01
    0.51053E-02    0.22659E+01
    0.51566E-02    0.22816E+01
    0.52084E-02    0.22973E+01
    0.52608E-02    0.23131E+01
    0.53137E-02    0.23289E+01
    0.53671E-02    0.23448E+01
    0.54210E-02    0.23607E+01
    0.54755E-02    0.23766E+01
    0.55305E-02    0.23925E+01
    0.55861E-02    0.24085E+01
    0.56422E-02    0.24245E+01
    0.56989E-02    0.24405E+01
    0.57562E-02    0.24566E+01
    0.58141E-02    0.24726E+01
    0.58725E-02    0.24887E+01
    0.59315E-02    0.25048E+01
    0.59911E-02    0.25209E+01
    0.60513E-02    0.25370E+01
    0.61122E-02    0.25532E+01
    0.61736E-02    0.25693E+01
    0.62356E-02    0.25855E+01
    0.62983E-02    0.26017E+01
    0.63616E-02    0.26178E+01
    0.64255E-02    0.26340E+01
    0.64901E-02    0.26502E+01
    0.65553E-02    0.26663E+01
    0.66212E-02    0.26825E+01
    0.66878E-02    0.26987E+01
    0.67550E-02    0.27148E+01
    0.68229E-02    0.27309E+01
    0.68914E-02    0.27471E+01
    0.69607E-02    0.27632E+01
    0.70306E-02    0.27792E+01
    0.71013E-02    0.27953E+01
    0.71727E-02    0.28113E+01
    0.72448E-02    0.28273E+01
    0.73176E-02    0.28433E+01
    0.73911E-02    0.28593E+01
    0.74654E-02    0.28752E+01
    0.75404E-02    0.28911E+01
    0.76162E-02    0.29069E+01
    0.76928E-02    0.29227E+01
    0.77701E-02    0.29384E+01
    0.78482E-02    0.29541E+01
    0.79270E-02    0.29698E+01
    0.80067E-02    0.29854E+01
    0.80872E-02    0.30009E+01
    0.81684E-02    0.30163E+01
    0.82505E-02    0.30317E+01
    0.83335E-02    0.30471E+01
    0.84172E-02    0.30623E+01
    0.85018E-02    0.30775E+01
    0.85873E-02    0.30926E+01
    0.86736E-02    0.31077E+01
    0.87607E-02    0.31226E+01
    0.88488E-02    0.31374E+01
    0.89377E-02    0.31522E+01
    0.90275E-02    0.31669E+01
    0.91183E-02    0.31814E+01
    0.92099E-02    0.31959E+01
    0.93025E-02    0.32102E+01
    0.93960E-02    0.32245E+01
    0.94904E-02    0.32386E+01
    0.95858E-02    0.32526E+01
    0.96821E-02    0.32665E+01
    0.97794E-02    0.32802E+01
    0.98777E-02    0.32938E+01
    0.99770E-02    0.33073E+01
    0.10077E-01    0.33206E+01
    0.10179E-01    0.33338E+01
    0.10281E-01    0.33469E+01
    0.10384E-01    0.33598E+01
    0.10489E-01    0.33725E+01
    0.10594E-01    0.33851E+01
    0.10700E-01    0.33975E+01
    0.10808E-01    0.34098E+01
    0.10917E-01    0.34218E+01
    0.11026E-01    0.34337E+01
    0.11137E-01    0.34454E+01
    0.11249E-01    0.34569E+01
    0.11362E-01    0.34683E+01
    0.11476E-01    0.34794E+01
    0.11592E-01    0.34903E+01
    0.11708E-01    0.35010E+01
    0.11826E-01    0.35115E+01
    0.11945E-01    0.35218E+01
    0.12065E-01    0.35318E+01
    0.12186E-01    0.35417E+01
    0.12308E-01    0.35513E+01
    0.12432E-01    0.35606E+01
    0.12557E-01    0.35697E+01
    0.12683E-01    0.35786E+01
    0.12811E-01    0.35872E+01
    0.12939E-01    0.35956E+01
    0.13069E-01    0.36037E+01
    0.13201E-01    0.36115E+01
    0.13333E-01    0.36190E+01
    0.13468E-01    0.36263E+01
    0.13603E-01    0.36333E+01
    0.13740E-01    0.36400E+01
    0.13878E-01    0.36464E+01
    0.14017E-01    0.36525E+01
    0.14158E-01    0.36583E+01
    0.14300E-01    0.36638E+01
    0.14444E-01    0.36690E+01
    0.14589E-01    0.36739E+01
    0.14736E-01    0.36784E+01
    0.14884E-01    0.36826E+01
    0.15033E-01    0.36865E+01
    0.15185E-01    0.36901E+01
    0.15337E-01    0.36932E+01
    0.15491E-01    0.36961E+01
    0.15647E-01    0.36986E+01
    0.15804E-01    0.37007E+01
    0.15963E-01    0.37025E+01
    0.16124E-01    0.37039E+01
    0.16286E-01    0.37049E+01
    0.16449E-01    0.37056E+01
    0.16615E-01    0.37058E+01
    0.16782E-01    0.37057E+01
    0.16950E-01    0.37052E+01
    0.17121E-01    0.37043E+01
    0.17293E-01    0.37030E+01
    0.17466E-01    0.37013E+01
    0.17642E-01    0.36992E+01
    0.17819E-01    0.36967E+01
    0.17998E-01    0.36937E+01
    0.18179E-01    0.36904E+01
    0.18362E-01    0.36866E+01
    0.18546E-01    0.36824E+01
    0.18733E-01    0.36778E+01
    0.18921E-01    0.36727E+01
    0.19111E-01    0.36673E+01
    0.19303E-01    0.36614E+01
    0.19497E-01    0.36550E+01
    0.19693E-01    0.36482E+01
    0.19891E-01    0.36410E+01
    0.20091E-01    0.36333E+01
    0.20293E-01    0.36252E+01
    0.20497E-01    0.36167E+01
    0.20703E-01    0.36077E+01
    0.20911E-01    0.35982E+01
    0.21121E-01    0.35884E+01
    0.21334E-01    0.35780E+01
    0.21548E-01    0.35672E+01
    0.21764E-01    0.35560E+01
    0.21983E-01    0.35444E+01
    0.22204E-01    0.35323E+01
    0.22427E-01    0.35197E+01
    0.22653E-01    0.35067E+01
    0.22880E-01    0.34933E+01
    0.23110E-01    0.34795E+01
    0.23343E-01    0.34652E+01
    0.23577E-01    0.34505E+01
    0.23814E-01    0.34354E+01
    0.24053E-01    0.34198E+01
    0.24295E-01    0.34039E+01
    0.24539E-01    0.33875E+01
    0.24786E-01    0.33707E+01
    0.25035E-01    0.33535E+01
    0.25287E-01    0.33360E+01
    0.25541E-01    0.33180E+01
    0.25798E-01    0.32997E+01
    0.26057E-01    0.32810E+01
    0.26319E-01    0.32619E+01
    0.26583E-01    0.32425E+01
    0.26850E-01    0.32227E+01
    0.27120E-01    0.32026E+01
    0.27393E-01    0.31821E+01
    0.27668E-01    0.31614E+01
    0.27946E-01    0.31403E+01
    0.28227E-01    0.31189E+01
    0.28511E-01    0.30973E+01
    0.28797E-01    0.30753E+01
    0.29087E-01    0.30531E+01
    0.29379E-01    0.30307E+01
    0.29674E-01    0.30080E+01
    0.29972E-01    0.29851E+01
    0.30274E-01    0.29620E+01
    0.30578E-01    0.29387E+01
    0.30885E-01    0.29151E+01
    0.31196E-01    0.28915E+01
    0.31509E-01    0.28676E+01
    0.31826E-01    0.28437E+01
    0.32146E-01    0.28196E+01
    0.32469E-01    0.27954E+01
    0.32795E-01    0.27711E+01
    0.33125E-01    0.27467E+01
    0.33458E-01    0.27223E+01
    0.33794E-01    0.26978E+01
    0.34133E-01    0.26733E+01
    0.34477E-01    0.26487E+01
    0.34823E-01    0.26242E+01
    0.35173E-01    0.25997E+01
    0.35526E-01    0.25753E+01
    0.35884E-01    0.25509E+01
    0.36244E-01    0.25266E+01
    0.36608E-01    0.25023E+01
    0.36976E-01    0.24782E+01
    0.37348E-01    0.24542E+01
    0.37723E-01    0.24303E+01
    0.38102E-01    0.24066E+01
    0.38485E-01    0.23831E+01
    0.38872E-01    0.23597E+01
    0.39263E-01    0.23365E+01
    0.39657E-01    0.23136E+01
    0.40056E-01    0.22909E+01
    0.40459E-01    0.22684E+01
    0.40865E-01    0.22462E+01
    0.41276E-01    0.22243E+01
    0.41691E-01    0.22026E+01
    0.42110E-01    0.21813E+01
    0.42533E-01    0.21602E+01
    0.42960E-01    0.21395E+01
    0.43392E-01    0.21191E+01
    0.43828E-01    0.20991E+01
    0.44269E-01    0.20793E+01
    0.44714E-01    0.20600E+01
    0.45163E-01    0.20410E+01
    0.45617E-01    0.20224E+01
    0.46075E-01    0.20041E+01
    0.46538E-01    0.19862E+01
    0.47006E-01    0.19687E+01
    0.47479E-01    0.19516E+01
    0.47956E-01    0.19348E+01
    0.48438E-01    0.19184E+01
    0.48925E-01    0.19024E+01
    0.49416E-01    0.18868E+01
    0.49913E-01    0.18715E+01
    0.50415E-01    0.18566E+01
    0.50921E-01    0.18420E+01
    0.51433E-01    0.18278E+01
    0.51950E-01    0.18139E+01
    0.52472E-01    0.18004E+01
    0.52999E-01    0.17872E+01
    0.53532E-01    0.17743E+01
    0.54070E-01    0.17616E+01
    0.54613E-01    0.17493E+01
    0.55162E-01    0.17371E+01
    0.55717E-01    0.17252E+01
    0.56277E-01    0.17136E+01
    0.56842E-01    0.17021E+01
    0.57413E-01    0.16907E+01
    0.57990E-01    0.16796E+01
    0.58573E-01    0.16685E+01
    0.59162E-01    0.16576E+01
    0.59757E-01    0.16467E+01
    0.60357E-01    0.16359E+01
    0.60964E-01    0.16250E+01
    0.61576E-01    0.16142E+01
    0.62195E-01    0.16033E+01
    0.62820E-01    0.15923E+01
    0.63452E-01    0.15812E+01
    0.64089E-01    0.15700E+01
    0.64734E-01    0.15587E+01
    0.65384E-01    0.15471E+01
    0.66041E-01    0.15354E+01
    0.66705E-01    0.15233E+01
    0.67375E-01    0.15111E+01
    0.68052E-01    0.14985E+01
    0.68736E-01    0.14856E+01
    0.69427E-01    0.14724E+01
    0.70125E-01    0.14588E+01
    0.70830E-01    0.14448E+01
    0.71542E-01    0.14305E+01
    0.72261E-01    0.14157E+01
    0.72987E-01    0.14006E+01
    0.73720E-01    0.13851E+01
    0.74461E-01    0.13691E+01
    0.75210E-01    0.13527E+01
    0.75965E-01    0.13360E+01
    0.76729E-01    0.13188E+01
    0.77500E-01    0.13013E+01
    0.78279E-01    0.12834E+01
    0.79066E-01    0.12651E+01
    0.79860E-01    0.12465E+01
    0.80663E-01    0.12277E+01
    0.81474E-01    0.12086E+01
    0.82292E-01    0.11893E+01
    0.83119E-01    0.11698E+01
    0.83955E-01    0.11501E+01
    0.84799E-01    0.11303E+01
    0.85651E-01    0.11105E+01
    0.86512E-01    0.10907E+01
    0.87381E-01    0.10710E+01
    0.88259E-01    0.10513E+01
    0.89146E-01    0.10318E+01
    0.90042E-01    0.10125E+01
    0.90947E-01    0.99339E+00
    0.91861E-01    0.97461E+00
    0.92784E-01    0.95616E+00
    0.93717E-01    0.93811E+00
    0.94659E-01    0.92048E+00
    0.95610E-01    0.90333E+00
    0.96571E-01    0.88668E+00
    0.97542E-01    0.87058E+00
    0.98522E-01    0.85506E+00
    0.99512E-01    0.84013E+00
    0.10051E+00    0.82582E+00
    0.10152E+00    0.81213E+00
    0.10254E+00    0.79910E+00
    0.10357E+00    0.78672E+00
    0.10461E+00    0.77499E+00
    0.10567E+00    0.76390E+00
    0.10673E+00    0.75344E+00
    0.10780E+00    0.74359E+00
    0.10888E+00    0.73434E+00
    0.10998E+00    0.72565E+00
    0.11108E+00    0.71748E+00
    0.11220E+00    0.70981E+00
    0.11333E+00    0.70257E+00
    0.11447E+00    0.69573E+00
    0.11562E+00    0.68924E+00
    0.11678E+00    0.68304E+00
    0.11795E+00    0.67706E+00
    0.11914E+00    0.67123E+00
    0.12033E+00    0.66550E+00
    0.12154E+00    0.65978E+00
    0.12277E+00    0.65403E+00
    0.12400E+00    0.64818E+00
    0.12525E+00    0.64216E+00
    0.12650E+00    0.63593E+00
    0.12778E+00    0.62944E+00
    0.12906E+00    0.62263E+00
    0.13036E+00    0.61548E+00
    0.13167E+00    0.60794E+00
    0.13299E+00    0.60000E+00
    0.13433E+00    0.59164E+00
    0.13568E+00    0.58285E+00
    0.13704E+00    0.57364E+00
    0.13842E+00    0.56403E+00
    0.13981E+00    0.55406E+00
    0.14121E+00    0.54375E+00
    0.14263E+00    0.53317E+00
    0.14407E+00    0.52236E+00
    0.14551E+00    0.51140E+00
    0.14698E+00    0.50035E+00
    0.14845E+00    0.48927E+00
    0.14995E+00    0.47824E+00
    0.15145E+00    0.46733E+00
    0.15298E+00    0.45662E+00
    0.15451E+00    0.44616E+00
    0.15607E+00    0.43603E+00
    0.15763E+00    0.42628E+00
    0.15922E+00    0.41697E+00
    0.16082E+00    0.40814E+00
    0.16244E+00    0.39982E+00
    0.16407E+00    0.39203E+00
    0.16572E+00    0.38477E+00
    0.16738E+00    0.37804E+00
    0.16906E+00    0.37183E+00
    0.17076E+00    0.36612E+00
    0.17248E+00    0.36087E+00
    0.17421E+00    0.35604E+00
    0.17596E+00    0.35158E+00
    0.17773E+00    0.34744E+00
    0.17952E+00    0.34353E+00
    0.18132E+00    0.33980E+00
    0.18315E+00    0.33616E+00
    0.18499E+00    0.33255E+00
    0.18684E+00    0.32889E+00
    0.18872E+00    0.32512E+00
    0.19062E+00    0.32119E+00
    0.19254E+00    0.31704E+00
    0.19447E+00    0.31265E+00
    0.19642E+00    0.30797E+00
    0.19840E+00    0.30300E+00
    0.20039E+00    0.29774E+00
    0.20241E+00    0.29221E+00
    0.20444E+00    0.28645E+00
    0.20650E+00    0.28048E+00
    0.20857E+00    0.27438E+00
    0.21067E+00    0.26820E+00
    0.21278E+00    0.26199E+00
    0.21492E+00    0.25584E+00
    0.21708E+00    0.24980E+00
    0.21926E+00    0.24393E+00
    0.22147E+00    0.23830E+00
    0.22369E+00    0.23294E+00
    0.22594E+00    0.22789E+00
    0.22821E+00    0.22318E+00
    0.23051E+00    0.21881E+00
    0.23282E+00    0.21478E+00
    0.23516E+00    0.21106E+00
    0.23753E+00    0.20764E+00
    0.23991E+00    0.20447E+00
    0.24232E+00    0.20150E+00
    0.24476E+00    0.19869E+00
    0.24722E+00    0.19597E+00
    0.24970E+00    0.19329E+00
    0.25221E+00    0.19058E+00
    0.25475E+00    0.18782E+00
    0.25731E+00    0.18496E+00
    0.25990E+00    0.18196E+00
    0.26251E+00    0.17882E+00
    0.26515E+00    0.17553E+00
    0.26781E+00    0.17210E+00
    0.27050E+00    0.16856E+00
    0.27322E+00    0.16494E+00
    0.27597E+00    0.16128E+00
    0.27874E+00    0.15762E+00
    0.28154E+00    0.15402E+00
    0.28437E+00    0.15051E+00
    0.28723E+00    0.14714E+00
    0.29012E+00    0.14393E+00
    0.29303E+00    0.14090E+00
    0.29598E+00    0.13805E+00
    0.29895E+00    0.13540E+00
    0.30196E+00    0.13292E+00
    0.30499E+00    0.13059E+00
    0.30806E+00    0.12838E+00
    0.31115E+00    0.12626E+00
    0.31428E+00    0.12418E+00
    0.31744E+00    0.12213E+00
    0.32063E+00    0.12006E+00
    0.32385E+00    0.11795E+00
    0.32710E+00    0.11578E+00
    0.33039E+00    0.11356E+00
    0.33371E+00    0.11129E+00
    0.33707E+00    0.10897E+00
    0.34045E+00    0.10664E+00
    0.34388E+00    0.10431E+00
    0.34733E+00    0.10201E+00
    0.35082E+00    0.99772E-01
    0.35435E+00    0.97610E-01
    0.35791E+00    0.95539E-01
    0.36151E+00    0.93568E-01
    0.36514E+00    0.91698E-01
    0.36881E+00    0.89921E-01
    0.37252E+00    0.88221E-01
    0.37626E+00    0.86581E-01
    0.38004E+00    0.84982E-01
    0.38386E+00    0.83406E-01
    0.38772E+00    0.81835E-01
    0.39162E+00    0.80257E-01
    0.39555E+00    0.78667E-01
    0.39953E+00    0.77066E-01
    0.40354E+00    0.75458E-01
    0.40760E+00    0.73854E-01
    0.41169E+00    0.72267E-01
    0.41583E+00    0.70711E-01
    0.42001E+00    0.69196E-01
    0.42423E+00    0.67730E-01
    0.42849E+00    0.66319E-01
    0.43280E+00    0.64961E-01
    0.43715E+00    0.63652E-01
    0.44154E+00    0.62384E-01
    0.44598E+00    0.61148E-01
    0.45046E+00    0.59933E-01
    0.45499E+00    0.58732E-01
    0.45956E+00    0.57539E-01
    0.46418E+00    0.56352E-01
    0.46885E+00    0.55172E-01
    0.47356E+00    0.54003E-01
    0.47832E+00    0.52850E-01
    0.48313E+00    0.51719E-01
    0.48798E+00    0.50616E-01
    0.49289E+00    0.49543E-01
    0.49784E+00    0.48501E-01
    0.50284E+00    0.47489E-01
    0.50790E+00    0.46505E-01
    0.51300E+00    0.45543E-01
    0.51816E+00    0.44600E-01
    0.52337E+00    0.43671E-01
    0.52862E+00    0.42755E-01
    0.53394E+00    0.41850E-01
    0.53930E+00    0.40958E-01
    0.54472E+00    0.40080E-01
    0.55020E+00    0.39219E-01
    0.55573E+00    0.38377E-01
    0.56131E+00    0.37556E-01
    0.56695E+00    0.36755E-01
    0.57265E+00    0.35973E-01
    0.57841E+00    0.35209E-01
    0.58422E+00    0.34461E-01
    0.59009E+00    0.33726E-01
    0.59602E+00    0.33004E-01
    0.60201E+00    0.32295E-01
    0.60806E+00    0.31598E-01
    0.61417E+00    0.30914E-01
    0.62035E+00    0.30244E-01
    0.62658E+00    0.29589E-01
    0.63288E+00    0.28949E-01
    0.63924E+00    0.28323E-01
    0.64566E+00    0.27710E-01
    0.65215E+00    0.27111E-01
    0.65871E+00    0.26523E-01
    0.66533E+00    0.25946E-01
    0.67201E+00    0.25381E-01
    0.67877E+00    0.24827E-01
    0.68559E+00    0.24284E-01
    0.69248E+00    0.23752E-01
    0.69944E+00    0.23232E-01
    0.70647E+00    0.22723E-01
    0.71357E+00    0.22226E-01
    0.72074E+00    0.21738E-01
    0.72798E+00    0.21261E-01
    0.73530E+00    0.20793E-01
    0.74269E+00    0.20335E-01
    0.75015E+00    0.19886E-01
    0.75769E+00    0.19447E-01
    0.76531E+00    0.19017E-01
    0.77300E+00    0.18596E-01
    0.78077E+00    0.18184E-01
    0.78862E+00    0.17781E-01
    0.79654E+00    0.17387E-01
    0.80455E+00    0.17000E-01
    0.81263E+00    0.16622E-01
    0.82080E+00    0.16252E-01
    0.82905E+00    0.15889E-01
    0.83738E+00    0.15535E-01
    0.84580E+00    0.15188E-01
    0.85430E+00    0.14848E-01
    0.86288E+00    0.14516E-01
    0.87155E+00    0.14191E-01
    0.88031E+00    0.13872E-01
    0.88916E+00    0.13561E-01
    0.89810E+00    0.13256E-01
    0.90712E+00    0.12958E-01
    0.91624E+00    0.12666E-01
    0.92545E+00    0.12380E-01
    0.93475E+00    0.12101E-01
    0.94414E+00    0.11828E-01
    0.95363E+00    0.11560E-01
    0.96322E+00    0.11299E-01
    0.97290E+00    0.11043E-01
    0.98268E+00    0.10793E-01
    0.99255E+00    0.10548E-01
    0.10025E+01    0.10308E-01
    0.10126E+01    0.10074E-01
    0.10228E+01    0.98445E-02
    0.10331E+01    0.96203E-02
    0.10434E+01    0.94010E-02
    0.10539E+01    0.91865E-02
    0.10645E+01    0.89766E-02
    0.10752E+01    0.87714E-02
    0.10860E+01    0.85707E-02
    0.10969E+01    0.83744E-02
    0.11080E+01    0.81824E-02
    0.11191E+01    0.79947E-02
    0.11303E+01    0.78111E-02
    0.11417E+01    0.76316E-02
    0.11532E+01    0.74560E-02
    0.11648E+01    0.72844E-02
    0.11765E+01    0.71166E-02
    0.11883E+01    0.69524E-02
    0.12002E+01    0.67920E-02
    0.12123E+01    0.66351E-02
    0.12245E+01    0.64817E-02
    0.12368E+01    0.63318E-02
    0.12492E+01    0.61851E-02
    0.12618E+01    0.60418E-02
    0.12745E+01    0.59017E-02
    0.12873E+01    0.57647E-02
    0.13002E+01    0.56307E-02
    0.13133E+01    0.54998E-02
    0.13265E+01    0.53718E-02
    0.13398E+01    0.52467E-02
    0.13533E+01    0.51244E-02
    0.13669E+01    0.50048E-02
    0.13806E+01    0.48880E-02
    0.13945E+01    0.47738E-02
    0.14085E+01    0.46622E-02
    0.14227E+01    0.45531E-02
    0.14370E+01    0.44465E-02
    0.14514E+01    0.43423E-02
    0.14660E+01    0.42405E-02
    0.14807E+01    0.41409E-02
    0.14956E+01    0.40437E-02
    0.15106E+01    0.39486E-02
    0.15258E+01    0.38558E-02
    0.15411E+01    0.37650E-02
    0.15566E+01    0.36763E-02
    0.15723E+01    0.35896E-02
    0.15881E+01    0.35049E-02
    0.16040E+01    0.34222E-02
    0.16202E+01    0.33413E-02
    0.16364E+01    0.32623E-02
    0.16529E+01    0.31851E-02
    0.16695E+01    0.31097E-02
    0.16863E+01    0.30360E-02
    0.17032E+01    0.29640E-02
    0.17203E+01    0.28937E-02
    0.17376E+01    0.28250E-02
    0.17551E+01    0.27579E-02
    0.17727E+01    0.26923E-02
    0.17906E+01    0.26283E-02
    0.18085E+01    0.25657E-02
    0.18267E+01    0.25046E-02
    0.18451E+01    0.24448E-02
    0.18636E+01    0.23865E-02
    0.18824E+01    0.23295E-02
    0.19013E+01    0.22739E-02
    0.19204E+01    0.22195E-02
    0.19397E+01    0.21664E-02
    0.19592E+01    0.21146E-02
    0.19789E+01    0.20639E-02
    0.19988E+01    0.20145E-02
    0.20188E+01    0.19662E-02
    0.20391E+01    0.19190E-02
    0.20596E+01    0.18729E-02
    0.20803E+01    0.18279E-02
    0.21012E+01    0.17840E-02
    0.21223E+01    0.17410E-02
    0.21437E+01    0.16991E-02
    0.21652E+01    0.16582E-02
    0.21870E+01    0.16182E-02
    0.22090E+01    0.15792E-02
    0.22312E+01    0.15411E-02
    0.22536E+01    0.15039E-02
    0.22762E+01    0.14675E-02
    0.22991E+01    0.14321E-02
    0.23222E+01    0.13974E-02
    0.23456E+01    0.13636E-02
    0.23691E+01    0.13306E-02
    0.23929E+01    0.12983E-02
    0.24170E+01    0.12668E-02
    0.24413E+01    0.12361E-02
    0.24658E+01    0.12061E-02
    0.24906E+01    0.11768E-02
    0.25156E+01    0.11482E-02
    0.25409E+01    0.11203E-02
    0.25664E+01    0.10930E-02
    0.25922E+01    0.10664E-02
    0.26183E+01    0.10404E-02
    0.26446E+01    0.10150E-02
    0.26712E+01    0.99029E-03
    0.26980E+01    0.96613E-03
    0.27252E+01    0.94254E-03
    0.27525E+01    0.91951E-03
    0.27802E+01    0.89704E-03
    0.28081E+01    0.87510E-03
    0.28364E+01    0.85369E-03
    0.28649E+01    0.83279E-03
    0.28937E+01    0.81239E-03
    0.29227E+01    0.79248E-03
    0.29521E+01    0.77304E-03
    0.29818E+01    0.75408E-03
    0.30118E+01    0.73557E-03
    0.30420E+01    0.71750E-03
    0.30726E+01    0.69987E-03
    0.31035E+01    0.68266E-03
    0.31347E+01    0.66587E-03
    0.31662E+01    0.64948E-03
    0.31980E+01    0.63349E-03
    0.32301E+01    0.61788E-03
    0.32626E+01    0.60265E-03
    0.32954E+01    0.58779E-03
    0.33285E+01    0.57328E-03
    0.33620E+01    0.55913E-03
    0.33957E+01    0.54532E-03
    0.34299E+01    0.53184E-03
    0.34643E+01    0.51869E-03
    0.34992E+01    0.50586E-03
    0.35343E+01    0.49334E-03
    0.35699E+01    0.48113E-03
    0.36057E+01    0.46921E-03
    0.36420E+01    0.45758E-03
    0.36786E+01    0.44623E-03
    0.37155E+01    0.43516E-03
    0.37529E+01    0.42436E-03
    0.37906E+01    0.41382E-03
    0.38287E+01    0.40354E-03
    0.38672E+01    0.39351E-03
    0.39060E+01    0.38372E-03
    0.39453E+01    0.37418E-03
    0.39849E+01    0.36486E-03
    0.40250E+01    0.35578E-03
    0.40654E+01    0.34691E-03
    0.41063E+01    0.33827E-03
    0.41476E+01    0.32983E-03
    0.41893E+01    0.32160E-03
    0.42314E+01    0.31358E-03
    0.42739E+01    0.30575E-03
    0.43168E+01    0.29811E-03
    0.43602E+01    0.29066E-03
    0.44040E+01    0.28339E-03
    0.44483E+01    0.27630E-03
    0.44930E+01    0.26939E-03
    0.45382E+01    0.26264E-03
    0.45838E+01    0.25606E-03
    0.46298E+01    0.24965E-03
    0.46764E+01    0.24339E-03
    0.47234E+01    0.23728E-03
    0.47708E+01    0.23133E-03
    0.48188E+01    0.22552E-03
    0.48672E+01    0.21986E-03
    0.49161E+01    0.21433E-03
    0.49655E+01    0.20895E-03
    0.50155E+01    0.20369E-03
    0.50659E+01    0.19857E-03
    0.51168E+01    0.19357E-03
    0.51682E+01    0.18870E-03
    0.52201E+01    0.18395E-03
    0.52726E+01    0.17931E-03
    0.53256E+01    0.17479E-03
    0.53791E+01    0.17038E-03
    0.54332E+01    0.16608E-03
    0.54878E+01    0.16189E-03
    0.55429E+01    0.15780E-03
    0.55986E+01    0.15382E-03
    0.56549E+01    0.14993E-03
    0.57117E+01    0.14614E-03
    0.57691E+01    0.14245E-03
    0.58271E+01    0.13884E-03
    0.58857E+01    0.13533E-03
    0.59448E+01    0.13190E-03
    0.60046E+01    0.12856E-03
    0.60649E+01    0.12530E-03
    0.61259E+01    0.12213E-03
    0.61875E+01    0.11903E-03
    0.62496E+01    0.11601E-03
    0.63124E+01    0.11307E-03
    0.63759E+01    0.11020E-03
    0.64400E+01    0.10740E-03
    0.65047E+01    0.10467E-03
    0.65701E+01    0.10201E-03
    0.66361E+01    0.99415E-04
    0.67028E+01    0.96887E-04
    0.67702E+01    0.94422E-04
    0.68382E+01    0.92018E-04
    0.69069E+01    0.89675E-04
    0.69763E+01    0.87391E-04
    0.70464E+01    0.85164E-04
    0.71173E+01    0.82993E-04
    0.71888E+01    0.80877E-04
    0.72610E+01    0.78814E-04
    0.73340E+01    0.76802E-04
    0.74077E+01    0.74842E-04
    0.74822E+01    0.72931E-04
    0.75574E+01    0.71068E-04
    0.76333E+01    0.69251E-04
    0.77100E+01    0.67481E-04
    0.77875E+01    0.65755E-04
    0.78658E+01    0.64073E-04
    0.79448E+01    0.62434E-04
    0.80247E+01    0.60835E-04
    0.81053E+01    0.59278E-04
    0.81868E+01    0.57759E-04
    0.82691E+01    0.56279E-04
    0.83522E+01    0.54836E-04
    0.84361E+01    0.53430E-04
    0.85209E+01    0.52059E-04
    0.86065E+01    0.50724E-04
    0.86930E+01    0.49422E-04
    0.87804E+01    0.48153E-04
    0.88687E+01    0.46916E-04
    0.89578E+01    0.45710E-04
    0.90478E+01    0.44535E-04
    0.91388E+01    0.43390E-04
    0.92306E+01    0.42274E-04
    0.93234E+01    0.41187E-04
    0.94171E+01    0.40127E-04
    0.95117E+01    0.39094E-04
    0.96073E+01    0.38087E-04
    0.97039E+01    0.37106E-04
    0.98014E+01    0.36149E-04
    0.98999E+01    0.35217E-04
    0.99994E+01    0.34309E-04
    0.10100E+02    0.33424E-04
    0.10201E+02    0.32562E-04
    0.10304E+02    0.31721E-04
    0.10407E+02    0.30902E-04
    0.10512E+02    0.30104E-04
    0.10618E+02    0.29327E-04
    0.10724E+02    0.28569E-04
    0.10832E+02    0.27830E-04
    0.10941E+02    0.27110E-04
    0.11051E+02    0.26409E-04
    0.11162E+02    0.25726E-04
    0.11274E+02    0.25060E-04
    0.11388E+02    0.24411E-04
    0.11502E+02    0.23779E-04
    0.11618E+02    0.23163E-04
    0.11734E+02    0.22563E-04
    0.11852E+02    0.21978E-04
    0.11971E+02    0.21408E-04
    0.12092E+02    0.20853E-04
    0.12213E+02    0.20312E-04
    0.12336E+02    0.19785E-04
    0.12460E+02    0.19271E-04
    0.12585E+02    0.18771E-04
    0.12712E+02    0.18283E-04
    0.12839E+02    0.17808E-04
    0.12969E+02    0.17345E-04
    0.13099E+02    0.16894E-04
    0.13230E+02    0.16455E-04
    0.13363E+02    0.16027E-04
    0.13498E+02    0.15610E-04
    0.13633E+02    0.15204E-04
    0.13770E+02    0.14808E-04
    0.13909E+02    0.14422E-04
    0.14049E+02    0.14046E-04
    0.14190E+02    0.13680E-04
    0.14332E+02    0.13324E-04
    0.14476E+02    0.12977E-04
    0.14622E+02    0.12638E-04
    0.14769E+02    0.12308E-04
    0.14917E+02    0.11987E-04
    0.15067E+02    0.11674E-04
    0.15219E+02    0.11370E-04
    0.15372E+02    0.11073E-04
    0.15526E+02    0.10784E-04
    0.15682E+02    0.10502E-04
    0.15840E+02    0.10227E-04
    0.15999E+02    0.99599E-05
    0.16160E+02    0.96995E-05
    0.16322E+02    0.94458E-05
    0.16486E+02    0.91986E-05
    0.16652E+02    0.89579E-05
    0.16819E+02    0.87234E-05
    0.16988E+02    0.84950E-05
    0.17159E+02    0.82725E-05
    0.17331E+02    0.80558E-05
    0.17506E+02    0.78447E-05
    0.17682E+02    0.76391E-05
    0.17859E+02    0.74388E-05
    0.18039E+02    0.72437E-05
    0.18220E+02    0.70537E-05
    0.18403E+02    0.68686E-05
    0.18588E+02    0.66883E-05
    0.18775E+02    0.65128E-05
    0.18964E+02    0.63417E-05
    0.19154E+02    0.61752E-05
    0.19347E+02    0.60129E-05
    0.19541E+02    0.58549E-05
    0.19738E+02    0.57010E-05
    0.19936E+02    0.55511E-05
    0.20136E+02    0.54051E-05
    0.20339E+02    0.52630E-05
    0.20543E+02    0.51245E-05
    0.20750E+02    0.49896E-05
    0.20958E+02    0.48583E-05
    0.21169E+02    0.47303E-05
    0.21381E+02    0.46057E-05
    0.21596E+02    0.44844E-05
    0.21813E+02    0.43662E-05
    0.22033E+02    0.42512E-05
    0.22254E+02    0.41391E-05
    0.22478E+02    0.40299E-05
    0.22704E+02    0.39236E-05
    0.22932E+02    0.38201E-05
    0.23162E+02    0.37193E-05
    0.23395E+02    0.36211E-05
    0.23630E+02    0.35255E-05
    0.23868E+02    0.34324E-05
    0.24108E+02    0.33418E-05
    0.24350E+02    0.32535E-05
    0.24595E+02    0.31675E-05
    0.24842E+02    0.30838E-05
    0.25091E+02    0.30022E-05
    0.25344E+02    0.29228E-05
    0.25598E+02    0.28455E-05
    0.25856E+02    0.27702E-05
    0.26115E+02    0.26969E-05
    0.26378E+02    0.26255E-05
    0.26643E+02    0.25560E-05
    0.26911E+02    0.24883E-05
    0.27181E+02    0.24224E-05
    0.27454E+02    0.23582E-05
    0.27730E+02    0.22957E-05
    0.28009E+02    0.22349E-05
    0.28290E+02    0.21756E-05
    0.28575E+02    0.21179E-05
    0.28862E+02    0.20617E-05
    0.29152E+02    0.20070E-05
    0.29445E+02    0.19538E-05
    0.29741E+02    0.19019E-05
    0.30040E+02    0.18514E-05
    0.30342E+02    0.18022E-05
    0.30647E+02    0.17544E-05
    0.30955E+02    0.17077E-05
    0.31266E+02    0.16624E-05
    0.31580E+02    0.16182E-05
    0.31897E+02    0.15752E-05
    0.32218E+02    0.15333E-05
    0.32542E+02    0.14925E-05
    0.32869E+02    0.14528E-05
    0.33199E+02    0.14141E-05
    0.33533E+02    0.13765E-05
    0.33870E+02    0.13398E-05
    0.34210E+02    0.13042E-05
    0.34554E+02    0.12694E-05
    0.34901E+02    0.12356E-05
    0.35252E+02    0.12027E-05
    0.35606E+02    0.11706E-05
    0.35964E+02    0.11394E-05
    0.36326E+02    0.11090E-05
    0.36691E+02    0.10794E-05
    0.37059E+02    0.10507E-05
    0.37432E+02    0.10226E-05
    0.37808E+02    0.99533E-06
    0.38188E+02    0.96876E-06
    0.38572E+02    0.94289E-06
    0.38960E+02    0.91771E-06
    0.39351E+02    0.89320E-06
    0.39747E+02    0.86933E-06
    0.40146E+02    0.84610E-06
    0.40550E+02    0.82348E-06
    0.40957E+02    0.80147E-06
    0.41369E+02    0.78003E-06
    0.41784E+02    0.75917E-06
    0.42204E+02    0.73886E-06
    0.42629E+02    0.71908E-06
    0.43057E+02    0.69984E-06
    0.43490E+02    0.68110E-06
    0.43927E+02    0.66286E-06
    0.44368E+02    0.64511E-06
    0.44814E+02    0.62783E-06
    0.45265E+02    0.61100E-06
    0.45719E+02    0.59463E-06
    0.46179E+02    0.57869E-06
    0.46643E+02    0.56317E-06
    0.47112E+02    0.54807E-06
    0.47585E+02    0.53336E-06
    0.48064E+02    0.51905E-06
    0.48547E+02    0.50512E-06
    0.49034E+02    0.49156E-06
    0.49527E+02    0.47836E-06
    0.50025E+02    0.46552E-06
    0.50528E+02    0.45301E-06
    0.51036E+02    0.44084E-06
    0.51549E+02    0.42899E-06
    0.52067E+02    0.41746E-06
    0.52590E+02    0.40624E-06
    0.53118E+02    0.39531E-06
    0.53652E+02    0.38468E-06
    0.54191E+02    0.37433E-06
    0.54736E+02    0.36426E-06
    0.55286E+02    0.35445E-06
    0.55842E+02    0.34491E-06
    0.56403E+02    0.33562E-06
    0.56970E+02    0.32658E-06
    0.57542E+02    0.31778E-06
    0.58121E+02    0.30922E-06
    0.58705E+02    0.30088E-06
    0.59295E+02    0.29277E-06
    0.59891E+02    0.28487E-06
    0.60493E+02    0.27719E-06
    0.61101E+02    0.26971E-06
    0.61715E+02    0.26243E-06
    0.62335E+02    0.25535E-06
    0.62961E+02    0.24846E-06
    0.63594E+02    0.24175E-06
    0.64233E+02    0.23522E-06
    0.64879E+02    0.22886E-06
    0.65531E+02    0.22267E-06
    0.66190E+02    0.21665E-06
    0.66855E+02    0.21080E-06
    0.67527E+02    0.20510E-06
    0.68205E+02    0.19955E-06
    0.68891E+02    0.19415E-06
    0.69583E+02    0.18889E-06
    0.70283E+02    0.18378E-06
    0.70989E+02    0.17880E-06
    0.71702E+02    0.17396E-06
    0.72423E+02    0.16925E-06
    0.73151E+02    0.16466E-06
    0.73886E+02    0.16020E-06
    0.74629E+02    0.15585E-06
    0.75379E+02    0.15163E-06
    0.76136E+02    0.14751E-06
    0.76901E+02    0.14351E-06
    0.77674E+02    0.13961E-06
    0.78455E+02    0.13582E-06
    0.79243E+02    0.13213E-06
    0.80040E+02    0.12855E-06
    0.80844E+02    0.12505E-06
    0.81657E+02    0.12165E-06
    0.82477E+02    0.11835E-06
    0.83306E+02    0.11513E-06
    0.84144E+02    0.11200E-06
    0.84989E+02    0.10895E-06
    0.85843E+02    0.10598E-06
    0.86706E+02    0.10310E-06
    0.87577E+02    0.10029E-06
    0.88458E+02    0.97559E-07
    0.89347E+02    0.94900E-07
    0.90245E+02    0.92314E-07
    0.91152E+02    0.89797E-07
    0.92068E+02    0.87348E-07
    0.92993E+02    0.84965E-07
    0.93927E+02    0.82646E-07
    0.94871E+02    0.80390E-07
    0.95825E+02    0.78195E-07
    0.96788E+02    0.76059E-07
    0.97761E+02    0.73981E-07
    0.98743E+02    0.71959E-07
    0.99736E+02    0.69991E-07
    0.10074E+03    0.68077E-07
    0.10175E+03    0.66214E-07
    0.10277E+03    0.64402E-07
    0.10381E+03    0.62639E-07
    0.10485E+03    0.60924E-07
    0.10590E+03    0.59255E-07
    0.10697E+03    0.57631E-07
    0.10804E+03    0.56051E-07
    0.10913E+03    0.54514E-07
    0.11023E+03    0.53018E-07
    0.11133E+03    0.51563E-07
    0.11245E+03    0.50148E-07
    0.11358E+03    0.48771E-07
    0.11472E+03    0.47431E-07
    0.11588E+03    0.46127E-07
    0.11704E+03    0.44859E-07
    0.11822E+03    0.43625E-07
    0.11941E+03    0.42425E-07
    0.12061E+03    0.41257E-07
    0.12182E+03    0.40121E-07
    0.12304E+03    0.39016E-07
    0.12428E+03    0.37941E-07
    0.12553E+03    0.36895E-07
    0.12679E+03    0.35877E-07
    0.12806E+03    0.34887E-07
    0.12935E+03    0.33924E-07
    0.13065E+03    0.32988E-07
    0.13196E+03    0.32076E-07
    0.13329E+03    0.31190E-07
    0.13463E+03    0.30328E-07
    0.13598E+03    0.29489E-07
    0.13735E+03    0.28672E-07
    0.13873E+03    0.27879E-07
    0.14012E+03    0.27106E-07
    0.14153E+03    0.26355E-07
    0.14295E+03    0.25625E-07
    0.14439E+03    0.24914E-07
    0.14584E+03    0.24222E-07
    0.14731E+03    0.23550E-07
    0.14879E+03    0.22896E-07
    0.15028E+03    0.22259E-07
    0.15179E+03    0.21640E-07
    0.15332E+03    0.21038E-07
    0.15486E+03    0.20453E-07
    0.15642E+03    0.19883E-07
    0.15799E+03    0.19329E-07
    0.15958E+03    0.18790E-07
    0.16118E+03    0.18266E-07
    0.16280E+03    0.17757E-07
    0.16444E+03    0.17261E-07
    0.16609E+03    0.16778E-07
    0.16776E+03    0.16309E-07
    0.16944E+03    0.15853E-07
    0.17115E+03    0.15410E-07
    0.17287E+03    0.14978E-07
    0.17460E+03    0.14558E-07
    0.17636E+03    0.14150E-07
    0.17813E+03    0.13753E-07
    0.17992E+03    0.13367E-07
    0.18173E+03    0.12992E-07
    0.18356E+03    0.12627E-07
    0.18540E+03    0.12271E-07
    0.18726E+03    0.11926E-07
    0.18915E+03    0.11590E-07
    0.19105E+03    0.11264E-07
    0.19297E+03    0.10946E-07
    0.19491E+03    0.10637E-07
    0.19687E+03    0.10337E-07
    0.19884E+03    0.10045E-07
    0.20084E+03    0.97607E-08
