#           k/h    P           
    0.35185E-05    0.22123E-04
    0.35539E-05    0.22338E-04
    0.35896E-05    0.22555E-04
    0.36257E-05    0.22774E-04
    0.36621E-05    0.22995E-04
    0.36989E-05    0.23219E-04
    0.37361E-05    0.23444E-04
    0.37736E-05    0.23672E-04
    0.38115E-05    0.23902E-04
    0.38499E-05    0.24134E-04
    0.38885E-05    0.24368E-04
    0.39276E-05    0.24605E-04
    0.39671E-05    0.24844E-04
    0.40070E-05    0.25085E-04
    0.40472E-05    0.25329E-04
    0.40879E-05    0.25575E-04
    0.41290E-05    0.25824E-04
    0.41705E-05    0.26074E-04
    0.42124E-05    0.26328E-04
    0.42547E-05    0.26583E-04
    0.42975E-05    0.26842E-04
    0.43407E-05    0.27102E-04
    0.43843E-05    0.27366E-04
    0.44284E-05    0.27632E-04
    0.44729E-05    0.27900E-04
    0.45178E-05    0.28171E-04
    0.45632E-05    0.28445E-04
    0.46091E-05    0.28721E-04
    0.46554E-05    0.29000E-04
    0.47022E-05    0.29282E-04
    0.47495E-05    0.29566E-04
    0.47972E-05    0.29853E-04
    0.48454E-05    0.30143E-04
    0.48941E-05    0.30436E-04
    0.49433E-05    0.30732E-04
    0.49930E-05    0.31030E-04
    0.50432E-05    0.31332E-04
    0.50939E-05    0.31636E-04
    0.51450E-05    0.31943E-04
    0.51968E-05    0.32254E-04
    0.52490E-05    0.32567E-04
    0.53017E-05    0.32883E-04
    0.53550E-05    0.33203E-04
    0.54088E-05    0.33525E-04
    0.54632E-05    0.33851E-04
    0.55181E-05    0.34180E-04
    0.55736E-05    0.34512E-04
    0.56296E-05    0.34847E-04
    0.56862E-05    0.35185E-04
    0.57433E-05    0.35527E-04
    0.58010E-05    0.35872E-04
    0.58593E-05    0.36221E-04
    0.59182E-05    0.36573E-04
    0.59777E-05    0.36928E-04
    0.60378E-05    0.37287E-04
    0.60984E-05    0.37649E-04
    0.61597E-05    0.38015E-04
    0.62216E-05    0.38384E-04
    0.62842E-05    0.38757E-04
    0.63473E-05    0.39133E-04
    0.64111E-05    0.39513E-04
    0.64756E-05    0.39897E-04
    0.65406E-05    0.40285E-04
    0.66064E-05    0.40676E-04
    0.66728E-05    0.41071E-04
    0.67398E-05    0.41470E-04
    0.68076E-05    0.41873E-04
    0.68760E-05    0.42280E-04
    0.69451E-05    0.42690E-04
    0.70149E-05    0.43105E-04
    0.70854E-05    0.43524E-04
    0.71566E-05    0.43947E-04
    0.72285E-05    0.44373E-04
    0.73012E-05    0.44804E-04
    0.73745E-05    0.45240E-04
    0.74487E-05    0.45679E-04
    0.75235E-05    0.46123E-04
    0.75991E-05    0.46571E-04
    0.76755E-05    0.47023E-04
    0.77526E-05    0.47480E-04
    0.78306E-05    0.47941E-04
    0.79093E-05    0.48407E-04
    0.79888E-05    0.48877E-04
    0.80690E-05    0.49352E-04
    0.81501E-05    0.49831E-04
    0.82320E-05    0.50315E-04
    0.83148E-05    0.50804E-04
    0.83983E-05    0.51298E-04
    0.84827E-05    0.51796E-04
    0.85680E-05    0.52299E-04
    0.86541E-05    0.52807E-04
    0.87411E-05    0.53320E-04
    0.88289E-05    0.53838E-04
    0.89177E-05    0.54361E-04
    0.90073E-05    0.54889E-04
    0.90978E-05    0.55422E-04
    0.91893E-05    0.55961E-04
    0.92816E-05    0.56504E-04
    0.93749E-05    0.57053E-04
    0.94691E-05    0.57607E-04
    0.95643E-05    0.58167E-04
    0.96604E-05    0.58732E-04
    0.97575E-05    0.59302E-04
    0.98555E-05    0.59879E-04
    0.99546E-05    0.60460E-04
    0.10055E-04    0.61047E-04
    0.10156E-04    0.61640E-04
    0.10258E-04    0.62239E-04
    0.10361E-04    0.62844E-04
    0.10465E-04    0.63454E-04
    0.10570E-04    0.64071E-04
    0.10676E-04    0.64693E-04
    0.10784E-04    0.65321E-04
    0.10892E-04    0.65956E-04
    0.11002E-04    0.66597E-04
    0.11112E-04    0.67244E-04
    0.11224E-04    0.67897E-04
    0.11337E-04    0.68556E-04
    0.11451E-04    0.69222E-04
    0.11566E-04    0.69895E-04
    0.11682E-04    0.70574E-04
    0.11799E-04    0.71259E-04
    0.11918E-04    0.71951E-04
    0.12038E-04    0.72650E-04
    0.12159E-04    0.73356E-04
    0.12281E-04    0.74069E-04
    0.12404E-04    0.74788E-04
    0.12529E-04    0.75515E-04
    0.12655E-04    0.76248E-04
    0.12782E-04    0.76989E-04
    0.12910E-04    0.77737E-04
    0.13040E-04    0.78492E-04
    0.13171E-04    0.79254E-04
    0.13304E-04    0.80024E-04
    0.13437E-04    0.80801E-04
    0.13572E-04    0.81586E-04
    0.13709E-04    0.82379E-04
    0.13847E-04    0.83179E-04
    0.13986E-04    0.83987E-04
    0.14126E-04    0.84803E-04
    0.14268E-04    0.85627E-04
    0.14412E-04    0.86458E-04
    0.14556E-04    0.87298E-04
    0.14703E-04    0.88146E-04
    0.14851E-04    0.89002E-04
    0.15000E-04    0.89867E-04
    0.15151E-04    0.90740E-04
    0.15303E-04    0.91621E-04
    0.15457E-04    0.92511E-04
    0.15612E-04    0.93410E-04
    0.15769E-04    0.94317E-04
    0.15927E-04    0.95234E-04
    0.16087E-04    0.96159E-04
    0.16249E-04    0.97093E-04
    0.16412E-04    0.98036E-04
    0.16577E-04    0.98988E-04
    0.16744E-04    0.99950E-04
    0.16912E-04    0.10092E-03
    0.17082E-04    0.10190E-03
    0.17254E-04    0.10289E-03
    0.17427E-04    0.10389E-03
    0.17602E-04    0.10490E-03
    0.17779E-04    0.10592E-03
    0.17958E-04    0.10695E-03
    0.18138E-04    0.10799E-03
    0.18321E-04    0.10904E-03
    0.18505E-04    0.11009E-03
    0.18691E-04    0.11116E-03
    0.18879E-04    0.11224E-03
    0.19068E-04    0.11333E-03
    0.19260E-04    0.11443E-03
    0.19454E-04    0.11555E-03
    0.19649E-04    0.11667E-03
    0.19847E-04    0.11780E-03
    0.20046E-04    0.11895E-03
    0.20248E-04    0.12010E-03
    0.20451E-04    0.12127E-03
    0.20657E-04    0.12245E-03
    0.20864E-04    0.12364E-03
    0.21074E-04    0.12484E-03
    0.21286E-04    0.12605E-03
    0.21500E-04    0.12727E-03
    0.21716E-04    0.12851E-03
    0.21934E-04    0.12976E-03
    0.22154E-04    0.13102E-03
    0.22377E-04    0.13229E-03
    0.22602E-04    0.13358E-03
    0.22829E-04    0.13487E-03
    0.23059E-04    0.13618E-03
    0.23290E-04    0.13751E-03
    0.23524E-04    0.13884E-03
    0.23761E-04    0.14019E-03
    0.24000E-04    0.14155E-03
    0.24241E-04    0.14293E-03
    0.24484E-04    0.14432E-03
    0.24730E-04    0.14572E-03
    0.24979E-04    0.14713E-03
    0.25230E-04    0.14856E-03
    0.25484E-04    0.15001E-03
    0.25740E-04    0.15146E-03
    0.25998E-04    0.15294E-03
    0.26260E-04    0.15442E-03
    0.26524E-04    0.15592E-03
    0.26790E-04    0.15744E-03
    0.27059E-04    0.15896E-03
    0.27331E-04    0.16051E-03
    0.27606E-04    0.16207E-03
    0.27883E-04    0.16364E-03
    0.28164E-04    0.16523E-03
    0.28447E-04    0.16684E-03
    0.28733E-04    0.16846E-03
    0.29021E-04    0.17009E-03
    0.29313E-04    0.17175E-03
    0.29608E-04    0.17341E-03
    0.29905E-04    0.17510E-03
    0.30206E-04    0.17680E-03
    0.30509E-04    0.17852E-03
    0.30816E-04    0.18025E-03
    0.31126E-04    0.18200E-03
    0.31439E-04    0.18377E-03
    0.31755E-04    0.18556E-03
    0.32074E-04    0.18736E-03
    0.32396E-04    0.18918E-03
    0.32722E-04    0.19102E-03
    0.33050E-04    0.19287E-03
    0.33383E-04    0.19474E-03
    0.33718E-04    0.19664E-03
    0.34057E-04    0.19855E-03
    0.34399E-04    0.20047E-03
    0.34745E-04    0.20242E-03
    0.35094E-04    0.20439E-03
    0.35447E-04    0.20637E-03
    0.35803E-04    0.20838E-03
    0.36163E-04    0.21040E-03
    0.36526E-04    0.21245E-03
    0.36893E-04    0.21451E-03
    0.37264E-04    0.21659E-03
    0.37639E-04    0.21870E-03
    0.38017E-04    0.22082E-03
    0.38399E-04    0.22297E-03
    0.38785E-04    0.22513E-03
    0.39175E-04    0.22732E-03
    0.39569E-04    0.22953E-03
    0.39966E-04    0.23176E-03
    0.40368E-04    0.23401E-03
    0.40774E-04    0.23628E-03
    0.41183E-04    0.23858E-03
    0.41597E-04    0.24089E-03
    0.42015E-04    0.24323E-03
    0.42438E-04    0.24560E-03
    0.42864E-04    0.24798E-03
    0.43295E-04    0.25039E-03
    0.43730E-04    0.25282E-03
    0.44170E-04    0.25528E-03
    0.44613E-04    0.25776E-03
    0.45062E-04    0.26026E-03
    0.45515E-04    0.26279E-03
    0.45972E-04    0.26534E-03
    0.46434E-04    0.26792E-03
    0.46901E-04    0.27052E-03
    0.47372E-04    0.27315E-03
    0.47848E-04    0.27580E-03
    0.48329E-04    0.27848E-03
    0.48815E-04    0.28119E-03
    0.49305E-04    0.28392E-03
    0.49801E-04    0.28668E-03
    0.50301E-04    0.28946E-03
    0.50807E-04    0.29227E-03
    0.51318E-04    0.29511E-03
    0.51833E-04    0.29798E-03
    0.52354E-04    0.30087E-03
    0.52880E-04    0.30380E-03
    0.53412E-04    0.30675E-03
    0.53949E-04    0.30973E-03
    0.54491E-04    0.31274E-03
    0.55039E-04    0.31577E-03
    0.55592E-04    0.31884E-03
    0.56150E-04    0.32194E-03
    0.56715E-04    0.32507E-03
    0.57285E-04    0.32822E-03
    0.57860E-04    0.33141E-03
    0.58442E-04    0.33463E-03
    0.59029E-04    0.33788E-03
    0.59623E-04    0.34116E-03
    0.60222E-04    0.34448E-03
    0.60827E-04    0.34782E-03
    0.61438E-04    0.35120E-03
    0.62056E-04    0.35461E-03
    0.62680E-04    0.35806E-03
    0.63309E-04    0.36154E-03
    0.63946E-04    0.36505E-03
    0.64588E-04    0.36859E-03
    0.65237E-04    0.37217E-03
    0.65893E-04    0.37579E-03
    0.66555E-04    0.37944E-03
    0.67224E-04    0.38312E-03
    0.67900E-04    0.38685E-03
    0.68582E-04    0.39060E-03
    0.69272E-04    0.39440E-03
    0.69968E-04    0.39823E-03
    0.70671E-04    0.40210E-03
    0.71381E-04    0.40600E-03
    0.72099E-04    0.40995E-03
    0.72823E-04    0.41393E-03
    0.73555E-04    0.41795E-03
    0.74294E-04    0.42201E-03
    0.75041E-04    0.42611E-03
    0.75795E-04    0.43025E-03
    0.76557E-04    0.43443E-03
    0.77326E-04    0.43865E-03
    0.78103E-04    0.44291E-03
    0.78888E-04    0.44721E-03
    0.79681E-04    0.45155E-03
    0.80482E-04    0.45594E-03
    0.81291E-04    0.46037E-03
    0.82108E-04    0.46484E-03
    0.82933E-04    0.46935E-03
    0.83767E-04    0.47391E-03
    0.84608E-04    0.47852E-03
    0.85459E-04    0.48316E-03
    0.86318E-04    0.48786E-03
    0.87185E-04    0.49260E-03
    0.88061E-04    0.49738E-03
    0.88946E-04    0.50221E-03
    0.89840E-04    0.50709E-03
    0.90743E-04    0.51201E-03
    0.91655E-04    0.51699E-03
    0.92576E-04    0.52201E-03
    0.93507E-04    0.52708E-03
    0.94447E-04    0.53220E-03
    0.95396E-04    0.53737E-03
    0.96355E-04    0.54259E-03
    0.97323E-04    0.54786E-03
    0.98301E-04    0.55318E-03
    0.99289E-04    0.55855E-03
    0.10029E-03    0.56398E-03
    0.10129E-03    0.56945E-03
    0.10231E-03    0.57499E-03
    0.10334E-03    0.58057E-03
    0.10438E-03    0.58621E-03
    0.10543E-03    0.59190E-03
    0.10649E-03    0.59765E-03
    0.10756E-03    0.60346E-03
    0.10864E-03    0.60932E-03
    0.10973E-03    0.61524E-03
    0.11083E-03    0.62121E-03
    0.11195E-03    0.62725E-03
    0.11307E-03    0.63334E-03
    0.11421E-03    0.63949E-03
    0.11536E-03    0.64570E-03
    0.11652E-03    0.65197E-03
    0.11769E-03    0.65830E-03
    0.11887E-03    0.66470E-03
    0.12007E-03    0.67115E-03
    0.12127E-03    0.67767E-03
    0.12249E-03    0.68425E-03
    0.12372E-03    0.69090E-03
    0.12497E-03    0.69761E-03
    0.12622E-03    0.70439E-03
    0.12749E-03    0.71123E-03
    0.12877E-03    0.71813E-03
    0.13007E-03    0.72511E-03
    0.13137E-03    0.73215E-03
    0.13269E-03    0.73926E-03
    0.13403E-03    0.74644E-03
    0.13537E-03    0.75369E-03
    0.13673E-03    0.76101E-03
    0.13811E-03    0.76840E-03
    0.13950E-03    0.77587E-03
    0.14090E-03    0.78340E-03
    0.14231E-03    0.79101E-03
    0.14374E-03    0.79869E-03
    0.14519E-03    0.80645E-03
    0.14665E-03    0.81428E-03
    0.14812E-03    0.82219E-03
    0.14961E-03    0.83017E-03
    0.15111E-03    0.83824E-03
    0.15263E-03    0.84638E-03
    0.15417E-03    0.85460E-03
    0.15572E-03    0.86289E-03
    0.15728E-03    0.87127E-03
    0.15886E-03    0.87974E-03
    0.16046E-03    0.88828E-03
    0.16207E-03    0.89691E-03
    0.16370E-03    0.90562E-03
    0.16535E-03    0.91441E-03
    0.16701E-03    0.92329E-03
    0.16869E-03    0.93226E-03
    0.17038E-03    0.94131E-03
    0.17209E-03    0.95045E-03
    0.17382E-03    0.95968E-03
    0.17557E-03    0.96900E-03
    0.17733E-03    0.97841E-03
    0.17912E-03    0.98791E-03
    0.18092E-03    0.99750E-03
    0.18273E-03    0.10072E-02
    0.18457E-03    0.10170E-02
    0.18643E-03    0.10268E-02
    0.18830E-03    0.10368E-02
    0.19019E-03    0.10469E-02
    0.19210E-03    0.10571E-02
    0.19403E-03    0.10673E-02
    0.19598E-03    0.10777E-02
    0.19795E-03    0.10881E-02
    0.19994E-03    0.10987E-02
    0.20195E-03    0.11094E-02
    0.20398E-03    0.11201E-02
    0.20603E-03    0.11310E-02
    0.20810E-03    0.11420E-02
    0.21019E-03    0.11531E-02
    0.21231E-03    0.11643E-02
    0.21444E-03    0.11756E-02
    0.21660E-03    0.11870E-02
    0.21877E-03    0.11985E-02
    0.22097E-03    0.12102E-02
    0.22319E-03    0.12219E-02
    0.22544E-03    0.12338E-02
    0.22770E-03    0.12458E-02
    0.22999E-03    0.12579E-02
    0.23230E-03    0.12701E-02
    0.23464E-03    0.12824E-02
    0.23699E-03    0.12949E-02
    0.23938E-03    0.13074E-02
    0.24178E-03    0.13201E-02
    0.24421E-03    0.13329E-02
    0.24667E-03    0.13459E-02
    0.24914E-03    0.13589E-02
    0.25165E-03    0.13721E-02
    0.25418E-03    0.13855E-02
    0.25673E-03    0.13989E-02
    0.25931E-03    0.14125E-02
    0.26192E-03    0.14262E-02
    0.26455E-03    0.14400E-02
    0.26721E-03    0.14540E-02
    0.26990E-03    0.14681E-02
    0.27261E-03    0.14824E-02
    0.27535E-03    0.14968E-02
    0.27811E-03    0.15113E-02
    0.28091E-03    0.15260E-02
    0.28373E-03    0.15408E-02
    0.28658E-03    0.15557E-02
    0.28947E-03    0.15708E-02
    0.29237E-03    0.15861E-02
    0.29531E-03    0.16015E-02
    0.29828E-03    0.16170E-02
    0.30128E-03    0.16327E-02
    0.30431E-03    0.16486E-02
    0.30736E-03    0.16645E-02
    0.31045E-03    0.16807E-02
    0.31357E-03    0.16970E-02
    0.31673E-03    0.17135E-02
    0.31991E-03    0.17301E-02
    0.32312E-03    0.17469E-02
    0.32637E-03    0.17638E-02
    0.32965E-03    0.17810E-02
    0.33296E-03    0.17982E-02
    0.33631E-03    0.18157E-02
    0.33969E-03    0.18333E-02
    0.34310E-03    0.18511E-02
    0.34655E-03    0.18691E-02
    0.35004E-03    0.18872E-02
    0.35355E-03    0.19055E-02
    0.35711E-03    0.19240E-02
    0.36070E-03    0.19427E-02
    0.36432E-03    0.19615E-02
    0.36798E-03    0.19805E-02
    0.37168E-03    0.19997E-02
    0.37542E-03    0.20191E-02
    0.37919E-03    0.20387E-02
    0.38300E-03    0.20585E-02
    0.38685E-03    0.20785E-02
    0.39074E-03    0.20986E-02
    0.39466E-03    0.21190E-02
    0.39863E-03    0.21395E-02
    0.40264E-03    0.21603E-02
    0.40668E-03    0.21812E-02
    0.41077E-03    0.22024E-02
    0.41490E-03    0.22237E-02
    0.41907E-03    0.22453E-02
    0.42328E-03    0.22671E-02
    0.42753E-03    0.22891E-02
    0.43183E-03    0.23112E-02
    0.43617E-03    0.23337E-02
    0.44055E-03    0.23563E-02
    0.44498E-03    0.23791E-02
    0.44945E-03    0.24022E-02
    0.45397E-03    0.24255E-02
    0.45853E-03    0.24490E-02
    0.46314E-03    0.24727E-02
    0.46780E-03    0.24967E-02
    0.47250E-03    0.25209E-02
    0.47725E-03    0.25453E-02
    0.48204E-03    0.25700E-02
    0.48689E-03    0.25949E-02
    0.49178E-03    0.26200E-02
    0.49672E-03    0.26454E-02
    0.50172E-03    0.26711E-02
    0.50676E-03    0.26969E-02
    0.51185E-03    0.27231E-02
    0.51700E-03    0.27495E-02
    0.52219E-03    0.27761E-02
    0.52744E-03    0.28030E-02
    0.53274E-03    0.28301E-02
    0.53809E-03    0.28575E-02
    0.54350E-03    0.28852E-02
    0.54896E-03    0.29132E-02
    0.55448E-03    0.29414E-02
    0.56005E-03    0.29699E-02
    0.56568E-03    0.29986E-02
    0.57137E-03    0.30277E-02
    0.57711E-03    0.30570E-02
    0.58291E-03    0.30866E-02
    0.58877E-03    0.31164E-02
    0.59469E-03    0.31466E-02
    0.60066E-03    0.31771E-02
    0.60670E-03    0.32078E-02
    0.61280E-03    0.32389E-02
    0.61896E-03    0.32702E-02
    0.62518E-03    0.33018E-02
    0.63146E-03    0.33338E-02
    0.63781E-03    0.33660E-02
    0.64422E-03    0.33986E-02
    0.65069E-03    0.34315E-02
    0.65723E-03    0.34647E-02
    0.66384E-03    0.34982E-02
    0.67051E-03    0.35320E-02
    0.67725E-03    0.35662E-02
    0.68405E-03    0.36006E-02
    0.69093E-03    0.36355E-02
    0.69787E-03    0.36706E-02
    0.70488E-03    0.37061E-02
    0.71197E-03    0.37419E-02
    0.71912E-03    0.37781E-02
    0.72635E-03    0.38146E-02
    0.73365E-03    0.38514E-02
    0.74102E-03    0.38886E-02
    0.74847E-03    0.39262E-02
    0.75599E-03    0.39641E-02
    0.76359E-03    0.40024E-02
    0.77127E-03    0.40410E-02
    0.77902E-03    0.40801E-02
    0.78685E-03    0.41195E-02
    0.79476E-03    0.41592E-02
    0.80274E-03    0.41994E-02
    0.81081E-03    0.42399E-02
    0.81896E-03    0.42808E-02
    0.82719E-03    0.43221E-02
    0.83550E-03    0.43638E-02
    0.84390E-03    0.44059E-02
    0.85238E-03    0.44484E-02
    0.86095E-03    0.44913E-02
    0.86960E-03    0.45346E-02
    0.87834E-03    0.45783E-02
    0.88717E-03    0.46224E-02
    0.89608E-03    0.46670E-02
    0.90509E-03    0.47119E-02
    0.91419E-03    0.47573E-02
    0.92337E-03    0.48031E-02
    0.93265E-03    0.48494E-02
    0.94203E-03    0.48961E-02
    0.95149E-03    0.49432E-02
    0.96106E-03    0.49908E-02
    0.97072E-03    0.50388E-02
    0.98047E-03    0.50873E-02
    0.99033E-03    0.51363E-02
    0.10003E-02    0.51857E-02
    0.10103E-02    0.52355E-02
    0.10205E-02    0.52859E-02
    0.10307E-02    0.53367E-02
    0.10411E-02    0.53879E-02
    0.10516E-02    0.54397E-02
    0.10621E-02    0.54920E-02
    0.10728E-02    0.55447E-02
    0.10836E-02    0.55979E-02
    0.10945E-02    0.56517E-02
    0.11055E-02    0.57059E-02
    0.11166E-02    0.57607E-02
    0.11278E-02    0.58159E-02
    0.11391E-02    0.58717E-02
    0.11506E-02    0.59280E-02
    0.11622E-02    0.59848E-02
    0.11738E-02    0.60421E-02
    0.11856E-02    0.61000E-02
    0.11976E-02    0.61584E-02
    0.12096E-02    0.62174E-02
    0.12217E-02    0.62769E-02
    0.12340E-02    0.63370E-02
    0.12464E-02    0.63976E-02
    0.12590E-02    0.64588E-02
    0.12716E-02    0.65205E-02
    0.12844E-02    0.65828E-02
    0.12973E-02    0.66457E-02
    0.13103E-02    0.67092E-02
    0.13235E-02    0.67732E-02
    0.13368E-02    0.68379E-02
    0.13502E-02    0.69031E-02
    0.13638E-02    0.69689E-02
    0.13775E-02    0.70354E-02
    0.13914E-02    0.71024E-02
    0.14053E-02    0.71701E-02
    0.14195E-02    0.72383E-02
    0.14337E-02    0.73072E-02
    0.14481E-02    0.73768E-02
    0.14627E-02    0.74469E-02
    0.14774E-02    0.75177E-02
    0.14922E-02    0.75891E-02
    0.15072E-02    0.76612E-02
    0.15224E-02    0.77340E-02
    0.15377E-02    0.78073E-02
    0.15531E-02    0.78814E-02
    0.15687E-02    0.79561E-02
    0.15845E-02    0.80315E-02
    0.16004E-02    0.81076E-02
    0.16165E-02    0.81843E-02
    0.16328E-02    0.82618E-02
    0.16492E-02    0.83399E-02
    0.16658E-02    0.84187E-02
    0.16825E-02    0.84982E-02
    0.16994E-02    0.85785E-02
    0.17165E-02    0.86594E-02
    0.17337E-02    0.87410E-02
    0.17512E-02    0.88234E-02
    0.17688E-02    0.89065E-02
    0.17865E-02    0.89904E-02
    0.18045E-02    0.90749E-02
    0.18226E-02    0.91602E-02
    0.18409E-02    0.92463E-02
    0.18594E-02    0.93331E-02
    0.18781E-02    0.94207E-02
    0.18970E-02    0.95090E-02
    0.19161E-02    0.95981E-02
    0.19353E-02    0.96879E-02
    0.19548E-02    0.97786E-02
    0.19744E-02    0.98700E-02
    0.19943E-02    0.99622E-02
    0.20143E-02    0.10055E-01
    0.20346E-02    0.10149E-01
    0.20550E-02    0.10243E-01
    0.20757E-02    0.10339E-01
    0.20965E-02    0.10435E-01
    0.21176E-02    0.10532E-01
    0.21389E-02    0.10630E-01
    0.21604E-02    0.10728E-01
    0.21821E-02    0.10828E-01
    0.22040E-02    0.10928E-01
    0.22262E-02    0.11029E-01
    0.22485E-02    0.11131E-01
    0.22711E-02    0.11234E-01
    0.22940E-02    0.11338E-01
    0.23170E-02    0.11442E-01
    0.23403E-02    0.11547E-01
    0.23638E-02    0.11654E-01
    0.23876E-02    0.11761E-01
    0.24116E-02    0.11869E-01
    0.24358E-02    0.11977E-01
    0.24603E-02    0.12087E-01
    0.24850E-02    0.12198E-01
    0.25100E-02    0.12309E-01
    0.25352E-02    0.12421E-01
    0.25607E-02    0.12534E-01
    0.25864E-02    0.12648E-01
    0.26124E-02    0.12763E-01
    0.26387E-02    0.12879E-01
    0.26652E-02    0.12996E-01
    0.26920E-02    0.13114E-01
    0.27190E-02    0.13232E-01
    0.27464E-02    0.13352E-01
    0.27740E-02    0.13472E-01
    0.28018E-02    0.13593E-01
    0.28300E-02    0.13715E-01
    0.28584E-02    0.13838E-01
    0.28872E-02    0.13962E-01
    0.29162E-02    0.14087E-01
    0.29455E-02    0.14213E-01
    0.29751E-02    0.14339E-01
    0.30050E-02    0.14467E-01
    0.30352E-02    0.14596E-01
    0.30657E-02    0.14725E-01
    0.30965E-02    0.14855E-01
    0.31276E-02    0.14987E-01
    0.31591E-02    0.15119E-01
    0.31908E-02    0.15252E-01
    0.32229E-02    0.15386E-01
    0.32553E-02    0.15521E-01
    0.32880E-02    0.15656E-01
    0.33210E-02    0.15793E-01
    0.33544E-02    0.15931E-01
    0.33881E-02    0.16069E-01
    0.34222E-02    0.16209E-01
    0.34566E-02    0.16349E-01
    0.34913E-02    0.16490E-01
    0.35264E-02    0.16632E-01
    0.35618E-02    0.16775E-01
    0.35976E-02    0.16919E-01
    0.36338E-02    0.17064E-01
    0.36703E-02    0.17210E-01
    0.37072E-02    0.17356E-01
    0.37445E-02    0.17504E-01
    0.37821E-02    0.17652E-01
    0.38201E-02    0.17801E-01
    0.38585E-02    0.17951E-01
    0.38973E-02    0.18102E-01
    0.39364E-02    0.18253E-01
    0.39760E-02    0.18406E-01
    0.40160E-02    0.18559E-01
    0.40563E-02    0.18713E-01
    0.40971E-02    0.18868E-01
    0.41383E-02    0.19024E-01
    0.41799E-02    0.19180E-01
    0.42219E-02    0.19338E-01
    0.42643E-02    0.19496E-01
    0.43072E-02    0.19655E-01
    0.43504E-02    0.19814E-01
    0.43942E-02    0.19975E-01
    0.44383E-02    0.20136E-01
    0.44829E-02    0.20297E-01
    0.45280E-02    0.20460E-01
    0.45735E-02    0.20623E-01
    0.46195E-02    0.20787E-01
    0.46659E-02    0.20952E-01
    0.47128E-02    0.21117E-01
    0.47601E-02    0.21283E-01
    0.48080E-02    0.21449E-01
    0.48563E-02    0.21616E-01
    0.49051E-02    0.21784E-01
    0.49544E-02    0.21952E-01
    0.50042E-02    0.22121E-01
    0.50545E-02    0.22291E-01
    0.51053E-02    0.22461E-01
    0.51566E-02    0.22631E-01
    0.52084E-02    0.22802E-01
    0.52608E-02    0.22973E-01
    0.53137E-02    0.23145E-01
    0.53671E-02    0.23318E-01
    0.54210E-02    0.23491E-01
    0.54755E-02    0.23664E-01
    0.55305E-02    0.23837E-01
    0.55861E-02    0.24011E-01
    0.56422E-02    0.24185E-01
    0.56989E-02    0.24360E-01
    0.57562E-02    0.24535E-01
    0.58141E-02    0.24710E-01
    0.58725E-02    0.24885E-01
    0.59315E-02    0.25061E-01
    0.59911E-02    0.25237E-01
    0.60513E-02    0.25413E-01
    0.61122E-02    0.25589E-01
    0.61736E-02    0.25765E-01
    0.62356E-02    0.25941E-01
    0.62983E-02    0.26118E-01
    0.63616E-02    0.26294E-01
    0.64255E-02    0.26471E-01
    0.64901E-02    0.26647E-01
    0.65553E-02    0.26824E-01
    0.66212E-02    0.27000E-01
    0.66878E-02    0.27176E-01
    0.67550E-02    0.27353E-01
    0.68229E-02    0.27529E-01
    0.68914E-02    0.27705E-01
    0.69607E-02    0.27880E-01
    0.70306E-02    0.28056E-01
    0.71013E-02    0.28231E-01
    0.71727E-02    0.28406E-01
    0.72448E-02    0.28580E-01
    0.73176E-02    0.28754E-01
    0.73911E-02    0.28928E-01
    0.74654E-02    0.29101E-01
    0.75404E-02    0.29274E-01
    0.76162E-02    0.29446E-01
    0.76928E-02    0.29618E-01
    0.77701E-02    0.29790E-01
    0.78482E-02    0.29960E-01
    0.79270E-02    0.30130E-01
    0.80067E-02    0.30300E-01
    0.80872E-02    0.30468E-01
    0.81684E-02    0.30636E-01
    0.82505E-02    0.30804E-01
    0.83335E-02    0.30970E-01
    0.84172E-02    0.31136E-01
    0.85018E-02    0.31300E-01
    0.85873E-02    0.31464E-01
    0.86736E-02    0.31627E-01
    0.87607E-02    0.31789E-01
    0.88488E-02    0.31950E-01
    0.89377E-02    0.32110E-01
    0.90275E-02    0.32269E-01
    0.91183E-02    0.32426E-01
    0.92099E-02    0.32583E-01
    0.93025E-02    0.32738E-01
    0.93960E-02    0.32892E-01
    0.94904E-02    0.33045E-01
    0.95858E-02    0.33196E-01
    0.96821E-02    0.33347E-01
    0.97794E-02    0.33495E-01
    0.98777E-02    0.33643E-01
    0.99770E-02    0.33788E-01
    0.10077E-01    0.33933E-01
    0.10179E-01    0.34075E-01
    0.10281E-01    0.34217E-01
    0.10384E-01    0.34356E-01
    0.10489E-01    0.34494E-01
    0.10594E-01    0.34630E-01
    0.10700E-01    0.34764E-01
    0.10808E-01    0.34897E-01
    0.10917E-01    0.35028E-01
    0.11026E-01    0.35156E-01
    0.11137E-01    0.35283E-01
    0.11249E-01    0.35408E-01
    0.11362E-01    0.35531E-01
    0.11476E-01    0.35652E-01
    0.11592E-01    0.35770E-01
    0.11708E-01    0.35886E-01
    0.11826E-01    0.36001E-01
    0.11945E-01    0.36112E-01
    0.12065E-01    0.36222E-01
    0.12186E-01    0.36329E-01
    0.12308E-01    0.36434E-01
    0.12432E-01    0.36536E-01
    0.12557E-01    0.36636E-01
    0.12683E-01    0.36733E-01
    0.12811E-01    0.36827E-01
    0.12939E-01    0.36919E-01
    0.13069E-01    0.37008E-01
    0.13201E-01    0.37094E-01
    0.13333E-01    0.37177E-01
    0.13468E-01    0.37258E-01
    0.13603E-01    0.37335E-01
    0.13740E-01    0.37409E-01
    0.13878E-01    0.37481E-01
    0.14017E-01    0.37549E-01
    0.14158E-01    0.37614E-01
    0.14300E-01    0.37676E-01
    0.14444E-01    0.37734E-01
    0.14589E-01    0.37789E-01
    0.14736E-01    0.37841E-01
    0.14884E-01    0.37889E-01
    0.15033E-01    0.37934E-01
    0.15185E-01    0.37975E-01
    0.15337E-01    0.38013E-01
    0.15491E-01    0.38046E-01
    0.15647E-01    0.38077E-01
    0.15804E-01    0.38103E-01
    0.15963E-01    0.38126E-01
    0.16124E-01    0.38144E-01
    0.16286E-01    0.38159E-01
    0.16449E-01    0.38170E-01
    0.16615E-01    0.38177E-01
    0.16782E-01    0.38180E-01
    0.16950E-01    0.38178E-01
    0.17121E-01    0.38173E-01
    0.17293E-01    0.38163E-01
    0.17466E-01    0.38149E-01
    0.17642E-01    0.38131E-01
    0.17819E-01    0.38109E-01
    0.17998E-01    0.38082E-01
    0.18179E-01    0.38051E-01
    0.18362E-01    0.38016E-01
    0.18546E-01    0.37976E-01
    0.18733E-01    0.37931E-01
    0.18921E-01    0.37883E-01
    0.19111E-01    0.37829E-01
    0.19303E-01    0.37771E-01
    0.19497E-01    0.37709E-01
    0.19693E-01    0.37642E-01
    0.19891E-01    0.37571E-01
    0.20091E-01    0.37494E-01
    0.20293E-01    0.37414E-01
    0.20497E-01    0.37328E-01
    0.20703E-01    0.37238E-01
    0.20911E-01    0.37144E-01
    0.21121E-01    0.37044E-01
    0.21334E-01    0.36940E-01
    0.21548E-01    0.36832E-01
    0.21764E-01    0.36719E-01
    0.21983E-01    0.36601E-01
    0.22204E-01    0.36478E-01
    0.22427E-01    0.36351E-01
    0.22653E-01    0.36220E-01
    0.22880E-01    0.36083E-01
    0.23110E-01    0.35943E-01
    0.23343E-01    0.35798E-01
    0.23577E-01    0.35648E-01
    0.23814E-01    0.35494E-01
    0.24053E-01    0.35335E-01
    0.24295E-01    0.35173E-01
    0.24539E-01    0.35005E-01
    0.24786E-01    0.34834E-01
    0.25035E-01    0.34659E-01
    0.25287E-01    0.34479E-01
    0.25541E-01    0.34295E-01
    0.25798E-01    0.34108E-01
    0.26057E-01    0.33916E-01
    0.26319E-01    0.33721E-01
    0.26583E-01    0.33522E-01
    0.26850E-01    0.33319E-01
    0.27120E-01    0.33113E-01
    0.27393E-01    0.32903E-01
    0.27668E-01    0.32690E-01
    0.27946E-01    0.32474E-01
    0.28227E-01    0.32255E-01
    0.28511E-01    0.32032E-01
    0.28797E-01    0.31807E-01
    0.29087E-01    0.31579E-01
    0.29379E-01    0.31348E-01
    0.29674E-01    0.31115E-01
    0.29972E-01    0.30880E-01
    0.30274E-01    0.30642E-01
    0.30578E-01    0.30402E-01
    0.30885E-01    0.30160E-01
    0.31196E-01    0.29916E-01
    0.31509E-01    0.29671E-01
    0.31826E-01    0.29424E-01
    0.32146E-01    0.29176E-01
    0.32469E-01    0.28927E-01
    0.32795E-01    0.28677E-01
    0.33125E-01    0.28425E-01
    0.33458E-01    0.28174E-01
    0.33794E-01    0.27921E-01
    0.34133E-01    0.27669E-01
    0.34477E-01    0.27416E-01
    0.34823E-01    0.27163E-01
    0.35173E-01    0.26910E-01
    0.35526E-01    0.26658E-01
    0.35884E-01    0.26407E-01
    0.36244E-01    0.26156E-01
    0.36608E-01    0.25906E-01
    0.36976E-01    0.25657E-01
    0.37348E-01    0.25409E-01
    0.37723E-01    0.25162E-01
    0.38102E-01    0.24918E-01
    0.38485E-01    0.24675E-01
    0.38872E-01    0.24433E-01
    0.39263E-01    0.24194E-01
    0.39657E-01    0.23957E-01
    0.40056E-01    0.23723E-01
    0.40459E-01    0.23491E-01
    0.40865E-01    0.23262E-01
    0.41276E-01    0.23035E-01
    0.41691E-01    0.22811E-01
    0.42110E-01    0.22591E-01
    0.42533E-01    0.22373E-01
    0.42960E-01    0.22159E-01
    0.43392E-01    0.21948E-01
    0.43828E-01    0.21741E-01
    0.44269E-01    0.21537E-01
    0.44714E-01    0.21337E-01
    0.45163E-01    0.21140E-01
    0.45617E-01    0.20948E-01
    0.46075E-01    0.20759E-01
    0.46538E-01    0.20574E-01
    0.47006E-01    0.20392E-01
    0.47479E-01    0.20215E-01
    0.47956E-01    0.20042E-01
    0.48438E-01    0.19872E-01
    0.48925E-01    0.19706E-01
    0.49416E-01    0.19544E-01
    0.49913E-01    0.19386E-01
    0.50415E-01    0.19232E-01
    0.50921E-01    0.19081E-01
    0.51433E-01    0.18934E-01
    0.51950E-01    0.18791E-01
    0.52472E-01    0.18650E-01
    0.52999E-01    0.18513E-01
    0.53532E-01    0.18380E-01
    0.54070E-01    0.18249E-01
    0.54613E-01    0.18120E-01
    0.55162E-01    0.17995E-01
    0.55717E-01    0.17872E-01
    0.56277E-01    0.17751E-01
    0.56842E-01    0.17632E-01
    0.57413E-01    0.17514E-01
    0.57990E-01    0.17399E-01
    0.58573E-01    0.17284E-01
    0.59162E-01    0.17171E-01
    0.59757E-01    0.17058E-01
    0.60357E-01    0.16945E-01
    0.60964E-01    0.16833E-01
    0.61576E-01    0.16721E-01
    0.62195E-01    0.16608E-01
    0.62820E-01    0.16494E-01
    0.63452E-01    0.16380E-01
    0.64089E-01    0.16264E-01
    0.64734E-01    0.16146E-01
    0.65384E-01    0.16026E-01
    0.66041E-01    0.15905E-01
    0.66705E-01    0.15780E-01
    0.67375E-01    0.15653E-01
    0.68052E-01    0.15523E-01
    0.68736E-01    0.15389E-01
    0.69427E-01    0.15252E-01
    0.70125E-01    0.15112E-01
    0.70830E-01    0.14967E-01
    0.71542E-01    0.14819E-01
    0.72261E-01    0.14667E-01
    0.72987E-01    0.14510E-01
    0.73720E-01    0.14349E-01
    0.74461E-01    0.14184E-01
    0.75210E-01    0.14015E-01
    0.75965E-01    0.13841E-01
    0.76729E-01    0.13663E-01
    0.77500E-01    0.13482E-01
    0.78279E-01    0.13297E-01
    0.79066E-01    0.13108E-01
    0.79860E-01    0.12916E-01
    0.80663E-01    0.12721E-01
    0.81474E-01    0.12523E-01
    0.82292E-01    0.12323E-01
    0.83119E-01    0.12121E-01
    0.83955E-01    0.11918E-01
    0.84799E-01    0.11714E-01
    0.85651E-01    0.11509E-01
    0.86512E-01    0.11304E-01
    0.87381E-01    0.11100E-01
    0.88259E-01    0.10896E-01
    0.89146E-01    0.10694E-01
    0.90042E-01    0.10494E-01
    0.90947E-01    0.10296E-01
    0.91861E-01    0.10102E-01
    0.92784E-01    0.99110E-02
    0.93717E-01    0.97240E-02
    0.94659E-01    0.95415E-02
    0.95610E-01    0.93639E-02
    0.96571E-01    0.91915E-02
    0.97542E-01    0.90247E-02
    0.98522E-01    0.88638E-02
    0.99512E-01    0.87091E-02
    0.10051E+00    0.85607E-02
    0.10152E+00    0.84190E-02
    0.10254E+00    0.82839E-02
    0.10357E+00    0.81555E-02
    0.10461E+00    0.80338E-02
    0.10567E+00    0.79187E-02
    0.10673E+00    0.78102E-02
    0.10780E+00    0.77081E-02
    0.10888E+00    0.76120E-02
    0.10998E+00    0.75218E-02
    0.11108E+00    0.74370E-02
    0.11220E+00    0.73573E-02
    0.11333E+00    0.72821E-02
    0.11447E+00    0.72111E-02
    0.11562E+00    0.71437E-02
    0.11678E+00    0.70792E-02
    0.11795E+00    0.70170E-02
    0.11914E+00    0.69564E-02
    0.12033E+00    0.68968E-02
    0.12154E+00    0.68375E-02
    0.12277E+00    0.67778E-02
    0.12400E+00    0.67170E-02
    0.12525E+00    0.66546E-02
    0.12650E+00    0.65899E-02
    0.12778E+00    0.65226E-02
    0.12906E+00    0.64520E-02
    0.13036E+00    0.63779E-02
    0.13167E+00    0.62998E-02
    0.13299E+00    0.62175E-02
    0.13433E+00    0.61309E-02
    0.13568E+00    0.60399E-02
    0.13704E+00    0.59446E-02
    0.13842E+00    0.58451E-02
    0.13981E+00    0.57419E-02
    0.14121E+00    0.56352E-02
    0.14263E+00    0.55257E-02
    0.14407E+00    0.54139E-02
    0.14551E+00    0.53004E-02
    0.14698E+00    0.51860E-02
    0.14845E+00    0.50713E-02
    0.14995E+00    0.49572E-02
    0.15145E+00    0.48442E-02
    0.15298E+00    0.47333E-02
    0.15451E+00    0.46250E-02
    0.15607E+00    0.45201E-02
    0.15763E+00    0.44191E-02
    0.15922E+00    0.43227E-02
    0.16082E+00    0.42312E-02
    0.16244E+00    0.41449E-02
    0.16407E+00    0.40641E-02
    0.16572E+00    0.39889E-02
    0.16738E+00    0.39191E-02
    0.16906E+00    0.38547E-02
    0.17076E+00    0.37954E-02
    0.17248E+00    0.37409E-02
    0.17421E+00    0.36908E-02
    0.17596E+00    0.36445E-02
    0.17773E+00    0.36014E-02
    0.17952E+00    0.35608E-02
    0.18132E+00    0.35221E-02
    0.18315E+00    0.34843E-02
    0.18499E+00    0.34468E-02
    0.18684E+00    0.34088E-02
    0.18872E+00    0.33697E-02
    0.19062E+00    0.33289E-02
    0.19254E+00    0.32859E-02
    0.19447E+00    0.32403E-02
    0.19642E+00    0.31918E-02
    0.19840E+00    0.31403E-02
    0.20039E+00    0.30859E-02
    0.20241E+00    0.30286E-02
    0.20444E+00    0.29689E-02
    0.20650E+00    0.29072E-02
    0.20857E+00    0.28440E-02
    0.21067E+00    0.27799E-02
    0.21278E+00    0.27157E-02
    0.21492E+00    0.26520E-02
    0.21708E+00    0.25894E-02
    0.21926E+00    0.25287E-02
    0.22147E+00    0.24703E-02
    0.22369E+00    0.24148E-02
    0.22594E+00    0.23625E-02
    0.22821E+00    0.23137E-02
    0.23051E+00    0.22684E-02
    0.23282E+00    0.22265E-02
    0.23516E+00    0.21879E-02
    0.23753E+00    0.21524E-02
    0.23991E+00    0.21195E-02
    0.24232E+00    0.20888E-02
    0.24476E+00    0.20596E-02
    0.24722E+00    0.20313E-02
    0.24970E+00    0.20035E-02
    0.25221E+00    0.19754E-02
    0.25475E+00    0.19468E-02
    0.25731E+00    0.19171E-02
    0.25990E+00    0.18860E-02
    0.26251E+00    0.18535E-02
    0.26515E+00    0.18193E-02
    0.26781E+00    0.17838E-02
    0.27050E+00    0.17471E-02
    0.27322E+00    0.17097E-02
    0.27597E+00    0.16718E-02
    0.27874E+00    0.16339E-02
    0.28154E+00    0.15966E-02
    0.28437E+00    0.15602E-02
    0.28723E+00    0.15253E-02
    0.29012E+00    0.14920E-02
    0.29303E+00    0.14606E-02
    0.29598E+00    0.14311E-02
    0.29895E+00    0.14036E-02
    0.30196E+00    0.13779E-02
    0.30499E+00    0.13537E-02
    0.30806E+00    0.13308E-02
    0.31115E+00    0.13088E-02
    0.31428E+00    0.12873E-02
    0.31744E+00    0.12659E-02
    0.32063E+00    0.12445E-02
    0.32385E+00    0.12226E-02
    0.32710E+00    0.12001E-02
    0.33039E+00    0.11771E-02
    0.33371E+00    0.11535E-02
    0.33707E+00    0.11296E-02
    0.34045E+00    0.11054E-02
    0.34388E+00    0.10813E-02
    0.34733E+00    0.10575E-02
    0.35082E+00    0.10342E-02
    0.35435E+00    0.10118E-02
    0.35791E+00    0.99038E-03
    0.36151E+00    0.96995E-03
    0.36514E+00    0.95056E-03
    0.36881E+00    0.93213E-03
    0.37252E+00    0.91450E-03
    0.37626E+00    0.89750E-03
    0.38004E+00    0.88093E-03
    0.38386E+00    0.86458E-03
    0.38772E+00    0.84829E-03
    0.39162E+00    0.83193E-03
    0.39555E+00    0.81545E-03
    0.39953E+00    0.79886E-03
    0.40354E+00    0.78219E-03
    0.40760E+00    0.76557E-03
    0.41169E+00    0.74913E-03
    0.41583E+00    0.73300E-03
    0.42001E+00    0.71729E-03
    0.42423E+00    0.70210E-03
    0.42849E+00    0.68747E-03
    0.43280E+00    0.67340E-03
    0.43715E+00    0.65982E-03
    0.44154E+00    0.64668E-03
    0.44598E+00    0.63386E-03
    0.45046E+00    0.62127E-03
    0.45499E+00    0.60881E-03
    0.45956E+00    0.59645E-03
    0.46418E+00    0.58415E-03
    0.46885E+00    0.57192E-03
    0.47356E+00    0.55980E-03
    0.47832E+00    0.54785E-03
    0.48313E+00    0.53613E-03
    0.48798E+00    0.52469E-03
    0.49289E+00    0.51357E-03
    0.49784E+00    0.50277E-03
    0.50284E+00    0.49228E-03
    0.50790E+00    0.48208E-03
    0.51300E+00    0.47211E-03
    0.51816E+00    0.46233E-03
    0.52337E+00    0.45270E-03
    0.52862E+00    0.44320E-03
    0.53394E+00    0.43382E-03
    0.53930E+00    0.42457E-03
    0.54472E+00    0.41547E-03
    0.55020E+00    0.40655E-03
    0.55573E+00    0.39783E-03
    0.56131E+00    0.38931E-03
    0.56695E+00    0.38101E-03
    0.57265E+00    0.37290E-03
    0.57841E+00    0.36498E-03
    0.58422E+00    0.35722E-03
    0.59009E+00    0.34961E-03
    0.59602E+00    0.34213E-03
    0.60201E+00    0.33478E-03
    0.60806E+00    0.32755E-03
    0.61417E+00    0.32046E-03
    0.62035E+00    0.31352E-03
    0.62658E+00    0.30673E-03
    0.63288E+00    0.30009E-03
    0.63924E+00    0.29360E-03
    0.64566E+00    0.28725E-03
    0.65215E+00    0.28103E-03
    0.65871E+00    0.27494E-03
    0.66533E+00    0.26896E-03
    0.67201E+00    0.26310E-03
    0.67877E+00    0.25736E-03
    0.68559E+00    0.25173E-03
    0.69248E+00    0.24622E-03
    0.69944E+00    0.24083E-03
    0.70647E+00    0.23556E-03
    0.71357E+00    0.23040E-03
    0.72074E+00    0.22534E-03
    0.72798E+00    0.22039E-03
    0.73530E+00    0.21554E-03
    0.74269E+00    0.21080E-03
    0.75015E+00    0.20614E-03
    0.75769E+00    0.20159E-03
    0.76531E+00    0.19713E-03
    0.77300E+00    0.19277E-03
    0.78077E+00    0.18850E-03
    0.78862E+00    0.18433E-03
    0.79654E+00    0.18024E-03
    0.80455E+00    0.17623E-03
    0.81263E+00    0.17231E-03
    0.82080E+00    0.16847E-03
    0.82905E+00    0.16471E-03
    0.83738E+00    0.16104E-03
    0.84580E+00    0.15744E-03
    0.85430E+00    0.15392E-03
    0.86288E+00    0.15048E-03
    0.87155E+00    0.14710E-03
    0.88031E+00    0.14380E-03
    0.88916E+00    0.14057E-03
    0.89810E+00    0.13741E-03
    0.90712E+00    0.13432E-03
    0.91624E+00    0.13130E-03
    0.92545E+00    0.12834E-03
    0.93475E+00    0.12544E-03
    0.94414E+00    0.12261E-03
    0.95363E+00    0.11984E-03
    0.96322E+00    0.11713E-03
    0.97290E+00    0.11447E-03
    0.98268E+00    0.11188E-03
    0.99255E+00    0.10934E-03
    0.10025E+01    0.10686E-03
    0.10126E+01    0.10443E-03
    0.10228E+01    0.10205E-03
    0.10331E+01    0.99727E-04
    0.10434E+01    0.97454E-04
    0.10539E+01    0.95230E-04
    0.10645E+01    0.93055E-04
    0.10752E+01    0.90927E-04
    0.10860E+01    0.88847E-04
    0.10969E+01    0.86812E-04
    0.11080E+01    0.84822E-04
    0.11191E+01    0.82876E-04
    0.11303E+01    0.80973E-04
    0.11417E+01    0.79112E-04
    0.11532E+01    0.77292E-04
    0.11648E+01    0.75513E-04
    0.11765E+01    0.73773E-04
    0.11883E+01    0.72071E-04
    0.12002E+01    0.70408E-04
    0.12123E+01    0.68782E-04
    0.12245E+01    0.67192E-04
    0.12368E+01    0.65637E-04
    0.12492E+01    0.64117E-04
    0.12618E+01    0.62632E-04
    0.12745E+01    0.61179E-04
    0.12873E+01    0.59759E-04
    0.13002E+01    0.58370E-04
    0.13133E+01    0.57013E-04
    0.13265E+01    0.55686E-04
    0.13398E+01    0.54389E-04
    0.13533E+01    0.53121E-04
    0.13669E+01    0.51882E-04
    0.13806E+01    0.50671E-04
    0.13945E+01    0.49487E-04
    0.14085E+01    0.48330E-04
    0.14227E+01    0.47199E-04
    0.14370E+01    0.46094E-04
    0.14514E+01    0.45014E-04
    0.14660E+01    0.43958E-04
    0.14807E+01    0.42927E-04
    0.14956E+01    0.41918E-04
    0.15106E+01    0.40933E-04
    0.15258E+01    0.39970E-04
    0.15411E+01    0.39029E-04
    0.15566E+01    0.38110E-04
    0.15723E+01    0.37211E-04
    0.15881E+01    0.36333E-04
    0.16040E+01    0.35476E-04
    0.16202E+01    0.34637E-04
    0.16364E+01    0.33818E-04
    0.16529E+01    0.33018E-04
    0.16695E+01    0.32236E-04
    0.16863E+01    0.31473E-04
    0.17032E+01    0.30727E-04
    0.17203E+01    0.29997E-04
    0.17376E+01    0.29285E-04
    0.17551E+01    0.28589E-04
    0.17727E+01    0.27910E-04
    0.17906E+01    0.27246E-04
    0.18085E+01    0.26597E-04
    0.18267E+01    0.25963E-04
    0.18451E+01    0.25344E-04
    0.18636E+01    0.24740E-04
    0.18824E+01    0.24149E-04
    0.19013E+01    0.23572E-04
    0.19204E+01    0.23009E-04
    0.19397E+01    0.22458E-04
    0.19592E+01    0.21921E-04
    0.19789E+01    0.21396E-04
    0.19988E+01    0.20883E-04
    0.20188E+01    0.20382E-04
    0.20391E+01    0.19893E-04
    0.20596E+01    0.19415E-04
    0.20803E+01    0.18949E-04
    0.21012E+01    0.18493E-04
    0.21223E+01    0.18048E-04
    0.21437E+01    0.17614E-04
    0.21652E+01    0.17190E-04
    0.21870E+01    0.16775E-04
    0.22090E+01    0.16371E-04
    0.22312E+01    0.15976E-04
    0.22536E+01    0.15590E-04
    0.22762E+01    0.15213E-04
    0.22991E+01    0.14845E-04
    0.23222E+01    0.14486E-04
    0.23456E+01    0.14135E-04
    0.23691E+01    0.13793E-04
    0.23929E+01    0.13459E-04
    0.24170E+01    0.13133E-04
    0.24413E+01    0.12814E-04
    0.24658E+01    0.12503E-04
    0.24906E+01    0.12199E-04
    0.25156E+01    0.11903E-04
    0.25409E+01    0.11613E-04
    0.25664E+01    0.11331E-04
    0.25922E+01    0.11055E-04
    0.26183E+01    0.10785E-04
    0.26446E+01    0.10522E-04
    0.26712E+01    0.10266E-04
    0.26980E+01    0.10015E-04
    0.27252E+01    0.97708E-05
    0.27525E+01    0.95321E-05
    0.27802E+01    0.92991E-05
    0.28081E+01    0.90717E-05
    0.28364E+01    0.88498E-05
    0.28649E+01    0.86331E-05
    0.28937E+01    0.84216E-05
    0.29227E+01    0.82152E-05
    0.29521E+01    0.80138E-05
    0.29818E+01    0.78172E-05
    0.30118E+01    0.76253E-05
    0.30420E+01    0.74380E-05
    0.30726E+01    0.72552E-05
    0.31035E+01    0.70768E-05
    0.31347E+01    0.69027E-05
    0.31662E+01    0.67329E-05
    0.31980E+01    0.65671E-05
    0.32301E+01    0.64053E-05
    0.32626E+01    0.62474E-05
    0.32954E+01    0.60933E-05
    0.33285E+01    0.59429E-05
    0.33620E+01    0.57962E-05
    0.33957E+01    0.56531E-05
    0.34299E+01    0.55134E-05
    0.34643E+01    0.53770E-05
    0.34992E+01    0.52440E-05
    0.35343E+01    0.51143E-05
    0.35699E+01    0.49876E-05
    0.36057E+01    0.48641E-05
    0.36420E+01    0.47435E-05
    0.36786E+01    0.46259E-05
    0.37155E+01    0.45111E-05
    0.37529E+01    0.43992E-05
    0.37906E+01    0.42899E-05
    0.38287E+01    0.41833E-05
    0.38672E+01    0.40794E-05
    0.39060E+01    0.39779E-05
    0.39453E+01    0.38789E-05
    0.39849E+01    0.37824E-05
    0.40250E+01    0.36882E-05
    0.40654E+01    0.35963E-05
    0.41063E+01    0.35067E-05
    0.41476E+01    0.34192E-05
    0.41893E+01    0.33339E-05
    0.42314E+01    0.32507E-05
    0.42739E+01    0.31696E-05
    0.43168E+01    0.30904E-05
    0.43602E+01    0.30131E-05
    0.44040E+01    0.29378E-05
    0.44483E+01    0.28643E-05
    0.44930E+01    0.27926E-05
    0.45382E+01    0.27227E-05
    0.45838E+01    0.26545E-05
    0.46298E+01    0.25880E-05
    0.46764E+01    0.25231E-05
    0.47234E+01    0.24598E-05
    0.47708E+01    0.23981E-05
    0.48188E+01    0.23379E-05
    0.48672E+01    0.22792E-05
    0.49161E+01    0.22219E-05
    0.49655E+01    0.21661E-05
    0.50155E+01    0.21116E-05
    0.50659E+01    0.20585E-05
    0.51168E+01    0.20067E-05
    0.51682E+01    0.19562E-05
    0.52201E+01    0.19069E-05
    0.52726E+01    0.18589E-05
    0.53256E+01    0.18120E-05
    0.53791E+01    0.17663E-05
    0.54332E+01    0.17217E-05
    0.54878E+01    0.16783E-05
    0.55429E+01    0.16359E-05
    0.55986E+01    0.15946E-05
    0.56549E+01    0.15543E-05
    0.57117E+01    0.15150E-05
    0.57691E+01    0.14767E-05
    0.58271E+01    0.14393E-05
    0.58857E+01    0.14029E-05
    0.59448E+01    0.13674E-05
    0.60046E+01    0.13328E-05
    0.60649E+01    0.12990E-05
    0.61259E+01    0.12661E-05
    0.61875E+01    0.12340E-05
    0.62496E+01    0.12027E-05
    0.63124E+01    0.11721E-05
    0.63759E+01    0.11424E-05
    0.64400E+01    0.11134E-05
    0.65047E+01    0.10851E-05
    0.65701E+01    0.10575E-05
    0.66361E+01    0.10306E-05
    0.67028E+01    0.10044E-05
    0.67702E+01    0.97886E-06
    0.68382E+01    0.95394E-06
    0.69069E+01    0.92965E-06
    0.69763E+01    0.90597E-06
    0.70464E+01    0.88289E-06
    0.71173E+01    0.86038E-06
    0.71888E+01    0.83844E-06
    0.72610E+01    0.81706E-06
    0.73340E+01    0.79621E-06
    0.74077E+01    0.77588E-06
    0.74822E+01    0.75607E-06
    0.75574E+01    0.73676E-06
    0.76333E+01    0.71793E-06
    0.77100E+01    0.69958E-06
    0.77875E+01    0.68169E-06
    0.78658E+01    0.66425E-06
    0.79448E+01    0.64725E-06
    0.80247E+01    0.63068E-06
    0.81053E+01    0.61453E-06
    0.81868E+01    0.59879E-06
    0.82691E+01    0.58345E-06
    0.83522E+01    0.56849E-06
    0.84361E+01    0.55391E-06
    0.85209E+01    0.53971E-06
    0.86065E+01    0.52586E-06
    0.86930E+01    0.51236E-06
    0.87804E+01    0.49920E-06
    0.88687E+01    0.48638E-06
    0.89578E+01    0.47389E-06
    0.90478E+01    0.46171E-06
    0.91388E+01    0.44983E-06
    0.92306E+01    0.43827E-06
    0.93234E+01    0.42699E-06
    0.94171E+01    0.41600E-06
    0.95117E+01    0.40529E-06
    0.96073E+01    0.39485E-06
    0.97039E+01    0.38468E-06
    0.98014E+01    0.37477E-06
    0.98999E+01    0.36511E-06
    0.99994E+01    0.35570E-06
    0.10100E+02    0.34652E-06
    0.10201E+02    0.33758E-06
    0.10304E+02    0.32887E-06
    0.10407E+02    0.32038E-06
    0.10512E+02    0.31210E-06
    0.10618E+02    0.30404E-06
    0.10724E+02    0.29618E-06
    0.10832E+02    0.28853E-06
    0.10941E+02    0.28107E-06
    0.11051E+02    0.27380E-06
    0.11162E+02    0.26671E-06
    0.11274E+02    0.25981E-06
    0.11388E+02    0.25309E-06
    0.11502E+02    0.24653E-06
    0.11618E+02    0.24015E-06
    0.11734E+02    0.23392E-06
    0.11852E+02    0.22786E-06
    0.11971E+02    0.22195E-06
    0.12092E+02    0.21620E-06
    0.12213E+02    0.21059E-06
    0.12336E+02    0.20512E-06
    0.12460E+02    0.19980E-06
    0.12585E+02    0.19461E-06
    0.12712E+02    0.18956E-06
    0.12839E+02    0.18463E-06
    0.12969E+02    0.17983E-06
    0.13099E+02    0.17516E-06
    0.13230E+02    0.17060E-06
    0.13363E+02    0.16617E-06
    0.13498E+02    0.16184E-06
    0.13633E+02    0.15763E-06
    0.13770E+02    0.15353E-06
    0.13909E+02    0.14953E-06
    0.14049E+02    0.14564E-06
    0.14190E+02    0.14184E-06
    0.14332E+02    0.13815E-06
    0.14476E+02    0.13454E-06
    0.14622E+02    0.13104E-06
    0.14769E+02    0.12762E-06
    0.14917E+02    0.12429E-06
    0.15067E+02    0.12105E-06
    0.15219E+02    0.11789E-06
    0.15372E+02    0.11481E-06
    0.15526E+02    0.11181E-06
    0.15682E+02    0.10889E-06
    0.15840E+02    0.10604E-06
    0.15999E+02    0.10327E-06
    0.16160E+02    0.10057E-06
    0.16322E+02    0.97941E-07
    0.16486E+02    0.95378E-07
    0.16652E+02    0.92883E-07
    0.16819E+02    0.90452E-07
    0.16988E+02    0.88084E-07
    0.17159E+02    0.85777E-07
    0.17331E+02    0.83530E-07
    0.17506E+02    0.81342E-07
    0.17682E+02    0.79210E-07
    0.17859E+02    0.77134E-07
    0.18039E+02    0.75111E-07
    0.18220E+02    0.73142E-07
    0.18403E+02    0.71223E-07
    0.18588E+02    0.69354E-07
    0.18775E+02    0.67533E-07
    0.18964E+02    0.65761E-07
    0.19154E+02    0.64034E-07
    0.19347E+02    0.62352E-07
    0.19541E+02    0.60713E-07
    0.19738E+02    0.59118E-07
    0.19936E+02    0.57564E-07
    0.20136E+02    0.56051E-07
    0.20339E+02    0.54576E-07
    0.20543E+02    0.53141E-07
    0.20750E+02    0.51743E-07
    0.20958E+02    0.50381E-07
    0.21169E+02    0.49055E-07
    0.21381E+02    0.47763E-07
    0.21596E+02    0.46505E-07
    0.21813E+02    0.45280E-07
    0.22033E+02    0.44087E-07
    0.22254E+02    0.42925E-07
    0.22478E+02    0.41793E-07
    0.22704E+02    0.40691E-07
    0.22932E+02    0.39618E-07
    0.23162E+02    0.38573E-07
    0.23395E+02    0.37555E-07
    0.23630E+02    0.36564E-07
    0.23868E+02    0.35598E-07
    0.24108E+02    0.34658E-07
    0.24350E+02    0.33743E-07
    0.24595E+02    0.32852E-07
    0.24842E+02    0.31983E-07
    0.25091E+02    0.31138E-07
    0.25344E+02    0.30315E-07
    0.25598E+02    0.29513E-07
    0.25856E+02    0.28733E-07
    0.26115E+02    0.27973E-07
    0.26378E+02    0.27233E-07
    0.26643E+02    0.26512E-07
    0.26911E+02    0.25810E-07
    0.27181E+02    0.25127E-07
    0.27454E+02    0.24461E-07
    0.27730E+02    0.23813E-07
    0.28009E+02    0.23182E-07
    0.28290E+02    0.22568E-07
    0.28575E+02    0.21970E-07
    0.28862E+02    0.21387E-07
    0.29152E+02    0.20820E-07
    0.29445E+02    0.20268E-07
    0.29741E+02    0.19730E-07
    0.30040E+02    0.19206E-07
    0.30342E+02    0.18697E-07
    0.30647E+02    0.18200E-07
    0.30955E+02    0.17717E-07
    0.31266E+02    0.17246E-07
    0.31580E+02    0.16788E-07
    0.31897E+02    0.16342E-07
    0.32218E+02    0.15908E-07
    0.32542E+02    0.15485E-07
    0.32869E+02    0.15073E-07
    0.33199E+02    0.14672E-07
    0.33533E+02    0.14282E-07
    0.33870E+02    0.13902E-07
    0.34210E+02    0.13532E-07
    0.34554E+02    0.13172E-07
    0.34901E+02    0.12821E-07
    0.35252E+02    0.12480E-07
    0.35606E+02    0.12147E-07
    0.35964E+02    0.11824E-07
    0.36326E+02    0.11509E-07
    0.36691E+02    0.11202E-07
    0.37059E+02    0.10903E-07
    0.37432E+02    0.10613E-07
    0.37808E+02    0.10330E-07
    0.38188E+02    0.10054E-07
    0.38572E+02    0.97860E-08
    0.38960E+02    0.95249E-08
    0.39351E+02    0.92707E-08
    0.39747E+02    0.90232E-08
    0.40146E+02    0.87823E-08
    0.40550E+02    0.85477E-08
    0.40957E+02    0.83195E-08
    0.41369E+02    0.80972E-08
    0.41784E+02    0.78808E-08
    0.42204E+02    0.76702E-08
    0.42629E+02    0.74651E-08
    0.43057E+02    0.72655E-08
    0.43490E+02    0.70712E-08
    0.43927E+02    0.68821E-08
    0.44368E+02    0.66980E-08
    0.44814E+02    0.65187E-08
    0.45265E+02    0.63443E-08
    0.45719E+02    0.61744E-08
    0.46179E+02    0.60091E-08
    0.46643E+02    0.58482E-08
    0.47112E+02    0.56915E-08
    0.47585E+02    0.55390E-08
    0.48064E+02    0.53906E-08
    0.48547E+02    0.52461E-08
    0.49034E+02    0.51055E-08
    0.49527E+02    0.49686E-08
    0.50025E+02    0.48353E-08
    0.50528E+02    0.47056E-08
    0.51036E+02    0.45794E-08
    0.51549E+02    0.44565E-08
    0.52067E+02    0.43369E-08
    0.52590E+02    0.42205E-08
    0.53118E+02    0.41072E-08
    0.53652E+02    0.39969E-08
    0.54191E+02    0.38895E-08
    0.54736E+02    0.37850E-08
    0.55286E+02    0.36833E-08
    0.55842E+02    0.35843E-08
    0.56403E+02    0.34879E-08
    0.56970E+02    0.33942E-08
    0.57542E+02    0.33029E-08
    0.58121E+02    0.32141E-08
    0.58705E+02    0.31276E-08
    0.59295E+02    0.30434E-08
    0.59891E+02    0.29615E-08
    0.60493E+02    0.28818E-08
    0.61101E+02    0.28042E-08
    0.61715E+02    0.27287E-08
    0.62335E+02    0.26552E-08
    0.62961E+02    0.25837E-08
    0.63594E+02    0.25140E-08
    0.64233E+02    0.24463E-08
    0.64879E+02    0.23803E-08
    0.65531E+02    0.23162E-08
    0.66190E+02    0.22537E-08
    0.66855E+02    0.21929E-08
    0.67527E+02    0.21338E-08
    0.68205E+02    0.20762E-08
    0.68891E+02    0.20202E-08
    0.69583E+02    0.19656E-08
    0.70283E+02    0.19126E-08
    0.70989E+02    0.18609E-08
    0.71702E+02    0.18106E-08
    0.72423E+02    0.17617E-08
    0.73151E+02    0.17141E-08
    0.73886E+02    0.16678E-08
    0.74629E+02    0.16227E-08
    0.75379E+02    0.15789E-08
    0.76136E+02    0.15362E-08
    0.76901E+02    0.14946E-08
    0.77674E+02    0.14542E-08
    0.78455E+02    0.14148E-08
    0.79243E+02    0.13765E-08
    0.80040E+02    0.13393E-08
    0.80844E+02    0.13030E-08
    0.81657E+02    0.12677E-08
    0.82477E+02    0.12334E-08
    0.83306E+02    0.12000E-08
    0.84144E+02    0.11675E-08
    0.84989E+02    0.11358E-08
    0.85843E+02    0.11050E-08
    0.86706E+02    0.10751E-08
    0.87577E+02    0.10459E-08
    0.88458E+02    0.10176E-08
    0.89347E+02    0.98994E-09
    0.90245E+02    0.96308E-09
    0.91152E+02    0.93694E-09
    0.92068E+02    0.91150E-09
    0.92993E+02    0.88675E-09
    0.93927E+02    0.86267E-09
    0.94871E+02    0.83924E-09
    0.95825E+02    0.81644E-09
    0.96788E+02    0.79425E-09
    0.97761E+02    0.77266E-09
    0.98743E+02    0.75165E-09
    0.99736E+02    0.73121E-09
    0.10074E+03    0.71132E-09
    0.10175E+03    0.69197E-09
    0.10277E+03    0.67314E-09
    0.10381E+03    0.65482E-09
    0.10485E+03    0.63699E-09
    0.10590E+03    0.61964E-09
    0.10697E+03    0.60277E-09
    0.10804E+03    0.58635E-09
    0.10913E+03    0.57037E-09
    0.11023E+03    0.55482E-09
    0.11133E+03    0.53970E-09
    0.11245E+03    0.52498E-09
    0.11358E+03    0.51066E-09
    0.11472E+03    0.49673E-09
    0.11588E+03    0.48318E-09
    0.11704E+03    0.46999E-09
    0.11822E+03    0.45716E-09
    0.11941E+03    0.44468E-09
    0.12061E+03    0.43253E-09
    0.12182E+03    0.42072E-09
    0.12304E+03    0.40922E-09
    0.12428E+03    0.39803E-09
    0.12553E+03    0.38715E-09
    0.12679E+03    0.37656E-09
    0.12806E+03    0.36626E-09
    0.12935E+03    0.35624E-09
    0.13065E+03    0.34649E-09
    0.13196E+03    0.33701E-09
    0.13329E+03    0.32778E-09
    0.13463E+03    0.31880E-09
    0.13598E+03    0.31007E-09
    0.13735E+03    0.30157E-09
    0.13873E+03    0.29330E-09
    0.14012E+03    0.28526E-09
    0.14153E+03    0.27744E-09
    0.14295E+03    0.26983E-09
    0.14439E+03    0.26242E-09
    0.14584E+03    0.25522E-09
    0.14731E+03    0.24821E-09
    0.14879E+03    0.24140E-09
    0.15028E+03    0.23476E-09
    0.15179E+03    0.22831E-09
    0.15332E+03    0.22204E-09
    0.15486E+03    0.21593E-09
    0.15642E+03    0.20999E-09
    0.15799E+03    0.20422E-09
    0.15958E+03    0.19860E-09
    0.16118E+03    0.19313E-09
    0.16280E+03    0.18781E-09
    0.16444E+03    0.18264E-09
    0.16609E+03    0.17760E-09
    0.16776E+03    0.17271E-09
    0.16944E+03    0.16795E-09
    0.17115E+03    0.16332E-09
    0.17287E+03    0.15881E-09
    0.17460E+03    0.15443E-09
    0.17636E+03    0.15016E-09
    0.17813E+03    0.14602E-09
    0.17992E+03    0.14198E-09
    0.18173E+03    0.13806E-09
    0.18356E+03    0.13424E-09
    0.18540E+03    0.13053E-09
    0.18726E+03    0.12692E-09
    0.18915E+03    0.12341E-09
    0.19105E+03    0.11999E-09
    0.19297E+03    0.11667E-09
    0.19491E+03    0.11343E-09
    0.19687E+03    0.11029E-09
    0.19884E+03    0.10723E-09
    0.20084E+03    0.10426E-09
