#           k/h    P           
    0.35185E-05    0.15249E+00
    0.35539E-05    0.15397E+00
    0.35896E-05    0.15547E+00
    0.36257E-05    0.15698E+00
    0.36621E-05    0.15850E+00
    0.36989E-05    0.16004E+00
    0.37361E-05    0.16160E+00
    0.37736E-05    0.16316E+00
    0.38115E-05    0.16475E+00
    0.38499E-05    0.16635E+00
    0.38885E-05    0.16797E+00
    0.39276E-05    0.16960E+00
    0.39671E-05    0.17125E+00
    0.40070E-05    0.17291E+00
    0.40472E-05    0.17459E+00
    0.40879E-05    0.17628E+00
    0.41290E-05    0.17800E+00
    0.41705E-05    0.17973E+00
    0.42124E-05    0.18147E+00
    0.42547E-05    0.18323E+00
    0.42975E-05    0.18501E+00
    0.43407E-05    0.18681E+00
    0.43843E-05    0.18863E+00
    0.44284E-05    0.19046E+00
    0.44729E-05    0.19231E+00
    0.45178E-05    0.19418E+00
    0.45632E-05    0.19606E+00
    0.46091E-05    0.19797E+00
    0.46554E-05    0.19989E+00
    0.47022E-05    0.20183E+00
    0.47495E-05    0.20379E+00
    0.47972E-05    0.20577E+00
    0.48454E-05    0.20777E+00
    0.48941E-05    0.20979E+00
    0.49433E-05    0.21183E+00
    0.49930E-05    0.21388E+00
    0.50432E-05    0.21596E+00
    0.50939E-05    0.21806E+00
    0.51450E-05    0.22018E+00
    0.51968E-05    0.22232E+00
    0.52490E-05    0.22448E+00
    0.53017E-05    0.22666E+00
    0.53550E-05    0.22886E+00
    0.54088E-05    0.23108E+00
    0.54632E-05    0.23333E+00
    0.55181E-05    0.23559E+00
    0.55736E-05    0.23788E+00
    0.56296E-05    0.24019E+00
    0.56862E-05    0.24253E+00
    0.57433E-05    0.24488E+00
    0.58010E-05    0.24726E+00
    0.58593E-05    0.24966E+00
    0.59182E-05    0.25209E+00
    0.59777E-05    0.25454E+00
    0.60378E-05    0.25701E+00
    0.60984E-05    0.25951E+00
    0.61597E-05    0.26203E+00
    0.62216E-05    0.26457E+00
    0.62842E-05    0.26714E+00
    0.63473E-05    0.26974E+00
    0.64111E-05    0.27236E+00
    0.64756E-05    0.27500E+00
    0.65406E-05    0.27767E+00
    0.66064E-05    0.28037E+00
    0.66728E-05    0.28309E+00
    0.67398E-05    0.28584E+00
    0.68076E-05    0.28862E+00
    0.68760E-05    0.29142E+00
    0.69451E-05    0.29426E+00
    0.70149E-05    0.29711E+00
    0.70854E-05    0.30000E+00
    0.71566E-05    0.30291E+00
    0.72285E-05    0.30586E+00
    0.73012E-05    0.30883E+00
    0.73745E-05    0.31183E+00
    0.74487E-05    0.31486E+00
    0.75235E-05    0.31791E+00
    0.75991E-05    0.32100E+00
    0.76755E-05    0.32412E+00
    0.77526E-05    0.32727E+00
    0.78306E-05    0.33045E+00
    0.79093E-05    0.33366E+00
    0.79888E-05    0.33690E+00
    0.80690E-05    0.34017E+00
    0.81501E-05    0.34348E+00
    0.82320E-05    0.34681E+00
    0.83148E-05    0.35018E+00
    0.83983E-05    0.35358E+00
    0.84827E-05    0.35702E+00
    0.85680E-05    0.36049E+00
    0.86541E-05    0.36399E+00
    0.87411E-05    0.36752E+00
    0.88289E-05    0.37109E+00
    0.89177E-05    0.37470E+00
    0.90073E-05    0.37834E+00
    0.90978E-05    0.38201E+00
    0.91893E-05    0.38572E+00
    0.92816E-05    0.38947E+00
    0.93749E-05    0.39325E+00
    0.94691E-05    0.39707E+00
    0.95643E-05    0.40093E+00
    0.96604E-05    0.40483E+00
    0.97575E-05    0.40876E+00
    0.98555E-05    0.41273E+00
    0.99546E-05    0.41674E+00
    0.10055E-04    0.42079E+00
    0.10156E-04    0.42487E+00
    0.10258E-04    0.42900E+00
    0.10361E-04    0.43317E+00
    0.10465E-04    0.43738E+00
    0.10570E-04    0.44162E+00
    0.10676E-04    0.44591E+00
    0.10784E-04    0.45025E+00
    0.10892E-04    0.45462E+00
    0.11002E-04    0.45904E+00
    0.11112E-04    0.46349E+00
    0.11224E-04    0.46800E+00
    0.11337E-04    0.47254E+00
    0.11451E-04    0.47713E+00
    0.11566E-04    0.48177E+00
    0.11682E-04    0.48645E+00
    0.11799E-04    0.49117E+00
    0.11918E-04    0.49594E+00
    0.12038E-04    0.50076E+00
    0.12159E-04    0.50563E+00
    0.12281E-04    0.51054E+00
    0.12404E-04    0.51550E+00
    0.12529E-04    0.52050E+00
    0.12655E-04    0.52556E+00
    0.12782E-04    0.53067E+00
    0.12910E-04    0.53582E+00
    0.13040E-04    0.54103E+00
    0.13171E-04    0.54628E+00
    0.13304E-04    0.55159E+00
    0.13437E-04    0.55694E+00
    0.13572E-04    0.56235E+00
    0.13709E-04    0.56782E+00
    0.13847E-04    0.57333E+00
    0.13986E-04    0.57890E+00
    0.14126E-04    0.58453E+00
    0.14268E-04    0.59020E+00
    0.14412E-04    0.59594E+00
    0.14556E-04    0.60173E+00
    0.14703E-04    0.60757E+00
    0.14851E-04    0.61347E+00
    0.15000E-04    0.61943E+00
    0.15151E-04    0.62545E+00
    0.15303E-04    0.63152E+00
    0.15457E-04    0.63766E+00
    0.15612E-04    0.64385E+00
    0.15769E-04    0.65011E+00
    0.15927E-04    0.65642E+00
    0.16087E-04    0.66280E+00
    0.16249E-04    0.66924E+00
    0.16412E-04    0.67574E+00
    0.16577E-04    0.68230E+00
    0.16744E-04    0.68893E+00
    0.16912E-04    0.69562E+00
    0.17082E-04    0.70238E+00
    0.17254E-04    0.70920E+00
    0.17427E-04    0.71609E+00
    0.17602E-04    0.72305E+00
    0.17779E-04    0.73007E+00
    0.17958E-04    0.73716E+00
    0.18138E-04    0.74432E+00
    0.18321E-04    0.75155E+00
    0.18505E-04    0.75885E+00
    0.18691E-04    0.76622E+00
    0.18879E-04    0.77367E+00
    0.19068E-04    0.78118E+00
    0.19260E-04    0.78877E+00
    0.19454E-04    0.79643E+00
    0.19649E-04    0.80417E+00
    0.19847E-04    0.81198E+00
    0.20046E-04    0.81987E+00
    0.20248E-04    0.82783E+00
    0.20451E-04    0.83587E+00
    0.20657E-04    0.84399E+00
    0.20864E-04    0.85219E+00
    0.21074E-04    0.86047E+00
    0.21286E-04    0.86882E+00
    0.21500E-04    0.87726E+00
    0.21716E-04    0.88579E+00
    0.21934E-04    0.89439E+00
    0.22154E-04    0.90308E+00
    0.22377E-04    0.91185E+00
    0.22602E-04    0.92071E+00
    0.22829E-04    0.92965E+00
    0.23059E-04    0.93868E+00
    0.23290E-04    0.94780E+00
    0.23524E-04    0.95701E+00
    0.23761E-04    0.96630E+00
    0.24000E-04    0.97569E+00
    0.24241E-04    0.98517E+00
    0.24484E-04    0.99473E+00
    0.24730E-04    0.10044E+01
    0.24979E-04    0.10142E+01
    0.25230E-04    0.10240E+01
    0.25484E-04    0.10340E+01
    0.25740E-04    0.10440E+01
    0.25998E-04    0.10541E+01
    0.26260E-04    0.10644E+01
    0.26524E-04    0.10747E+01
    0.26790E-04    0.10852E+01
    0.27059E-04    0.10957E+01
    0.27331E-04    0.11063E+01
    0.27606E-04    0.11171E+01
    0.27883E-04    0.11279E+01
    0.28164E-04    0.11389E+01
    0.28447E-04    0.11500E+01
    0.28733E-04    0.11611E+01
    0.29021E-04    0.11724E+01
    0.29313E-04    0.11838E+01
    0.29608E-04    0.11953E+01
    0.29905E-04    0.12069E+01
    0.30206E-04    0.12186E+01
    0.30509E-04    0.12305E+01
    0.30816E-04    0.12424E+01
    0.31126E-04    0.12545E+01
    0.31439E-04    0.12667E+01
    0.31755E-04    0.12790E+01
    0.32074E-04    0.12914E+01
    0.32396E-04    0.13039E+01
    0.32722E-04    0.13166E+01
    0.33050E-04    0.13294E+01
    0.33383E-04    0.13423E+01
    0.33718E-04    0.13553E+01
    0.34057E-04    0.13685E+01
    0.34399E-04    0.13818E+01
    0.34745E-04    0.13952E+01
    0.35094E-04    0.14088E+01
    0.35447E-04    0.14225E+01
    0.35803E-04    0.14363E+01
    0.36163E-04    0.14502E+01
    0.36526E-04    0.14643E+01
    0.36893E-04    0.14785E+01
    0.37264E-04    0.14929E+01
    0.37639E-04    0.15074E+01
    0.38017E-04    0.15220E+01
    0.38399E-04    0.15368E+01
    0.38785E-04    0.15517E+01
    0.39175E-04    0.15668E+01
    0.39569E-04    0.15820E+01
    0.39966E-04    0.15974E+01
    0.40368E-04    0.16129E+01
    0.40774E-04    0.16286E+01
    0.41183E-04    0.16444E+01
    0.41597E-04    0.16604E+01
    0.42015E-04    0.16765E+01
    0.42438E-04    0.16928E+01
    0.42864E-04    0.17092E+01
    0.43295E-04    0.17258E+01
    0.43730E-04    0.17426E+01
    0.44170E-04    0.17595E+01
    0.44613E-04    0.17766E+01
    0.45062E-04    0.17939E+01
    0.45515E-04    0.18113E+01
    0.45972E-04    0.18289E+01
    0.46434E-04    0.18466E+01
    0.46901E-04    0.18646E+01
    0.47372E-04    0.18827E+01
    0.47848E-04    0.19010E+01
    0.48329E-04    0.19194E+01
    0.48815E-04    0.19381E+01
    0.49305E-04    0.19569E+01
    0.49801E-04    0.19759E+01
    0.50301E-04    0.19951E+01
    0.50807E-04    0.20145E+01
    0.51318E-04    0.20340E+01
    0.51833E-04    0.20538E+01
    0.52354E-04    0.20738E+01
    0.52880E-04    0.20939E+01
    0.53412E-04    0.21142E+01
    0.53949E-04    0.21348E+01
    0.54491E-04    0.21555E+01
    0.55039E-04    0.21764E+01
    0.55592E-04    0.21976E+01
    0.56150E-04    0.22189E+01
    0.56715E-04    0.22405E+01
    0.57285E-04    0.22622E+01
    0.57860E-04    0.22842E+01
    0.58442E-04    0.23064E+01
    0.59029E-04    0.23288E+01
    0.59623E-04    0.23514E+01
    0.60222E-04    0.23742E+01
    0.60827E-04    0.23973E+01
    0.61438E-04    0.24206E+01
    0.62056E-04    0.24441E+01
    0.62680E-04    0.24678E+01
    0.63309E-04    0.24918E+01
    0.63946E-04    0.25160E+01
    0.64588E-04    0.25404E+01
    0.65237E-04    0.25651E+01
    0.65893E-04    0.25900E+01
    0.66555E-04    0.26152E+01
    0.67224E-04    0.26406E+01
    0.67900E-04    0.26662E+01
    0.68582E-04    0.26921E+01
    0.69272E-04    0.27182E+01
    0.69968E-04    0.27446E+01
    0.70671E-04    0.27713E+01
    0.71381E-04    0.27982E+01
    0.72099E-04    0.28254E+01
    0.72823E-04    0.28528E+01
    0.73555E-04    0.28805E+01
    0.74294E-04    0.29085E+01
    0.75041E-04    0.29367E+01
    0.75795E-04    0.29653E+01
    0.76557E-04    0.29941E+01
    0.77326E-04    0.30231E+01
    0.78103E-04    0.30525E+01
    0.78888E-04    0.30821E+01
    0.79681E-04    0.31121E+01
    0.80482E-04    0.31423E+01
    0.81291E-04    0.31728E+01
    0.82108E-04    0.32036E+01
    0.82933E-04    0.32347E+01
    0.83767E-04    0.32661E+01
    0.84608E-04    0.32978E+01
    0.85459E-04    0.33299E+01
    0.86318E-04    0.33622E+01
    0.87185E-04    0.33948E+01
    0.88061E-04    0.34278E+01
    0.88946E-04    0.34611E+01
    0.89840E-04    0.34947E+01
    0.90743E-04    0.35286E+01
    0.91655E-04    0.35629E+01
    0.92576E-04    0.35975E+01
    0.93507E-04    0.36324E+01
    0.94447E-04    0.36677E+01
    0.95396E-04    0.37033E+01
    0.96355E-04    0.37392E+01
    0.97323E-04    0.37756E+01
    0.98301E-04    0.38122E+01
    0.99289E-04    0.38492E+01
    0.10029E-03    0.38866E+01
    0.10129E-03    0.39243E+01
    0.10231E-03    0.39624E+01
    0.10334E-03    0.40009E+01
    0.10438E-03    0.40397E+01
    0.10543E-03    0.40790E+01
    0.10649E-03    0.41186E+01
    0.10756E-03    0.41585E+01
    0.10864E-03    0.41989E+01
    0.10973E-03    0.42397E+01
    0.11083E-03    0.42808E+01
    0.11195E-03    0.43224E+01
    0.11307E-03    0.43643E+01
    0.11421E-03    0.44067E+01
    0.11536E-03    0.44495E+01
    0.11652E-03    0.44927E+01
    0.11769E-03    0.45363E+01
    0.11887E-03    0.45803E+01
    0.12007E-03    0.46248E+01
    0.12127E-03    0.46697E+01
    0.12249E-03    0.47150E+01
    0.12372E-03    0.47608E+01
    0.12497E-03    0.48070E+01
    0.12622E-03    0.48536E+01
    0.12749E-03    0.49007E+01
    0.12877E-03    0.49483E+01
    0.13007E-03    0.49963E+01
    0.13137E-03    0.50448E+01
    0.13269E-03    0.50938E+01
    0.13403E-03    0.51432E+01
    0.13537E-03    0.51931E+01
    0.13673E-03    0.52435E+01
    0.13811E-03    0.52944E+01
    0.13950E-03    0.53458E+01
    0.14090E-03    0.53977E+01
    0.14231E-03    0.54501E+01
    0.14374E-03    0.55029E+01
    0.14519E-03    0.55563E+01
    0.14665E-03    0.56103E+01
    0.14812E-03    0.56647E+01
    0.14961E-03    0.57197E+01
    0.15111E-03    0.57752E+01
    0.15263E-03    0.58312E+01
    0.15417E-03    0.58878E+01
    0.15572E-03    0.59449E+01
    0.15728E-03    0.60026E+01
    0.15886E-03    0.60608E+01
    0.16046E-03    0.61196E+01
    0.16207E-03    0.61790E+01
    0.16370E-03    0.62389E+01
    0.16535E-03    0.62994E+01
    0.16701E-03    0.63605E+01
    0.16869E-03    0.64222E+01
    0.17038E-03    0.64845E+01
    0.17209E-03    0.65474E+01
    0.17382E-03    0.66109E+01
    0.17557E-03    0.66750E+01
    0.17733E-03    0.67398E+01
    0.17912E-03    0.68051E+01
    0.18092E-03    0.68711E+01
    0.18273E-03    0.69378E+01
    0.18457E-03    0.70050E+01
    0.18643E-03    0.70730E+01
    0.18830E-03    0.71415E+01
    0.19019E-03    0.72108E+01
    0.19210E-03    0.72807E+01
    0.19403E-03    0.73513E+01
    0.19598E-03    0.74226E+01
    0.19795E-03    0.74945E+01
    0.19994E-03    0.75672E+01
    0.20195E-03    0.76405E+01
    0.20398E-03    0.77146E+01
    0.20603E-03    0.77894E+01
    0.20810E-03    0.78649E+01
    0.21019E-03    0.79411E+01
    0.21231E-03    0.80181E+01
    0.21444E-03    0.80958E+01
    0.21660E-03    0.81742E+01
    0.21877E-03    0.82535E+01
    0.22097E-03    0.83334E+01
    0.22319E-03    0.84142E+01
    0.22544E-03    0.84957E+01
    0.22770E-03    0.85780E+01
    0.22999E-03    0.86611E+01
    0.23230E-03    0.87450E+01
    0.23464E-03    0.88298E+01
    0.23699E-03    0.89153E+01
    0.23938E-03    0.90016E+01
    0.24178E-03    0.90888E+01
    0.24421E-03    0.91769E+01
    0.24667E-03    0.92657E+01
    0.24914E-03    0.93555E+01
    0.25165E-03    0.94461E+01
    0.25418E-03    0.95375E+01
    0.25673E-03    0.96299E+01
    0.25931E-03    0.97231E+01
    0.26192E-03    0.98172E+01
    0.26455E-03    0.99123E+01
    0.26721E-03    0.10008E+02
    0.26990E-03    0.10105E+02
    0.27261E-03    0.10203E+02
    0.27535E-03    0.10302E+02
    0.27811E-03    0.10401E+02
    0.28091E-03    0.10502E+02
    0.28373E-03    0.10604E+02
    0.28658E-03    0.10706E+02
    0.28947E-03    0.10810E+02
    0.29237E-03    0.10914E+02
    0.29531E-03    0.11020E+02
    0.29828E-03    0.11126E+02
    0.30128E-03    0.11234E+02
    0.30431E-03    0.11343E+02
    0.30736E-03    0.11452E+02
    0.31045E-03    0.11563E+02
    0.31357E-03    0.11675E+02
    0.31673E-03    0.11788E+02
    0.31991E-03    0.11902E+02
    0.32312E-03    0.12017E+02
    0.32637E-03    0.12133E+02
    0.32965E-03    0.12250E+02
    0.33296E-03    0.12368E+02
    0.33631E-03    0.12488E+02
    0.33969E-03    0.12609E+02
    0.34310E-03    0.12730E+02
    0.34655E-03    0.12853E+02
    0.35004E-03    0.12977E+02
    0.35355E-03    0.13103E+02
    0.35711E-03    0.13229E+02
    0.36070E-03    0.13357E+02
    0.36432E-03    0.13486E+02
    0.36798E-03    0.13616E+02
    0.37168E-03    0.13747E+02
    0.37542E-03    0.13880E+02
    0.37919E-03    0.14014E+02
    0.38300E-03    0.14149E+02
    0.38685E-03    0.14286E+02
    0.39074E-03    0.14423E+02
    0.39466E-03    0.14562E+02
    0.39863E-03    0.14703E+02
    0.40264E-03    0.14845E+02
    0.40668E-03    0.14988E+02
    0.41077E-03    0.15132E+02
    0.41490E-03    0.15278E+02
    0.41907E-03    0.15425E+02
    0.42328E-03    0.15574E+02
    0.42753E-03    0.15724E+02
    0.43183E-03    0.15875E+02
    0.43617E-03    0.16028E+02
    0.44055E-03    0.16182E+02
    0.44498E-03    0.16338E+02
    0.44945E-03    0.16495E+02
    0.45397E-03    0.16654E+02
    0.45853E-03    0.16814E+02
    0.46314E-03    0.16976E+02
    0.46780E-03    0.17139E+02
    0.47250E-03    0.17304E+02
    0.47725E-03    0.17470E+02
    0.48204E-03    0.17638E+02
    0.48689E-03    0.17808E+02
    0.49178E-03    0.17979E+02
    0.49672E-03    0.18152E+02
    0.50172E-03    0.18326E+02
    0.50676E-03    0.18502E+02
    0.51185E-03    0.18679E+02
    0.51700E-03    0.18859E+02
    0.52219E-03    0.19040E+02
    0.52744E-03    0.19222E+02
    0.53274E-03    0.19407E+02
    0.53809E-03    0.19593E+02
    0.54350E-03    0.19781E+02
    0.54896E-03    0.19970E+02
    0.55448E-03    0.20162E+02
    0.56005E-03    0.20355E+02
    0.56568E-03    0.20550E+02
    0.57137E-03    0.20747E+02
    0.57711E-03    0.20945E+02
    0.58291E-03    0.21146E+02
    0.58877E-03    0.21348E+02
    0.59469E-03    0.21552E+02
    0.60066E-03    0.21758E+02
    0.60670E-03    0.21966E+02
    0.61280E-03    0.22176E+02
    0.61896E-03    0.22388E+02
    0.62518E-03    0.22602E+02
    0.63146E-03    0.22818E+02
    0.63781E-03    0.23036E+02
    0.64422E-03    0.23256E+02
    0.65069E-03    0.23478E+02
    0.65723E-03    0.23702E+02
    0.66384E-03    0.23928E+02
    0.67051E-03    0.24156E+02
    0.67725E-03    0.24386E+02
    0.68405E-03    0.24618E+02
    0.69093E-03    0.24853E+02
    0.69787E-03    0.25089E+02
    0.70488E-03    0.25328E+02
    0.71197E-03    0.25569E+02
    0.71912E-03    0.25812E+02
    0.72635E-03    0.26058E+02
    0.73365E-03    0.26306E+02
    0.74102E-03    0.26555E+02
    0.74847E-03    0.26808E+02
    0.75599E-03    0.27062E+02
    0.76359E-03    0.27319E+02
    0.77127E-03    0.27578E+02
    0.77902E-03    0.27840E+02
    0.78685E-03    0.28104E+02
    0.79476E-03    0.28370E+02
    0.80274E-03    0.28639E+02
    0.81081E-03    0.28910E+02
    0.81896E-03    0.29184E+02
    0.82719E-03    0.29460E+02
    0.83550E-03    0.29738E+02
    0.84390E-03    0.30019E+02
    0.85238E-03    0.30303E+02
    0.86095E-03    0.30589E+02
    0.86960E-03    0.30878E+02
    0.87834E-03    0.31170E+02
    0.88717E-03    0.31464E+02
    0.89608E-03    0.31760E+02
    0.90509E-03    0.32059E+02
    0.91419E-03    0.32361E+02
    0.92337E-03    0.32666E+02
    0.93265E-03    0.32973E+02
    0.94203E-03    0.33284E+02
    0.95149E-03    0.33596E+02
    0.96106E-03    0.33912E+02
    0.97072E-03    0.34231E+02
    0.98047E-03    0.34552E+02
    0.99033E-03    0.34876E+02
    0.10003E-02    0.35203E+02
    0.10103E-02    0.35533E+02
    0.10205E-02    0.35866E+02
    0.10307E-02    0.36202E+02
    0.10411E-02    0.36540E+02
    0.10516E-02    0.36882E+02
    0.10621E-02    0.37226E+02
    0.10728E-02    0.37574E+02
    0.10836E-02    0.37925E+02
    0.10945E-02    0.38279E+02
    0.11055E-02    0.38635E+02
    0.11166E-02    0.38995E+02
    0.11278E-02    0.39359E+02
    0.11391E-02    0.39725E+02
    0.11506E-02    0.40094E+02
    0.11622E-02    0.40467E+02
    0.11738E-02    0.40843E+02
    0.11856E-02    0.41222E+02
    0.11976E-02    0.41604E+02
    0.12096E-02    0.41989E+02
    0.12217E-02    0.42378E+02
    0.12340E-02    0.42771E+02
    0.12464E-02    0.43166E+02
    0.12590E-02    0.43565E+02
    0.12716E-02    0.43967E+02
    0.12844E-02    0.44373E+02
    0.12973E-02    0.44782E+02
    0.13103E-02    0.45195E+02
    0.13235E-02    0.45611E+02
    0.13368E-02    0.46030E+02
    0.13502E-02    0.46454E+02
    0.13638E-02    0.46880E+02
    0.13775E-02    0.47311E+02
    0.13914E-02    0.47744E+02
    0.14053E-02    0.48182E+02
    0.14195E-02    0.48623E+02
    0.14337E-02    0.49068E+02
    0.14481E-02    0.49516E+02
    0.14627E-02    0.49968E+02
    0.14774E-02    0.50424E+02
    0.14922E-02    0.50883E+02
    0.15072E-02    0.51347E+02
    0.15224E-02    0.51814E+02
    0.15377E-02    0.52285E+02
    0.15531E-02    0.52759E+02
    0.15687E-02    0.53238E+02
    0.15845E-02    0.53720E+02
    0.16004E-02    0.54207E+02
    0.16165E-02    0.54697E+02
    0.16328E-02    0.55191E+02
    0.16492E-02    0.55689E+02
    0.16658E-02    0.56191E+02
    0.16825E-02    0.56697E+02
    0.16994E-02    0.57207E+02
    0.17165E-02    0.57721E+02
    0.17337E-02    0.58240E+02
    0.17512E-02    0.58762E+02
    0.17688E-02    0.59288E+02
    0.17865E-02    0.59818E+02
    0.18045E-02    0.60353E+02
    0.18226E-02    0.60892E+02
    0.18409E-02    0.61435E+02
    0.18594E-02    0.61982E+02
    0.18781E-02    0.62533E+02
    0.18970E-02    0.63088E+02
    0.19161E-02    0.63648E+02
    0.19353E-02    0.64212E+02
    0.19548E-02    0.64780E+02
    0.19744E-02    0.65352E+02
    0.19943E-02    0.65929E+02
    0.20143E-02    0.66510E+02
    0.20346E-02    0.67096E+02
    0.20550E-02    0.67685E+02
    0.20757E-02    0.68279E+02
    0.20965E-02    0.68878E+02
    0.21176E-02    0.69481E+02
    0.21389E-02    0.70088E+02
    0.21604E-02    0.70700E+02
    0.21821E-02    0.71316E+02
    0.22040E-02    0.71936E+02
    0.22262E-02    0.72561E+02
    0.22485E-02    0.73191E+02
    0.22711E-02    0.73825E+02
    0.22940E-02    0.74463E+02
    0.23170E-02    0.75106E+02
    0.23403E-02    0.75754E+02
    0.23638E-02    0.76406E+02
    0.23876E-02    0.77062E+02
    0.24116E-02    0.77723E+02
    0.24358E-02    0.78389E+02
    0.24603E-02    0.79059E+02
    0.24850E-02    0.79733E+02
    0.25100E-02    0.80413E+02
    0.25352E-02    0.81097E+02
    0.25607E-02    0.81785E+02
    0.25864E-02    0.82478E+02
    0.26124E-02    0.83175E+02
    0.26387E-02    0.83877E+02
    0.26652E-02    0.84584E+02
    0.26920E-02    0.85295E+02
    0.27190E-02    0.86011E+02
    0.27464E-02    0.86732E+02
    0.27740E-02    0.87457E+02
    0.28018E-02    0.88187E+02
    0.28300E-02    0.88921E+02
    0.28584E-02    0.89660E+02
    0.28872E-02    0.90403E+02
    0.29162E-02    0.91151E+02
    0.29455E-02    0.91903E+02
    0.29751E-02    0.92661E+02
    0.30050E-02    0.93422E+02
    0.30352E-02    0.94188E+02
    0.30657E-02    0.94959E+02
    0.30965E-02    0.95735E+02
    0.31276E-02    0.96514E+02
    0.31591E-02    0.97299E+02
    0.31908E-02    0.98088E+02
    0.32229E-02    0.98881E+02
    0.32553E-02    0.99679E+02
    0.32880E-02    0.10048E+03
    0.33210E-02    0.10129E+03
    0.33544E-02    0.10210E+03
    0.33881E-02    0.10291E+03
    0.34222E-02    0.10373E+03
    0.34566E-02    0.10456E+03
    0.34913E-02    0.10539E+03
    0.35264E-02    0.10622E+03
    0.35618E-02    0.10706E+03
    0.35976E-02    0.10790E+03
    0.36338E-02    0.10874E+03
    0.36703E-02    0.10959E+03
    0.37072E-02    0.11045E+03
    0.37445E-02    0.11131E+03
    0.37821E-02    0.11217E+03
    0.38201E-02    0.11304E+03
    0.38585E-02    0.11391E+03
    0.38973E-02    0.11478E+03
    0.39364E-02    0.11566E+03
    0.39760E-02    0.11654E+03
    0.40160E-02    0.11743E+03
    0.40563E-02    0.11832E+03
    0.40971E-02    0.11922E+03
    0.41383E-02    0.12011E+03
    0.41799E-02    0.12102E+03
    0.42219E-02    0.12192E+03
    0.42643E-02    0.12283E+03
    0.43072E-02    0.12374E+03
    0.43504E-02    0.12466E+03
    0.43942E-02    0.12558E+03
    0.44383E-02    0.12650E+03
    0.44829E-02    0.12743E+03
    0.45280E-02    0.12836E+03
    0.45735E-02    0.12929E+03
    0.46195E-02    0.13023E+03
    0.46659E-02    0.13117E+03
    0.47128E-02    0.13211E+03
    0.47601E-02    0.13306E+03
    0.48080E-02    0.13401E+03
    0.48563E-02    0.13496E+03
    0.49051E-02    0.13591E+03
    0.49544E-02    0.13687E+03
    0.50042E-02    0.13783E+03
    0.50545E-02    0.13879E+03
    0.51053E-02    0.13976E+03
    0.51566E-02    0.14073E+03
    0.52084E-02    0.14170E+03
    0.52608E-02    0.14267E+03
    0.53137E-02    0.14364E+03
    0.53671E-02    0.14462E+03
    0.54210E-02    0.14560E+03
    0.54755E-02    0.14658E+03
    0.55305E-02    0.14756E+03
    0.55861E-02    0.14854E+03
    0.56422E-02    0.14953E+03
    0.56989E-02    0.15052E+03
    0.57562E-02    0.15151E+03
    0.58141E-02    0.15249E+03
    0.58725E-02    0.15349E+03
    0.59315E-02    0.15448E+03
    0.59911E-02    0.15547E+03
    0.60513E-02    0.15646E+03
    0.61122E-02    0.15746E+03
    0.61736E-02    0.15845E+03
    0.62356E-02    0.15945E+03
    0.62983E-02    0.16045E+03
    0.63616E-02    0.16144E+03
    0.64255E-02    0.16244E+03
    0.64901E-02    0.16343E+03
    0.65553E-02    0.16443E+03
    0.66212E-02    0.16543E+03
    0.66878E-02    0.16642E+03
    0.67550E-02    0.16742E+03
    0.68229E-02    0.16841E+03
    0.68914E-02    0.16940E+03
    0.69607E-02    0.17040E+03
    0.70306E-02    0.17139E+03
    0.71013E-02    0.17238E+03
    0.71727E-02    0.17336E+03
    0.72448E-02    0.17435E+03
    0.73176E-02    0.17534E+03
    0.73911E-02    0.17632E+03
    0.74654E-02    0.17730E+03
    0.75404E-02    0.17828E+03
    0.76162E-02    0.17925E+03
    0.76928E-02    0.18023E+03
    0.77701E-02    0.18120E+03
    0.78482E-02    0.18216E+03
    0.79270E-02    0.18313E+03
    0.80067E-02    0.18409E+03
    0.80872E-02    0.18504E+03
    0.81684E-02    0.18600E+03
    0.82505E-02    0.18695E+03
    0.83335E-02    0.18789E+03
    0.84172E-02    0.18883E+03
    0.85018E-02    0.18977E+03
    0.85873E-02    0.19070E+03
    0.86736E-02    0.19162E+03
    0.87607E-02    0.19254E+03
    0.88488E-02    0.19346E+03
    0.89377E-02    0.19437E+03
    0.90275E-02    0.19527E+03
    0.91183E-02    0.19617E+03
    0.92099E-02    0.19706E+03
    0.93025E-02    0.19794E+03
    0.93960E-02    0.19882E+03
    0.94904E-02    0.19969E+03
    0.95858E-02    0.20055E+03
    0.96821E-02    0.20141E+03
    0.97794E-02    0.20226E+03
    0.98777E-02    0.20310E+03
    0.99770E-02    0.20393E+03
    0.10077E-01    0.20475E+03
    0.10179E-01    0.20556E+03
    0.10281E-01    0.20637E+03
    0.10384E-01    0.20716E+03
    0.10489E-01    0.20795E+03
    0.10594E-01    0.20872E+03
    0.10700E-01    0.20949E+03
    0.10808E-01    0.21024E+03
    0.10917E-01    0.21098E+03
    0.11026E-01    0.21172E+03
    0.11137E-01    0.21244E+03
    0.11249E-01    0.21315E+03
    0.11362E-01    0.21384E+03
    0.11476E-01    0.21453E+03
    0.11592E-01    0.21520E+03
    0.11708E-01    0.21586E+03
    0.11826E-01    0.21651E+03
    0.11945E-01    0.21714E+03
    0.12065E-01    0.21776E+03
    0.12186E-01    0.21837E+03
    0.12308E-01    0.21896E+03
    0.12432E-01    0.21954E+03
    0.12557E-01    0.22010E+03
    0.12683E-01    0.22064E+03
    0.12811E-01    0.22118E+03
    0.12939E-01    0.22169E+03
    0.13069E-01    0.22219E+03
    0.13201E-01    0.22267E+03
    0.13333E-01    0.22314E+03
    0.13468E-01    0.22358E+03
    0.13603E-01    0.22402E+03
    0.13740E-01    0.22443E+03
    0.13878E-01    0.22482E+03
    0.14017E-01    0.22520E+03
    0.14158E-01    0.22556E+03
    0.14300E-01    0.22590E+03
    0.14444E-01    0.22622E+03
    0.14589E-01    0.22652E+03
    0.14736E-01    0.22679E+03
    0.14884E-01    0.22705E+03
    0.15033E-01    0.22729E+03
    0.15185E-01    0.22751E+03
    0.15337E-01    0.22771E+03
    0.15491E-01    0.22788E+03
    0.15647E-01    0.22804E+03
    0.15804E-01    0.22817E+03
    0.15963E-01    0.22828E+03
    0.16124E-01    0.22836E+03
    0.16286E-01    0.22842E+03
    0.16449E-01    0.22846E+03
    0.16615E-01    0.22848E+03
    0.16782E-01    0.22847E+03
    0.16950E-01    0.22844E+03
    0.17121E-01    0.22839E+03
    0.17293E-01    0.22831E+03
    0.17466E-01    0.22820E+03
    0.17642E-01    0.22807E+03
    0.17819E-01    0.22791E+03
    0.17998E-01    0.22773E+03
    0.18179E-01    0.22753E+03
    0.18362E-01    0.22729E+03
    0.18546E-01    0.22704E+03
    0.18733E-01    0.22675E+03
    0.18921E-01    0.22644E+03
    0.19111E-01    0.22610E+03
    0.19303E-01    0.22574E+03
    0.19497E-01    0.22534E+03
    0.19693E-01    0.22493E+03
    0.19891E-01    0.22448E+03
    0.20091E-01    0.22401E+03
    0.20293E-01    0.22351E+03
    0.20497E-01    0.22298E+03
    0.20703E-01    0.22243E+03
    0.20911E-01    0.22184E+03
    0.21121E-01    0.22123E+03
    0.21334E-01    0.22060E+03
    0.21548E-01    0.21993E+03
    0.21764E-01    0.21924E+03
    0.21983E-01    0.21852E+03
    0.22204E-01    0.21778E+03
    0.22427E-01    0.21700E+03
    0.22653E-01    0.21620E+03
    0.22880E-01    0.21537E+03
    0.23110E-01    0.21452E+03
    0.23343E-01    0.21364E+03
    0.23577E-01    0.21273E+03
    0.23814E-01    0.21180E+03
    0.24053E-01    0.21084E+03
    0.24295E-01    0.20986E+03
    0.24539E-01    0.20885E+03
    0.24786E-01    0.20781E+03
    0.25035E-01    0.20675E+03
    0.25287E-01    0.20567E+03
    0.25541E-01    0.20456E+03
    0.25798E-01    0.20343E+03
    0.26057E-01    0.20228E+03
    0.26319E-01    0.20110E+03
    0.26583E-01    0.19991E+03
    0.26850E-01    0.19869E+03
    0.27120E-01    0.19745E+03
    0.27393E-01    0.19619E+03
    0.27668E-01    0.19491E+03
    0.27946E-01    0.19361E+03
    0.28227E-01    0.19229E+03
    0.28511E-01    0.19095E+03
    0.28797E-01    0.18960E+03
    0.29087E-01    0.18823E+03
    0.29379E-01    0.18685E+03
    0.29674E-01    0.18545E+03
    0.29972E-01    0.18404E+03
    0.30274E-01    0.18261E+03
    0.30578E-01    0.18117E+03
    0.30885E-01    0.17973E+03
    0.31196E-01    0.17827E+03
    0.31509E-01    0.17680E+03
    0.31826E-01    0.17532E+03
    0.32146E-01    0.17383E+03
    0.32469E-01    0.17234E+03
    0.32795E-01    0.17084E+03
    0.33125E-01    0.16934E+03
    0.33458E-01    0.16783E+03
    0.33794E-01    0.16632E+03
    0.34133E-01    0.16481E+03
    0.34477E-01    0.16330E+03
    0.34823E-01    0.16179E+03
    0.35173E-01    0.16028E+03
    0.35526E-01    0.15877E+03
    0.35884E-01    0.15727E+03
    0.36244E-01    0.15577E+03
    0.36608E-01    0.15427E+03
    0.36976E-01    0.15279E+03
    0.37348E-01    0.15131E+03
    0.37723E-01    0.14983E+03
    0.38102E-01    0.14837E+03
    0.38485E-01    0.14692E+03
    0.38872E-01    0.14548E+03
    0.39263E-01    0.14405E+03
    0.39657E-01    0.14264E+03
    0.40056E-01    0.14124E+03
    0.40459E-01    0.13985E+03
    0.40865E-01    0.13848E+03
    0.41276E-01    0.13713E+03
    0.41691E-01    0.13579E+03
    0.42110E-01    0.13448E+03
    0.42533E-01    0.13318E+03
    0.42960E-01    0.13190E+03
    0.43392E-01    0.13065E+03
    0.43828E-01    0.12941E+03
    0.44269E-01    0.12820E+03
    0.44714E-01    0.12700E+03
    0.45163E-01    0.12583E+03
    0.45617E-01    0.12468E+03
    0.46075E-01    0.12356E+03
    0.46538E-01    0.12245E+03
    0.47006E-01    0.12137E+03
    0.47479E-01    0.12032E+03
    0.47956E-01    0.11928E+03
    0.48438E-01    0.11827E+03
    0.48925E-01    0.11729E+03
    0.49416E-01    0.11632E+03
    0.49913E-01    0.11538E+03
    0.50415E-01    0.11446E+03
    0.50921E-01    0.11356E+03
    0.51433E-01    0.11269E+03
    0.51950E-01    0.11183E+03
    0.52472E-01    0.11100E+03
    0.52999E-01    0.11018E+03
    0.53532E-01    0.10939E+03
    0.54070E-01    0.10861E+03
    0.54613E-01    0.10784E+03
    0.55162E-01    0.10710E+03
    0.55717E-01    0.10636E+03
    0.56277E-01    0.10564E+03
    0.56842E-01    0.10494E+03
    0.57413E-01    0.10424E+03
    0.57990E-01    0.10355E+03
    0.58573E-01    0.10287E+03
    0.59162E-01    0.10219E+03
    0.59757E-01    0.10152E+03
    0.60357E-01    0.10085E+03
    0.60964E-01    0.10019E+03
    0.61576E-01    0.99517E+02
    0.62195E-01    0.98845E+02
    0.62820E-01    0.98169E+02
    0.63452E-01    0.97486E+02
    0.64089E-01    0.96795E+02
    0.64734E-01    0.96095E+02
    0.65384E-01    0.95383E+02
    0.66041E-01    0.94657E+02
    0.66705E-01    0.93917E+02
    0.67375E-01    0.93160E+02
    0.68052E-01    0.92384E+02
    0.68736E-01    0.91590E+02
    0.69427E-01    0.90774E+02
    0.70125E-01    0.89936E+02
    0.70830E-01    0.89076E+02
    0.71542E-01    0.88192E+02
    0.72261E-01    0.87283E+02
    0.72987E-01    0.86350E+02
    0.73720E-01    0.85391E+02
    0.74461E-01    0.84407E+02
    0.75210E-01    0.83398E+02
    0.75965E-01    0.82364E+02
    0.76729E-01    0.81306E+02
    0.77500E-01    0.80225E+02
    0.78279E-01    0.79121E+02
    0.79066E-01    0.77996E+02
    0.79860E-01    0.76852E+02
    0.80663E-01    0.75690E+02
    0.81474E-01    0.74512E+02
    0.82292E-01    0.73320E+02
    0.83119E-01    0.72117E+02
    0.83955E-01    0.70905E+02
    0.84799E-01    0.69687E+02
    0.85651E-01    0.68467E+02
    0.86512E-01    0.67246E+02
    0.87381E-01    0.66028E+02
    0.88259E-01    0.64816E+02
    0.89146E-01    0.63612E+02
    0.90042E-01    0.62421E+02
    0.90947E-01    0.61244E+02
    0.91861E-01    0.60086E+02
    0.92784E-01    0.58949E+02
    0.93717E-01    0.57836E+02
    0.94659E-01    0.56749E+02
    0.95610E-01    0.55691E+02
    0.96571E-01    0.54665E+02
    0.97542E-01    0.53673E+02
    0.98522E-01    0.52716E+02
    0.99512E-01    0.51795E+02
    0.10051E+00    0.50913E+02
    0.10152E+00    0.50069E+02
    0.10254E+00    0.49266E+02
    0.10357E+00    0.48502E+02
    0.10461E+00    0.47779E+02
    0.10567E+00    0.47095E+02
    0.10673E+00    0.46451E+02
    0.10780E+00    0.45844E+02
    0.10888E+00    0.45273E+02
    0.10998E+00    0.44737E+02
    0.11108E+00    0.44234E+02
    0.11220E+00    0.43761E+02
    0.11333E+00    0.43314E+02
    0.11447E+00    0.42893E+02
    0.11562E+00    0.42493E+02
    0.11678E+00    0.42110E+02
    0.11795E+00    0.41741E+02
    0.11914E+00    0.41382E+02
    0.12033E+00    0.41029E+02
    0.12154E+00    0.40677E+02
    0.12277E+00    0.40322E+02
    0.12400E+00    0.39961E+02
    0.12525E+00    0.39590E+02
    0.12650E+00    0.39206E+02
    0.12778E+00    0.38806E+02
    0.12906E+00    0.38386E+02
    0.13036E+00    0.37945E+02
    0.13167E+00    0.37480E+02
    0.13299E+00    0.36991E+02
    0.13433E+00    0.36475E+02
    0.13568E+00    0.35933E+02
    0.13704E+00    0.35366E+02
    0.13842E+00    0.34773E+02
    0.13981E+00    0.34158E+02
    0.14121E+00    0.33523E+02
    0.14263E+00    0.32871E+02
    0.14407E+00    0.32204E+02
    0.14551E+00    0.31528E+02
    0.14698E+00    0.30847E+02
    0.14845E+00    0.30164E+02
    0.14995E+00    0.29484E+02
    0.15145E+00    0.28812E+02
    0.15298E+00    0.28151E+02
    0.15451E+00    0.27506E+02
    0.15607E+00    0.26882E+02
    0.15763E+00    0.26281E+02
    0.15922E+00    0.25707E+02
    0.16082E+00    0.25162E+02
    0.16244E+00    0.24649E+02
    0.16407E+00    0.24169E+02
    0.16572E+00    0.23721E+02
    0.16738E+00    0.23307E+02
    0.16906E+00    0.22924E+02
    0.17076E+00    0.22572E+02
    0.17248E+00    0.22248E+02
    0.17421E+00    0.21950E+02
    0.17596E+00    0.21676E+02
    0.17773E+00    0.21420E+02
    0.17952E+00    0.21179E+02
    0.18132E+00    0.20949E+02
    0.18315E+00    0.20725E+02
    0.18499E+00    0.20502E+02
    0.18684E+00    0.20277E+02
    0.18872E+00    0.20044E+02
    0.19062E+00    0.19802E+02
    0.19254E+00    0.19546E+02
    0.19447E+00    0.19275E+02
    0.19642E+00    0.18987E+02
    0.19840E+00    0.18680E+02
    0.20039E+00    0.18356E+02
    0.20241E+00    0.18015E+02
    0.20444E+00    0.17660E+02
    0.20650E+00    0.17292E+02
    0.20857E+00    0.16916E+02
    0.21067E+00    0.16535E+02
    0.21278E+00    0.16152E+02
    0.21492E+00    0.15773E+02
    0.21708E+00    0.15400E+02
    0.21926E+00    0.15039E+02
    0.22147E+00    0.14691E+02
    0.22369E+00    0.14361E+02
    0.22594E+00    0.14050E+02
    0.22821E+00    0.13760E+02
    0.23051E+00    0.13490E+02
    0.23282E+00    0.13241E+02
    0.23516E+00    0.13012E+02
    0.23753E+00    0.12801E+02
    0.23991E+00    0.12606E+02
    0.24232E+00    0.12423E+02
    0.24476E+00    0.12249E+02
    0.24722E+00    0.12082E+02
    0.24970E+00    0.11916E+02
    0.25221E+00    0.11750E+02
    0.25475E+00    0.11579E+02
    0.25731E+00    0.11403E+02
    0.25990E+00    0.11218E+02
    0.26251E+00    0.11024E+02
    0.26515E+00    0.10821E+02
    0.26781E+00    0.10610E+02
    0.27050E+00    0.10392E+02
    0.27322E+00    0.10169E+02
    0.27597E+00    0.99430E+01
    0.27874E+00    0.97178E+01
    0.28154E+00    0.94956E+01
    0.28437E+00    0.92793E+01
    0.28723E+00    0.90713E+01
    0.29012E+00    0.88733E+01
    0.29303E+00    0.86864E+01
    0.29598E+00    0.85112E+01
    0.29895E+00    0.83475E+01
    0.30196E+00    0.81946E+01
    0.30499E+00    0.80510E+01
    0.30806E+00    0.79149E+01
    0.31115E+00    0.77840E+01
    0.31428E+00    0.76561E+01
    0.31744E+00    0.75293E+01
    0.32063E+00    0.74016E+01
    0.32385E+00    0.72716E+01
    0.32710E+00    0.71381E+01
    0.33039E+00    0.70011E+01
    0.33371E+00    0.68609E+01
    0.33707E+00    0.67182E+01
    0.34045E+00    0.65744E+01
    0.34388E+00    0.64308E+01
    0.34733E+00    0.62891E+01
    0.35082E+00    0.61511E+01
    0.35435E+00    0.60178E+01
    0.35791E+00    0.58901E+01
    0.36151E+00    0.57686E+01
    0.36514E+00    0.56533E+01
    0.36881E+00    0.55437E+01
    0.37252E+00    0.54389E+01
    0.37626E+00    0.53378E+01
    0.38004E+00    0.52393E+01
    0.38386E+00    0.51421E+01
    0.38772E+00    0.50452E+01
    0.39162E+00    0.49479E+01
    0.39555E+00    0.48499E+01
    0.39953E+00    0.47512E+01
    0.40354E+00    0.46521E+01
    0.40760E+00    0.45532E+01
    0.41169E+00    0.44554E+01
    0.41583E+00    0.43594E+01
    0.42001E+00    0.42660E+01
    0.42423E+00    0.41756E+01
    0.42849E+00    0.40886E+01
    0.43280E+00    0.40049E+01
    0.43715E+00    0.39242E+01
    0.44154E+00    0.38460E+01
    0.44598E+00    0.37698E+01
    0.45046E+00    0.36949E+01
    0.45499E+00    0.36209E+01
    0.45956E+00    0.35474E+01
    0.46418E+00    0.34742E+01
    0.46885E+00    0.34014E+01
    0.47356E+00    0.33294E+01
    0.47832E+00    0.32583E+01
    0.48313E+00    0.31886E+01
    0.48798E+00    0.31205E+01
    0.49289E+00    0.30544E+01
    0.49784E+00    0.29901E+01
    0.50284E+00    0.29278E+01
    0.50790E+00    0.28671E+01
    0.51300E+00    0.28078E+01
    0.51816E+00    0.27496E+01
    0.52337E+00    0.26924E+01
    0.52862E+00    0.26359E+01
    0.53394E+00    0.25801E+01
    0.53930E+00    0.25251E+01
    0.54472E+00    0.24710E+01
    0.55020E+00    0.24179E+01
    0.55573E+00    0.23660E+01
    0.56131E+00    0.23154E+01
    0.56695E+00    0.22660E+01
    0.57265E+00    0.22178E+01
    0.57841E+00    0.21707E+01
    0.58422E+00    0.21245E+01
    0.59009E+00    0.20793E+01
    0.59602E+00    0.20348E+01
    0.60201E+00    0.19910E+01
    0.60806E+00    0.19481E+01
    0.61417E+00    0.19059E+01
    0.62035E+00    0.18646E+01
    0.62658E+00    0.18242E+01
    0.63288E+00    0.17847E+01
    0.63924E+00    0.17461E+01
    0.64566E+00    0.17084E+01
    0.65215E+00    0.16714E+01
    0.65871E+00    0.16352E+01
    0.66533E+00    0.15996E+01
    0.67201E+00    0.15648E+01
    0.67877E+00    0.15306E+01
    0.68559E+00    0.14971E+01
    0.69248E+00    0.14644E+01
    0.69944E+00    0.14323E+01
    0.70647E+00    0.14009E+01
    0.71357E+00    0.13702E+01
    0.72074E+00    0.13402E+01
    0.72798E+00    0.13107E+01
    0.73530E+00    0.12819E+01
    0.74269E+00    0.12537E+01
    0.75015E+00    0.12260E+01
    0.75769E+00    0.11989E+01
    0.76531E+00    0.11724E+01
    0.77300E+00    0.11465E+01
    0.78077E+00    0.11211E+01
    0.78862E+00    0.10962E+01
    0.79654E+00    0.10719E+01
    0.80455E+00    0.10481E+01
    0.81263E+00    0.10248E+01
    0.82080E+00    0.10019E+01
    0.82905E+00    0.97961E+00
    0.83738E+00    0.95775E+00
    0.84580E+00    0.93635E+00
    0.85430E+00    0.91541E+00
    0.86288E+00    0.89492E+00
    0.87155E+00    0.87487E+00
    0.88031E+00    0.85524E+00
    0.88916E+00    0.83604E+00
    0.89810E+00    0.81724E+00
    0.90712E+00    0.79886E+00
    0.91624E+00    0.78087E+00
    0.92545E+00    0.76326E+00
    0.93475E+00    0.74604E+00
    0.94414E+00    0.72920E+00
    0.95363E+00    0.71271E+00
    0.96322E+00    0.69658E+00
    0.97290E+00    0.68081E+00
    0.98268E+00    0.66537E+00
    0.99255E+00    0.65028E+00
    0.10025E+01    0.63551E+00
    0.10126E+01    0.62106E+00
    0.10228E+01    0.60693E+00
    0.10331E+01    0.59310E+00
    0.10434E+01    0.57958E+00
    0.10539E+01    0.56636E+00
    0.10645E+01    0.55342E+00
    0.10752E+01    0.54077E+00
    0.10860E+01    0.52840E+00
    0.10969E+01    0.51629E+00
    0.11080E+01    0.50446E+00
    0.11191E+01    0.49288E+00
    0.11303E+01    0.48157E+00
    0.11417E+01    0.47050E+00
    0.11532E+01    0.45967E+00
    0.11648E+01    0.44909E+00
    0.11765E+01    0.43874E+00
    0.11883E+01    0.42863E+00
    0.12002E+01    0.41874E+00
    0.12123E+01    0.40906E+00
    0.12245E+01    0.39961E+00
    0.12368E+01    0.39036E+00
    0.12492E+01    0.38132E+00
    0.12618E+01    0.37249E+00
    0.12745E+01    0.36385E+00
    0.12873E+01    0.35540E+00
    0.13002E+01    0.34714E+00
    0.13133E+01    0.33907E+00
    0.13265E+01    0.33118E+00
    0.13398E+01    0.32347E+00
    0.13533E+01    0.31593E+00
    0.13669E+01    0.30856E+00
    0.13806E+01    0.30135E+00
    0.13945E+01    0.29431E+00
    0.14085E+01    0.28743E+00
    0.14227E+01    0.28070E+00
    0.14370E+01    0.27413E+00
    0.14514E+01    0.26771E+00
    0.14660E+01    0.26143E+00
    0.14807E+01    0.25529E+00
    0.14956E+01    0.24930E+00
    0.15106E+01    0.24344E+00
    0.15258E+01    0.23771E+00
    0.15411E+01    0.23212E+00
    0.15566E+01    0.22665E+00
    0.15723E+01    0.22130E+00
    0.15881E+01    0.21608E+00
    0.16040E+01    0.21098E+00
    0.16202E+01    0.20600E+00
    0.16364E+01    0.20113E+00
    0.16529E+01    0.19637E+00
    0.16695E+01    0.19172E+00
    0.16863E+01    0.18717E+00
    0.17032E+01    0.18274E+00
    0.17203E+01    0.17840E+00
    0.17376E+01    0.17417E+00
    0.17551E+01    0.17003E+00
    0.17727E+01    0.16599E+00
    0.17906E+01    0.16204E+00
    0.18085E+01    0.15818E+00
    0.18267E+01    0.15441E+00
    0.18451E+01    0.15073E+00
    0.18636E+01    0.14713E+00
    0.18824E+01    0.14362E+00
    0.19013E+01    0.14019E+00
    0.19204E+01    0.13684E+00
    0.19397E+01    0.13356E+00
    0.19592E+01    0.13037E+00
    0.19789E+01    0.12725E+00
    0.19988E+01    0.12420E+00
    0.20188E+01    0.12122E+00
    0.20391E+01    0.11831E+00
    0.20596E+01    0.11547E+00
    0.20803E+01    0.11269E+00
    0.21012E+01    0.10998E+00
    0.21223E+01    0.10734E+00
    0.21437E+01    0.10475E+00
    0.21652E+01    0.10223E+00
    0.21870E+01    0.99766E-01
    0.22090E+01    0.97359E-01
    0.22312E+01    0.95010E-01
    0.22536E+01    0.92715E-01
    0.22762E+01    0.90475E-01
    0.22991E+01    0.88288E-01
    0.23222E+01    0.86152E-01
    0.23456E+01    0.84066E-01
    0.23691E+01    0.82030E-01
    0.23929E+01    0.80042E-01
    0.24170E+01    0.78101E-01
    0.24413E+01    0.76206E-01
    0.24658E+01    0.74356E-01
    0.24906E+01    0.72550E-01
    0.25156E+01    0.70787E-01
    0.25409E+01    0.69065E-01
    0.25664E+01    0.67385E-01
    0.25922E+01    0.65744E-01
    0.26183E+01    0.64142E-01
    0.26446E+01    0.62579E-01
    0.26712E+01    0.61053E-01
    0.26980E+01    0.59563E-01
    0.27252E+01    0.58109E-01
    0.27525E+01    0.56689E-01
    0.27802E+01    0.55304E-01
    0.28081E+01    0.53951E-01
    0.28364E+01    0.52631E-01
    0.28649E+01    0.51342E-01
    0.28937E+01    0.50085E-01
    0.29227E+01    0.48857E-01
    0.29521E+01    0.47659E-01
    0.29818E+01    0.46490E-01
    0.30118E+01    0.45349E-01
    0.30420E+01    0.44235E-01
    0.30726E+01    0.43148E-01
    0.31035E+01    0.42087E-01
    0.31347E+01    0.41052E-01
    0.31662E+01    0.40041E-01
    0.31980E+01    0.39055E-01
    0.32301E+01    0.38093E-01
    0.32626E+01    0.37154E-01
    0.32954E+01    0.36238E-01
    0.33285E+01    0.35344E-01
    0.33620E+01    0.34471E-01
    0.33957E+01    0.33620E-01
    0.34299E+01    0.32789E-01
    0.34643E+01    0.31978E-01
    0.34992E+01    0.31187E-01
    0.35343E+01    0.30415E-01
    0.35699E+01    0.29662E-01
    0.36057E+01    0.28927E-01
    0.36420E+01    0.28210E-01
    0.36786E+01    0.27511E-01
    0.37155E+01    0.26828E-01
    0.37529E+01    0.26162E-01
    0.37906E+01    0.25513E-01
    0.38287E+01    0.24879E-01
    0.38672E+01    0.24260E-01
    0.39060E+01    0.23657E-01
    0.39453E+01    0.23069E-01
    0.39849E+01    0.22494E-01
    0.40250E+01    0.21934E-01
    0.40654E+01    0.21388E-01
    0.41063E+01    0.20855E-01
    0.41476E+01    0.20335E-01
    0.41893E+01    0.19827E-01
    0.42314E+01    0.19332E-01
    0.42739E+01    0.18850E-01
    0.43168E+01    0.18379E-01
    0.43602E+01    0.17919E-01
    0.44040E+01    0.17471E-01
    0.44483E+01    0.17034E-01
    0.44930E+01    0.16608E-01
    0.45382E+01    0.16192E-01
    0.45838E+01    0.15786E-01
    0.46298E+01    0.15391E-01
    0.46764E+01    0.15005E-01
    0.47234E+01    0.14629E-01
    0.47708E+01    0.14262E-01
    0.48188E+01    0.13904E-01
    0.48672E+01    0.13554E-01
    0.49161E+01    0.13214E-01
    0.49655E+01    0.12882E-01
    0.50155E+01    0.12558E-01
    0.50659E+01    0.12242E-01
    0.51168E+01    0.11934E-01
    0.51682E+01    0.11633E-01
    0.52201E+01    0.11340E-01
    0.52726E+01    0.11055E-01
    0.53256E+01    0.10776E-01
    0.53791E+01    0.10504E-01
    0.54332E+01    0.10239E-01
    0.54878E+01    0.99808E-02
    0.55429E+01    0.97288E-02
    0.55986E+01    0.94831E-02
    0.56549E+01    0.92435E-02
    0.57117E+01    0.90098E-02
    0.57691E+01    0.87819E-02
    0.58271E+01    0.85598E-02
    0.58857E+01    0.83431E-02
    0.59448E+01    0.81319E-02
    0.60046E+01    0.79259E-02
    0.60649E+01    0.77251E-02
    0.61259E+01    0.75293E-02
    0.61875E+01    0.73383E-02
    0.62496E+01    0.71522E-02
    0.63124E+01    0.69707E-02
    0.63759E+01    0.67937E-02
    0.64400E+01    0.66212E-02
    0.65047E+01    0.64530E-02
    0.65701E+01    0.62889E-02
    0.66361E+01    0.61290E-02
    0.67028E+01    0.59732E-02
    0.67702E+01    0.58212E-02
    0.68382E+01    0.56730E-02
    0.69069E+01    0.55285E-02
    0.69763E+01    0.53877E-02
    0.70464E+01    0.52504E-02
    0.71173E+01    0.51166E-02
    0.71888E+01    0.49861E-02
    0.72610E+01    0.48589E-02
    0.73340E+01    0.47349E-02
    0.74077E+01    0.46141E-02
    0.74822E+01    0.44962E-02
    0.75574E+01    0.43814E-02
    0.76333E+01    0.42694E-02
    0.77100E+01    0.41603E-02
    0.77875E+01    0.40539E-02
    0.78658E+01    0.39502E-02
    0.79448E+01    0.38491E-02
    0.80247E+01    0.37506E-02
    0.81053E+01    0.36545E-02
    0.81868E+01    0.35609E-02
    0.82691E+01    0.34696E-02
    0.83522E+01    0.33807E-02
    0.84361E+01    0.32940E-02
    0.85209E+01    0.32095E-02
    0.86065E+01    0.31272E-02
    0.86930E+01    0.30469E-02
    0.87804E+01    0.29686E-02
    0.88687E+01    0.28924E-02
    0.89578E+01    0.28181E-02
    0.90478E+01    0.27456E-02
    0.91388E+01    0.26750E-02
    0.92306E+01    0.26062E-02
    0.93234E+01    0.25392E-02
    0.94171E+01    0.24738E-02
    0.95117E+01    0.24101E-02
    0.96073E+01    0.23481E-02
    0.97039E+01    0.22876E-02
    0.98014E+01    0.22286E-02
    0.98999E+01    0.21712E-02
    0.99994E+01    0.21152E-02
    0.10100E+02    0.20606E-02
    0.10201E+02    0.20075E-02
    0.10304E+02    0.19556E-02
    0.10407E+02    0.19051E-02
    0.10512E+02    0.18559E-02
    0.10618E+02    0.18080E-02
    0.10724E+02    0.17613E-02
    0.10832E+02    0.17157E-02
    0.10941E+02    0.16714E-02
    0.11051E+02    0.16281E-02
    0.11162E+02    0.15860E-02
    0.11274E+02    0.15450E-02
    0.11388E+02    0.15050E-02
    0.11502E+02    0.14660E-02
    0.11618E+02    0.14280E-02
    0.11734E+02    0.13910E-02
    0.11852E+02    0.13549E-02
    0.11971E+02    0.13198E-02
    0.12092E+02    0.12856E-02
    0.12213E+02    0.12522E-02
    0.12336E+02    0.12197E-02
    0.12460E+02    0.11881E-02
    0.12585E+02    0.11572E-02
    0.12712E+02    0.11272E-02
    0.12839E+02    0.10979E-02
    0.12969E+02    0.10693E-02
    0.13099E+02    0.10415E-02
    0.13230E+02    0.10144E-02
    0.13363E+02    0.98806E-03
    0.13498E+02    0.96235E-03
    0.13633E+02    0.93730E-03
    0.13770E+02    0.91290E-03
    0.13909E+02    0.88912E-03
    0.14049E+02    0.86596E-03
    0.14190E+02    0.84340E-03
    0.14332E+02    0.82141E-03
    0.14476E+02    0.80000E-03
    0.14622E+02    0.77913E-03
    0.14769E+02    0.75881E-03
    0.14917E+02    0.73901E-03
    0.15067E+02    0.71972E-03
    0.15219E+02    0.70093E-03
    0.15372E+02    0.68263E-03
    0.15526E+02    0.66480E-03
    0.15682E+02    0.64743E-03
    0.15840E+02    0.63050E-03
    0.15999E+02    0.61402E-03
    0.16160E+02    0.59797E-03
    0.16322E+02    0.58232E-03
    0.16486E+02    0.56709E-03
    0.16652E+02    0.55225E-03
    0.16819E+02    0.53779E-03
    0.16988E+02    0.52371E-03
    0.17159E+02    0.50999E-03
    0.17331E+02    0.49663E-03
    0.17506E+02    0.48362E-03
    0.17682E+02    0.47094E-03
    0.17859E+02    0.45859E-03
    0.18039E+02    0.44656E-03
    0.18220E+02    0.43485E-03
    0.18403E+02    0.42344E-03
    0.18588E+02    0.41233E-03
    0.18775E+02    0.40150E-03
    0.18964E+02    0.39096E-03
    0.19154E+02    0.38069E-03
    0.19347E+02    0.37069E-03
    0.19541E+02    0.36094E-03
    0.19738E+02    0.35146E-03
    0.19936E+02    0.34222E-03
    0.20136E+02    0.33322E-03
    0.20339E+02    0.32445E-03
    0.20543E+02    0.31591E-03
    0.20750E+02    0.30760E-03
    0.20958E+02    0.29950E-03
    0.21169E+02    0.29161E-03
    0.21381E+02    0.28393E-03
    0.21596E+02    0.27645E-03
    0.21813E+02    0.26917E-03
    0.22033E+02    0.26207E-03
    0.22254E+02    0.25516E-03
    0.22478E+02    0.24843E-03
    0.22704E+02    0.24188E-03
    0.22932E+02    0.23550E-03
    0.23162E+02    0.22928E-03
    0.23395E+02    0.22323E-03
    0.23630E+02    0.21734E-03
    0.23868E+02    0.21160E-03
    0.24108E+02    0.20601E-03
    0.24350E+02    0.20057E-03
    0.24595E+02    0.19526E-03
    0.24842E+02    0.19010E-03
    0.25091E+02    0.18508E-03
    0.25344E+02    0.18018E-03
    0.25598E+02    0.17541E-03
    0.25856E+02    0.17077E-03
    0.26115E+02    0.16625E-03
    0.26378E+02    0.16185E-03
    0.26643E+02    0.15757E-03
    0.26911E+02    0.15339E-03
    0.27181E+02    0.14933E-03
    0.27454E+02    0.14537E-03
    0.27730E+02    0.14152E-03
    0.28009E+02    0.13777E-03
    0.28290E+02    0.13411E-03
    0.28575E+02    0.13056E-03
    0.28862E+02    0.12709E-03
    0.29152E+02    0.12372E-03
    0.29445E+02    0.12044E-03
    0.29741E+02    0.11724E-03
    0.30040E+02    0.11413E-03
    0.30342E+02    0.11110E-03
    0.30647E+02    0.10815E-03
    0.30955E+02    0.10527E-03
    0.31266E+02    0.10247E-03
    0.31580E+02    0.99749E-04
    0.31897E+02    0.97098E-04
    0.32218E+02    0.94515E-04
    0.32542E+02    0.92001E-04
    0.32869E+02    0.89553E-04
    0.33199E+02    0.87169E-04
    0.33533E+02    0.84849E-04
    0.33870E+02    0.82590E-04
    0.34210E+02    0.80390E-04
    0.34554E+02    0.78249E-04
    0.34901E+02    0.76164E-04
    0.35252E+02    0.74134E-04
    0.35606E+02    0.72158E-04
    0.35964E+02    0.70234E-04
    0.36326E+02    0.68361E-04
    0.36691E+02    0.66538E-04
    0.37059E+02    0.64762E-04
    0.37432E+02    0.63034E-04
    0.37808E+02    0.61352E-04
    0.38188E+02    0.59714E-04
    0.38572E+02    0.58119E-04
    0.38960E+02    0.56567E-04
    0.39351E+02    0.55055E-04
    0.39747E+02    0.53584E-04
    0.40146E+02    0.52152E-04
    0.40550E+02    0.50758E-04
    0.40957E+02    0.49401E-04
    0.41369E+02    0.48079E-04
    0.41784E+02    0.46793E-04
    0.42204E+02    0.45541E-04
    0.42629E+02    0.44322E-04
    0.43057E+02    0.43135E-04
    0.43490E+02    0.41980E-04
    0.43927E+02    0.40856E-04
    0.44368E+02    0.39762E-04
    0.44814E+02    0.38696E-04
    0.45265E+02    0.37659E-04
    0.45719E+02    0.36649E-04
    0.46179E+02    0.35667E-04
    0.46643E+02    0.34710E-04
    0.47112E+02    0.33779E-04
    0.47585E+02    0.32873E-04
    0.48064E+02    0.31990E-04
    0.48547E+02    0.31132E-04
    0.49034E+02    0.30296E-04
    0.49527E+02    0.29482E-04
    0.50025E+02    0.28690E-04
    0.50528E+02    0.27919E-04
    0.51036E+02    0.27169E-04
    0.51549E+02    0.26439E-04
    0.52067E+02    0.25728E-04
    0.52590E+02    0.25036E-04
    0.53118E+02    0.24362E-04
    0.53652E+02    0.23707E-04
    0.54191E+02    0.23069E-04
    0.54736E+02    0.22448E-04
    0.55286E+02    0.21844E-04
    0.55842E+02    0.21255E-04
    0.56403E+02    0.20683E-04
    0.56970E+02    0.20125E-04
    0.57542E+02    0.19583E-04
    0.58121E+02    0.19055E-04
    0.58705E+02    0.18541E-04
    0.59295E+02    0.18041E-04
    0.59891E+02    0.17555E-04
    0.60493E+02    0.17081E-04
    0.61101E+02    0.16620E-04
    0.61715E+02    0.16171E-04
    0.62335E+02    0.15735E-04
    0.62961E+02    0.15310E-04
    0.63594E+02    0.14896E-04
    0.64233E+02    0.14493E-04
    0.64879E+02    0.14102E-04
    0.65531E+02    0.13720E-04
    0.66190E+02    0.13349E-04
    0.66855E+02    0.12988E-04
    0.67527E+02    0.12637E-04
    0.68205E+02    0.12295E-04
    0.68891E+02    0.11962E-04
    0.69583E+02    0.11638E-04
    0.70283E+02    0.11323E-04
    0.70989E+02    0.11016E-04
    0.71702E+02    0.10718E-04
    0.72423E+02    0.10427E-04
    0.73151E+02    0.10144E-04
    0.73886E+02    0.98692E-05
    0.74629E+02    0.96015E-05
    0.75379E+02    0.93409E-05
    0.76136E+02    0.90874E-05
    0.76901E+02    0.88406E-05
    0.77674E+02    0.86005E-05
    0.78455E+02    0.83669E-05
    0.79243E+02    0.81395E-05
    0.80040E+02    0.79183E-05
    0.80844E+02    0.77030E-05
    0.81657E+02    0.74935E-05
    0.82477E+02    0.72897E-05
    0.83306E+02    0.70913E-05
    0.84144E+02    0.68983E-05
    0.84989E+02    0.67104E-05
    0.85843E+02    0.65277E-05
    0.86706E+02    0.63499E-05
    0.87577E+02    0.61768E-05
    0.88458E+02    0.60084E-05
    0.89347E+02    0.58446E-05
    0.90245E+02    0.56851E-05
    0.91152E+02    0.55300E-05
    0.92068E+02    0.53791E-05
    0.92993E+02    0.52322E-05
    0.93927E+02    0.50893E-05
    0.94871E+02    0.49503E-05
    0.95825E+02    0.48150E-05
    0.96788E+02    0.46834E-05
    0.97761E+02    0.45553E-05
    0.98743E+02    0.44306E-05
    0.99736E+02    0.43094E-05
    0.10074E+03    0.41914E-05
    0.10175E+03    0.40766E-05
    0.10277E+03    0.39650E-05
    0.10381E+03    0.38563E-05
    0.10485E+03    0.37506E-05
    0.10590E+03    0.36478E-05
    0.10697E+03    0.35477E-05
    0.10804E+03    0.34503E-05
    0.10913E+03    0.33556E-05
    0.11023E+03    0.32634E-05
    0.11133E+03    0.31738E-05
    0.11245E+03    0.30866E-05
    0.11358E+03    0.30017E-05
    0.11472E+03    0.29191E-05
    0.11588E+03    0.28388E-05
    0.11704E+03    0.27607E-05
    0.11822E+03    0.26846E-05
    0.11941E+03    0.26107E-05
    0.12061E+03    0.25387E-05
    0.12182E+03    0.24687E-05
    0.12304E+03    0.24006E-05
    0.12428E+03    0.23344E-05
    0.12553E+03    0.22699E-05
    0.12679E+03    0.22072E-05
    0.12806E+03    0.21463E-05
    0.12935E+03    0.20869E-05
    0.13065E+03    0.20292E-05
    0.13196E+03    0.19731E-05
    0.13329E+03    0.19185E-05
    0.13463E+03    0.18653E-05
    0.13598E+03    0.18136E-05
    0.13735E+03    0.17634E-05
    0.13873E+03    0.17145E-05
    0.14012E+03    0.16669E-05
    0.14153E+03    0.16206E-05
    0.14295E+03    0.15756E-05
    0.14439E+03    0.15318E-05
    0.14584E+03    0.14892E-05
    0.14731E+03    0.14478E-05
    0.14879E+03    0.14075E-05
    0.15028E+03    0.13683E-05
    0.15179E+03    0.13302E-05
    0.15332E+03    0.12931E-05
    0.15486E+03    0.12570E-05
    0.15642E+03    0.12220E-05
    0.15799E+03    0.11878E-05
    0.15958E+03    0.11547E-05
    0.16118E+03    0.11224E-05
    0.16280E+03    0.10910E-05
    0.16444E+03    0.10604E-05
    0.16609E+03    0.10307E-05
    0.16776E+03    0.10019E-05
    0.16944E+03    0.97377E-06
    0.17115E+03    0.94645E-06
    0.17287E+03    0.91988E-06
    0.17460E+03    0.89404E-06
    0.17636E+03    0.86891E-06
    0.17813E+03    0.84446E-06
    0.17992E+03    0.82069E-06
    0.18173E+03    0.79758E-06
    0.18356E+03    0.77510E-06
    0.18540E+03    0.75324E-06
    0.18726E+03    0.73198E-06
    0.18915E+03    0.71130E-06
    0.19105E+03    0.69120E-06
    0.19297E+03    0.67165E-06
    0.19491E+03    0.65263E-06
    0.19687E+03    0.63415E-06
    0.19884E+03    0.61617E-06
    0.20084E+03    0.59869E-06
