 1.049300000E-05     4.845899541E+01
 1.059900000E-05     4.892892184E+01
 1.070500000E-05     4.940432313E+01
 1.081300000E-05     4.988428682E+01
 1.092200000E-05     5.036881290E+01
 1.103100000E-05     5.085790137E+01
 1.114200000E-05     5.135246472E+01
 1.125400000E-05     5.185159045E+01
 1.136700000E-05     5.235527858E+01
 1.148200000E-05     5.286352910E+01
 1.159700000E-05     5.337725450E+01
 1.171400000E-05     5.389554228E+01
 1.183100000E-05     5.441930494E+01
 1.195000000E-05     5.494762999E+01
 1.207000000E-05     5.548142991E+01
 1.219200000E-05     5.602070470E+01
 1.231400000E-05     5.656454188E+01
 1.243800000E-05     5.711385393E+01
 1.256300000E-05     5.766864086E+01
 1.268900000E-05     5.822890265E+01
 1.281700000E-05     5.879463932E+01
 1.294600000E-05     5.936585086E+01
 1.307600000E-05     5.994253727E+01
 1.320700000E-05     6.052469854E+01
 1.334000000E-05     6.111233470E+01
 1.347400000E-05     6.170635820E+01
 1.360900000E-05     6.230585657E+01
 1.374600000E-05     6.291082981E+01
 1.388400000E-05     6.352219040E+01
 1.402400000E-05     6.413902586E+01
 1.416500000E-05     6.476224867E+01
 1.430700000E-05     6.539094636E+01
 1.445100000E-05     6.602603139E+01
 1.459600000E-05     6.666750377E+01
 1.474300000E-05     6.731536350E+01
 1.489100000E-05     6.796869810E+01
 1.504100000E-05     6.862933253E+01
 1.519200000E-05     6.929544183E+01
 1.534400000E-05     6.996885096E+01
 1.549900000E-05     7.064864744E+01
 1.565400000E-05     7.133483127E+01
 1.581200000E-05     7.202740245E+01
 1.597100000E-05     7.272727345E+01
 1.613100000E-05     7.343353181E+01
 1.629300000E-05     7.414708999E+01
 1.645700000E-05     7.486794800E+01
 1.662200000E-05     7.559519336E+01
 1.678900000E-05     7.632882607E+01
 1.695800000E-05     7.707067109E+01
 1.712900000E-05     7.781890345E+01
 1.730100000E-05     7.857534812E+01
 1.747500000E-05     7.933818015E+01
 1.765000000E-05     8.010922447E+01
 1.782800000E-05     8.088756863E+01
 1.800700000E-05     8.167321261E+01
 1.818800000E-05     8.246615643E+01
 1.837100000E-05     8.326731254E+01
 1.855500000E-05     8.407576849E+01
 1.874200000E-05     8.489243674E+01
 1.893000000E-05     8.571731730E+01
 1.912000000E-05     8.655041017E+01
 1.931300000E-05     8.739080286E+01
 1.950700000E-05     8.823940786E+01
 1.970300000E-05     8.909713765E+01
 1.990100000E-05     8.996216726E+01
 2.010100000E-05     9.083632166E+01
 2.030300000E-05     9.172233827E+01
 2.050700000E-05     9.260744241E+01
 2.071300000E-05     9.351079612E+01
 2.092100000E-05     9.441414983E+01
 2.113100000E-05     9.533575311E+01
 2.134400000E-05     9.625735639E+01
 2.155800000E-05     9.719720924E+01
 2.177500000E-05     9.813706209E+01
 2.199400000E-05     9.909516451E+01
 2.221500000E-05     1.000532669E+02
 2.243800000E-05     1.010296189E+02
 2.266300000E-05     1.020059709E+02
 2.289100000E-05     1.030005725E+02
 2.312100000E-05     1.040042988E+02
 2.335400000E-05     1.050080252E+02
 2.358800000E-05     1.060300011E+02
 2.382500000E-05     1.070611018E+02
 2.406500000E-05     1.081013273E+02
 2.430700000E-05     1.091506775E+02
 2.455100000E-05     1.102091526E+02
 2.479800000E-05     1.112767524E+02
 2.504700000E-05     1.123626018E+02
 2.529900000E-05     1.134575760E+02
 2.555300000E-05     1.145525502E+02
 2.581000000E-05     1.156657740E+02
 2.606900000E-05     1.167881225E+02
 2.633100000E-05     1.179287206E+02
 2.659600000E-05     1.190693188E+02
 2.686300000E-05     1.202281664E+02
 2.713300000E-05     1.213961389E+02
 2.740600000E-05     1.225732362E+02
 2.768100000E-05     1.237685830E+02
 2.795900000E-05     1.249639298E+02
 2.824000000E-05     1.261775262E+02
 2.852400000E-05     1.274093722E+02
 2.881100000E-05     1.286412182E+02
 2.910000000E-05     1.298913137E+02
 2.939300000E-05     1.311596588E+02
 2.968800000E-05     1.324280039E+02
 2.998700000E-05     1.337145986E+02
 3.028800000E-05     1.350194428E+02
 3.059200000E-05     1.363242871E+02
 3.090000000E-05     1.376473809E+02
 3.121000000E-05     1.389887243E+02
 3.152400000E-05     1.403391925E+02
 3.184100000E-05     1.416987854E+02
 3.216100000E-05     1.430766279E+02
 3.248400000E-05     1.444635953E+02
 3.281100000E-05     1.458688121E+02
 3.314000000E-05     1.472922786E+02
 3.347300000E-05     1.487157450E+02
 3.381000000E-05     1.501665859E+02
 3.415000000E-05     1.516174267E+02
 3.449300000E-05     1.530956418E+02
 3.484000000E-05     1.545829818E+02
 3.519000000E-05     1.560794465E+02
 3.554300000E-05     1.576032856E+02
 3.590100000E-05     1.591271247E+02
 3.626100000E-05     1.606783381E+02
 3.662600000E-05     1.622386763E+02
 3.699400000E-05     1.638081393E+02
 3.736600000E-05     1.654049767E+02
 3.774100000E-05     1.670109389E+02
 3.812100000E-05     1.686351506E+02
 3.850400000E-05     1.702684871E+02
 3.889100000E-05     1.719200732E+02
 3.928100000E-05     1.735899088E+02
 3.967600000E-05     1.752779940E+02
 4.007500000E-05     1.769843288E+02
 4.047800000E-05     1.786997884E+02
 4.088500000E-05     1.804334975E+02
 4.129500000E-05     1.821854562E+02
 4.171100000E-05     1.839556645E+02
 4.213000000E-05     1.857441224E+02
 4.255300000E-05     1.875508298E+02
 4.298100000E-05     1.893757868E+02
 4.341300000E-05     1.912098685E+02
 4.384900000E-05     1.930713247E+02
 4.429000000E-05     1.949419056E+02
 4.473500000E-05     1.968398608E+02
 4.518400000E-05     1.987469409E+02
 4.563900000E-05     2.006813953E+02
 4.609700000E-05     2.026249745E+02
 4.656100000E-05     2.045959281E+02
 4.702800000E-05     2.065851312E+02
 4.750100000E-05     2.085925839E+02
 4.797800000E-05     2.106182861E+02
 4.846100000E-05     2.126622379E+02
 4.894800000E-05     2.147244393E+02
 4.944000000E-05     2.168140151E+02
 4.993700000E-05     2.189218404E+02
 5.043800000E-05     2.210479153E+02
 5.094500000E-05     2.231922398E+02
 5.145700000E-05     2.253639386E+02
 5.197400000E-05     2.275447622E+02
 5.249700000E-05     2.297620849E+02
 5.302400000E-05     2.319885325E+02
 5.355700000E-05     2.342423543E+02
 5.409600000E-05     2.365144258E+02
 5.463900000E-05     2.388138716E+02
 5.518800000E-05     2.411315670E+02
 5.574300000E-05     2.434766367E+02
 5.630300000E-05     2.458399560E+02
 5.686900000E-05     2.482306497E+02
 5.744100000E-05     2.506395929E+02
 5.801800000E-05     2.530759105E+02
 5.860100000E-05     2.555304776E+02
 5.919000000E-05     2.580124191E+02
 5.978500000E-05     2.605217350E+02
 6.038600000E-05     2.630493004E+02
 6.099300000E-05     2.656042402E+02
 6.160600000E-05     2.681865543E+02
 6.222500000E-05     2.707871180E+02
 6.285000000E-05     2.734150561E+02
 6.348200000E-05     2.760703685E+02
 6.412000000E-05     2.787530553E+02
 6.476400000E-05     2.814631164E+02
 6.541500000E-05     2.842005519E+02
 6.607300000E-05     2.869562370E+02
 6.673700000E-05     2.897392964E+02
 6.740700000E-05     2.925588549E+02
 6.808500000E-05     2.953966630E+02
 6.876900000E-05     2.982709703E+02
 6.946000000E-05     3.011635271E+02
 7.015800000E-05     3.040834583E+02
 7.086300000E-05     3.070398886E+02
 7.157500000E-05     3.100236933E+02
 7.229500000E-05     3.130348723E+02
 7.302100000E-05     3.160734257E+02
 7.375500000E-05     3.191393535E+02
 7.449700000E-05     3.222417804E+02
 7.524500000E-05     3.253715816E+02
 7.600100000E-05     3.285287572E+02
 7.676500000E-05     3.317224319E+02
 7.753700000E-05     3.349434810E+02
 7.831600000E-05     3.381919044E+02
 7.910300000E-05     3.414768270E+02
 7.989800000E-05     3.447982487E+02
 8.070100000E-05     3.481470448E+02
 8.151200000E-05     3.515232152E+02
 8.233100000E-05     3.549358848E+02
 8.315900000E-05     3.583850535E+02
 8.399500000E-05     3.618615966E+02
 8.483900000E-05     3.653746388E+02
 8.569100000E-05     3.689241801E+02
 8.655300000E-05     3.725102206E+02
 8.742300000E-05     3.761236355E+02
 8.830100000E-05     3.797735494E+02
 8.918900000E-05     3.834690873E+02
 9.008500000E-05     3.871919996E+02
 9.099000000E-05     3.909514110E+02
 9.190500000E-05     3.947473215E+02
 9.282800000E-05     3.985797312E+02
 9.376100000E-05     4.024486400E+02
 9.470400000E-05     4.063540480E+02
 9.565500000E-05     4.102959551E+02
 9.661700000E-05     4.142834861E+02
 9.758800000E-05     4.183075163E+02
 9.856900000E-05     4.223680456E+02
 9.955900000E-05     4.264650740E+02
 1.005600000E-04     4.306077264E+02
 1.015700000E-04     4.347868779E+02
 1.025900000E-04     4.390116533E+02
 1.036200000E-04     4.432729279E+02
 1.046600000E-04     4.475707016E+02
 1.057200000E-04     4.519232240E+02
 1.067800000E-04     4.563031208E+02
 1.078500000E-04     4.607377663E+02
 1.089400000E-04     4.652089109E+02
 1.100300000E-04     4.697256794E+02
 1.111400000E-04     4.742880719E+02
 1.122500000E-04     4.788869635E+02
 1.133800000E-04     4.835406038E+02
 1.145200000E-04     4.882307433E+02
 1.156700000E-04     4.929756315E+02
 1.168300000E-04     4.977570188E+02
 1.180100000E-04     5.025931548E+02
 1.191900000E-04     5.074657900E+02
 1.203900000E-04     5.123931738E+02
 1.216000000E-04     5.173661816E+02
 1.228200000E-04     5.223848134E+02
 1.240600000E-04     5.274581938E+02
 1.253100000E-04     5.325771981E+02
 1.265600000E-04     5.377509512E+02
 1.278400000E-04     5.429703282E+02
 1.291200000E-04     5.482353291E+02
 1.304200000E-04     5.535550787E+02
 1.317300000E-04     5.589295771E+02
 1.330500000E-04     5.643496993E+02
 1.343900000E-04     5.698336951E+02
 1.357400000E-04     5.753633147E+02
 1.371100000E-04     5.809476831E+02
 1.384800000E-04     5.865776754E+02
 1.398800000E-04     5.922715413E+02
 1.412800000E-04     5.980201558E+02
 1.427000000E-04     6.038235190E+02
 1.441400000E-04     6.096816309E+02
 1.455800000E-04     6.156036164E+02
 1.470500000E-04     6.215712257E+02
 1.485200000E-04     6.276027086E+02
 1.500200000E-04     6.336889401E+02
 1.515300000E-04     6.398390452E+02
 1.530500000E-04     6.460530237E+02
 1.545900000E-04     6.523126262E+02
 1.561400000E-04     6.586452269E+02
 1.577100000E-04     6.650325764E+02
 1.592900000E-04     6.714837994E+02
 1.609000000E-04     6.779988958E+02
 1.625100000E-04     6.845778658E+02
 1.641500000E-04     6.912207092E+02
 1.658000000E-04     6.979274261E+02
 1.674600000E-04     7.046888918E+02
 1.691400000E-04     7.115324805E+02
 1.708400000E-04     7.184308179E+02
 1.725600000E-04     7.253930288E+02
 1.743000000E-04     7.324282380E+02
 1.760500000E-04     7.395364455E+02
 1.778200000E-04     7.467085265E+02
 1.796000000E-04     7.539536057E+02
 1.814100000E-04     7.612625584E+02
 1.832300000E-04     7.686445095E+02
 1.850700000E-04     7.760994588E+02
 1.869300000E-04     7.836182816E+02
 1.888100000E-04     7.912192274E+02
 1.907100000E-04     7.988931716E+02
 1.926300000E-04     8.066401140E+02
 1.945600000E-04     8.144600547E+02
 1.965200000E-04     8.223529937E+02
 1.984900000E-04     8.303280557E+02
 2.004900000E-04     8.383761160E+02
 2.025000000E-04     8.464971746E+02
 2.045400000E-04     8.547094811E+02
 2.065900000E-04     8.629947858E+02
 2.086700000E-04     8.713530888E+02
 2.107700000E-04     8.798026397E+02
 2.128900000E-04     8.883251888E+02
 2.150200000E-04     8.969389858E+02
 2.171900000E-04     9.056257811E+02
 2.193700000E-04     9.143946994E+02
 2.215700000E-04     9.232457408E+02
 2.238000000E-04     9.321880301E+02
 2.260500000E-04     9.412215671E+02
 2.283200000E-04     9.503463521E+02
 2.306200000E-04     9.595623849E+02
 2.329300000E-04     9.688696655E+02
 2.352700000E-04     9.782681940E+02
 2.376400000E-04     9.877579704E+02
 2.400300000E-04     9.972477467E+02
 2.424400000E-04     1.006920019E+03
 2.448800000E-04     1.016683539E+03
 2.473400000E-04     1.026538306E+03
 2.498200000E-04     1.036484322E+03
 2.523300000E-04     1.046521585E+03
 2.548700000E-04     1.056650097E+03
 2.574300000E-04     1.066869856E+03
 2.600200000E-04     1.077180863E+03
 2.626300000E-04     1.087674366E+03
 2.652700000E-04     1.098167868E+03
 2.679400000E-04     1.108752619E+03
 2.706300000E-04     1.119519865E+03
 2.733500000E-04     1.130378359E+03
 2.761000000E-04     1.141328101E+03
 2.788700000E-04     1.152369091E+03
 2.816700000E-04     1.163501328E+03
 2.845100000E-04     1.174724814E+03
 2.873600000E-04     1.186130795E+03
 2.902500000E-04     1.197628024E+03
 2.931700000E-04     1.209125253E+03
 2.961200000E-04     1.220896226E+03
 2.990900000E-04     1.232667198E+03
 3.021000000E-04     1.244620667E+03
 3.051300000E-04     1.256665383E+03
 3.082000000E-04     1.268801347E+03
 3.113000000E-04     1.281028559E+03
 3.144300000E-04     1.293438266E+03
 3.175900000E-04     1.305939221E+03
 3.207800000E-04     1.318531425E+03
 3.240000000E-04     1.331306124E+03
 3.272600000E-04     1.344172070E+03
 3.305500000E-04     1.357129265E+03
 3.338700000E-04     1.370268955E+03
 3.372300000E-04     1.383499893E+03
 3.406200000E-04     1.396822079E+03
 3.440400000E-04     1.410326761E+03
 3.475000000E-04     1.423922691E+03
 3.509900000E-04     1.437701116E+03
 3.545200000E-04     1.451570789E+03
 3.580800000E-04     1.465622958E+03
 3.616800000E-04     1.479766375E+03
 3.653100000E-04     1.494001039E+03
 3.689800000E-04     1.508418199E+03
 3.726900000E-04     1.523017855E+03
 3.764400000E-04     1.537708759E+03
 3.802200000E-04     1.552490911E+03
 3.840400000E-04     1.567455558E+03
 3.879000000E-04     1.582602701E+03
 3.918000000E-04     1.597841092E+03
 3.957400000E-04     1.613261978E+03
 3.997200000E-04     1.628774113E+03
 4.037300000E-04     1.644468743E+03
 4.077900000E-04     1.660345869E+03
 4.118900000E-04     1.676314242E+03
 4.160300000E-04     1.692465112E+03
 4.202100000E-04     1.708798477E+03
 4.244300000E-04     1.725223090E+03
 4.287000000E-04     1.741921446E+03
 4.330100000E-04     1.758619803E+03
 4.373600000E-04     1.775591903E+03
 4.417500000E-04     1.792655250E+03
 4.461900000E-04     1.809901094E+03
 4.506800000E-04     1.827329433E+03
 4.552100000E-04     1.844940268E+03
 4.597800000E-04     1.862642351E+03
 4.644000000E-04     1.880526929E+03
 4.690700000E-04     1.898685251E+03
 4.737800000E-04     1.916934821E+03
 4.785500000E-04     1.935275639E+03
 4.833600000E-04     1.953890200E+03
 4.882100000E-04     1.972687257E+03
 4.931200000E-04     1.991666810E+03
 4.980800000E-04     2.010737611E+03
 5.030800000E-04     2.030082155E+03
 5.081400000E-04     2.049517947E+03
 5.132400000E-04     2.069227482E+03
 5.184000000E-04     2.089028265E+03
 5.236100000E-04     2.109102792E+03
 5.288800000E-04     2.129359815E+03
 5.341900000E-04     2.149799333E+03
 5.395600000E-04     2.170330099E+03
 5.449800000E-04     2.191134609E+03
 5.504600000E-04     2.212121614E+03
 5.559900000E-04     2.233382363E+03
 5.615800000E-04     2.254734360E+03
 5.672200000E-04     2.276360100E+03
 5.729200000E-04     2.298168336E+03
 5.786800000E-04     2.320159068E+03
 5.845000000E-04     2.342332296E+03
 5.903700000E-04     2.364688019E+03
 5.963100000E-04     2.387317485E+03
 6.023000000E-04     2.410129448E+03
 6.083500000E-04     2.433215154E+03
 6.144700000E-04     2.456392107E+03
 6.206400000E-04     2.479934053E+03
 6.268800000E-04     2.503567246E+03
 6.331800000E-04     2.527474182E+03
 6.395400000E-04     2.551563614E+03
 6.459700000E-04     2.575926790E+03
 6.524600000E-04     2.600472462E+03
 6.590200000E-04     2.625291877E+03
 6.656400000E-04     2.650293787E+03
 6.723300000E-04     2.675569442E+03
 6.790900000E-04     2.701118840E+03
 6.859100000E-04     2.726759485E+03
 6.928100000E-04     2.752765122E+03
 6.997700000E-04     2.778953255E+03
 7.068000000E-04     2.805415132E+03
 7.139100000E-04     2.832059504E+03
 7.210800000E-04     2.858977619E+03
 7.283300000E-04     2.886169478E+03
 7.356500000E-04     2.913543833E+03
 7.430400000E-04     2.941283179E+03
 7.505100000E-04     2.969205021E+03
 7.580500000E-04     2.997309359E+03
 7.656700000E-04     3.025778688E+03
 7.733700000E-04     3.054430513E+03
 7.811400000E-04     3.083447329E+03
 7.889900000E-04     3.112646641E+03
 7.969200000E-04     3.142119696E+03
 8.049300000E-04     3.171866495E+03
 8.130200000E-04     3.201887037E+03
 8.211900000E-04     3.232181323E+03
 8.294400000E-04     3.262749353E+03
 8.377800000E-04     3.293591126E+03
 8.462000000E-04     3.324706643E+03
 8.547000000E-04     3.356095903E+03
 8.632900000E-04     3.387758907E+03
 8.719700000E-04     3.419695654E+03
 8.807300000E-04     3.451906145E+03
 8.895800000E-04     3.484481627E+03
 8.985200000E-04     3.517330853E+03
 9.075500000E-04     3.550453822E+03
 9.166700000E-04     3.583850535E+03
 9.258900000E-04     3.617520992E+03
 9.351900000E-04     3.651556440E+03
 9.445900000E-04     3.685865631E+03
 9.540900000E-04     3.720539814E+03
 9.636700000E-04     3.755487740E+03
 9.733600000E-04     3.790709410E+03
 9.831400000E-04     3.826204823E+03
 9.930200000E-04     3.862065228E+03
 1.003000000E-03     3.898290624E+03
 1.013100000E-03     3.934789764E+03
 1.023300000E-03     3.971562648E+03
 1.033500000E-03     4.008700522E+03
 1.043900000E-03     4.046203388E+03
 1.054400000E-03     4.083979998E+03
 1.065000000E-03     4.122121599E+03
 1.075700000E-03     4.160628192E+03
 1.086500000E-03     4.199408528E+03
 1.097500000E-03     4.238553855E+03
 1.108500000E-03     4.277972926E+03
 1.119600000E-03     4.317848236E+03
 1.130900000E-03     4.357997290E+03
 1.142200000E-03     4.398511335E+03
 1.153700000E-03     4.439390372E+03
 1.165300000E-03     4.480543152E+03
 1.177000000E-03     4.522152171E+03
 1.188900000E-03     4.564034934E+03
 1.200800000E-03     4.606373936E+03
 1.212900000E-03     4.648986682E+03
 1.225100000E-03     4.691964419E+03
 1.237400000E-03     4.735398395E+03
 1.249800000E-03     4.779106115E+03
 1.262400000E-03     4.823270074E+03
 1.275100000E-03     4.867707777E+03
 1.287900000E-03     4.912601719E+03
 1.300800000E-03     4.957860652E+03
 1.313900000E-03     5.003484577E+03
 1.327100000E-03     5.049473493E+03
 1.340400000E-03     5.095827401E+03
 1.353900000E-03     5.142637548E+03
 1.367500000E-03     5.189812686E+03
 1.381300000E-03     5.237352815E+03
 1.395100000E-03     5.285349184E+03
 1.409200000E-03     5.333710544E+03
 1.423300000E-03     5.382436896E+03
 1.437600000E-03     5.431619487E+03
 1.452100000E-03     5.481167069E+03
 1.466700000E-03     5.531170891E+03
 1.481400000E-03     5.581539703E+03
 1.496300000E-03     5.632364756E+03
 1.511300000E-03     5.683554799E+03
 1.526500000E-03     5.735201082E+03
 1.541900000E-03     5.787212356E+03
 1.557400000E-03     5.839679870E+03
 1.573000000E-03     5.892512374E+03
 1.588800000E-03     5.945892366E+03
 1.604800000E-03     5.999637350E+03
 1.620900000E-03     6.053747324E+03
 1.637200000E-03     6.108404786E+03
 1.653700000E-03     6.163427239E+03
 1.670300000E-03     6.218905932E+03
 1.687100000E-03     6.274840864E+03
 1.704000000E-03     6.331140787E+03
 1.721200000E-03     6.387988197E+03
 1.738500000E-03     6.445200599E+03
 1.755900000E-03     6.502869239E+03
 1.773600000E-03     6.560994119E+03
 1.791400000E-03     6.619575239E+03
 1.809400000E-03     6.678612597E+03
 1.827600000E-03     6.738197443E+03
 1.846000000E-03     6.798147280E+03
 1.864500000E-03     6.858553357E+03
 1.883200000E-03     6.919415672E+03
 1.902200000E-03     6.980734227E+03
 1.921300000E-03     7.042509021E+03
 1.940600000E-03     7.104831302E+03
 1.960100000E-03     7.167518575E+03
 1.979800000E-03     7.230753335E+03
 1.999700000E-03     7.294444333E+03
 2.019800000E-03     7.358591572E+03
 2.040100000E-03     7.423195049E+03
 2.060600000E-03     7.488346014E+03
 2.081300000E-03     7.553953217E+03
 2.102200000E-03     7.620016660E+03
 2.123400000E-03     7.686536343E+03
 2.144700000E-03     7.753512264E+03
 2.166300000E-03     7.821035673E+03
 2.188000000E-03     7.889106568E+03
 2.210000000E-03     7.957542455E+03
 2.232200000E-03     8.026525830E+03
 2.254700000E-03     8.095965443E+03
 2.277300000E-03     8.165952544E+03
 2.300200000E-03     8.236395883E+03
 2.323300000E-03     8.307295462E+03
 2.346700000E-03     8.378742529E+03
 2.370300000E-03     8.450645834E+03
 2.394100000E-03     8.523096626E+03
 2.418100000E-03     8.596003658E+03
 2.442400000E-03     8.669458177E+03
 2.467000000E-03     8.743368935E+03
 2.491800000E-03     8.817735932E+03
 2.516800000E-03     8.892650417E+03
 2.542100000E-03     8.968021140E+03
 2.567700000E-03     9.043939351E+03
 2.593500000E-03     9.120405049E+03
 2.619500000E-03     9.196870747E+03
 2.645900000E-03     9.274431419E+03
 2.672500000E-03     9.352904569E+03
 2.699300000E-03     9.431377720E+03
 2.726400000E-03     9.509850870E+03
 2.753800000E-03     9.589236499E+03
 2.781500000E-03     9.669534607E+03
 2.809500000E-03     9.749832714E+03
 2.837700000E-03     9.831043300E+03
 2.866200000E-03     9.912253886E+03
 2.895000000E-03     9.994376951E+03
 2.924100000E-03     1.007650002E+04
 2.953500000E-03     1.015953556E+04
 2.983200000E-03     1.024257110E+04
 3.013200000E-03     1.032651912E+04
 3.043500000E-03     1.041137962E+04
 3.074100000E-03     1.049624012E+04
 3.104900000E-03     1.058110062E+04
 3.136200000E-03     1.066687360E+04
 3.167700000E-03     1.075355906E+04
 3.199500000E-03     1.084024452E+04
 3.231700000E-03     1.092784245E+04
 3.264100000E-03     1.101544039E+04
 3.296900000E-03     1.110395080E+04
 3.330100000E-03     1.119246121E+04
 3.363600000E-03     1.128188411E+04
 3.397400000E-03     1.137130700E+04
 3.431500000E-03     1.146164237E+04
 3.466000000E-03     1.155289022E+04
 3.500800000E-03     1.164413807E+04
 3.536000000E-03     1.173538592E+04
 3.571500000E-03     1.182754625E+04
 3.607400000E-03     1.192061905E+04
 3.643700000E-03     1.201277938E+04
 3.680300000E-03     1.210676467E+04
 3.717300000E-03     1.220074995E+04
 3.754700000E-03     1.229473524E+04
 3.792400000E-03     1.238963300E+04
 3.830500000E-03     1.248544324E+04
 3.869000000E-03     1.258125348E+04
 3.907900000E-03     1.267706373E+04
 3.947200000E-03     1.277378645E+04
 3.986800000E-03     1.287050917E+04
 4.026900000E-03     1.296814436E+04
 4.067400000E-03     1.306577956E+04
 4.108300000E-03     1.316432724E+04
 4.149500000E-03     1.326287492E+04
 4.191200000E-03     1.336233507E+04
 4.233400000E-03     1.346179523E+04
 4.275900000E-03     1.356125539E+04
 4.318900000E-03     1.366162802E+04
 4.362300000E-03     1.376200066E+04
 4.406100000E-03     1.386328577E+04
 4.450400000E-03     1.396457088E+04
 4.495100000E-03     1.406585599E+04
 4.540300000E-03     1.416805359E+04
 4.586000000E-03     1.427116366E+04
 4.632000000E-03     1.437336125E+04
 4.678600000E-03     1.447647132E+04
 4.725600000E-03     1.458049386E+04
 4.773100000E-03     1.468360393E+04
 4.821100000E-03     1.478762648E+04
 4.869500000E-03     1.489256151E+04
 4.918500000E-03     1.499658406E+04
 4.967900000E-03     1.510151909E+04
 5.017800000E-03     1.520736659E+04
 5.068300000E-03     1.531230162E+04
 5.119200000E-03     1.541814912E+04
 5.170600000E-03     1.552399663E+04
 5.222600000E-03     1.563075661E+04
 5.275100000E-03     1.573751660E+04
 5.328100000E-03     1.584336410E+04
 5.381700000E-03     1.595103656E+04
 5.435800000E-03     1.605779655E+04
 5.490400000E-03     1.616546901E+04
 5.545600000E-03     1.627222899E+04
 5.601300000E-03     1.637990146E+04
 5.657600000E-03     1.648848640E+04
 5.714400000E-03     1.659615886E+04
 5.771900000E-03     1.670383132E+04
 5.829900000E-03     1.681241626E+04
 5.888500000E-03     1.692100120E+04
 5.947700000E-03     1.702867367E+04
 6.007400000E-03     1.713725861E+04
 6.067800000E-03     1.724584355E+04
 6.128800000E-03     1.735442849E+04
 6.190400000E-03     1.746301343E+04
 6.252600000E-03     1.757251085E+04
 6.315400000E-03     1.768109579E+04
 6.378900000E-03     1.778968073E+04
 6.443000000E-03     1.789826567E+04
 6.507800000E-03     1.800685061E+04
 6.573200000E-03     1.811543555E+04
 6.639200000E-03     1.822402049E+04
 6.706000000E-03     1.833260543E+04
 6.773400000E-03     1.844119038E+04
 6.841400000E-03     1.854977532E+04
 6.910200000E-03     1.865744778E+04
 6.979600000E-03     1.876603272E+04
 7.049800000E-03     1.887370518E+04
 7.120600000E-03     1.898137764E+04
 7.192200000E-03     1.908905011E+04
 7.264500000E-03     1.919581009E+04
 7.337500000E-03     1.930348255E+04
 7.411200000E-03     1.941024254E+04
 7.485700000E-03     1.951609004E+04
 7.561000000E-03     1.962285003E+04
 7.636900000E-03     1.972869753E+04
 7.713700000E-03     1.983454504E+04
 7.791200000E-03     1.993948006E+04
 7.869500000E-03     2.004441509E+04
 7.948600000E-03     2.014935012E+04
 8.028500000E-03     2.025337267E+04
 8.109200000E-03     2.035648274E+04
 8.190700000E-03     2.045959281E+04
 8.273000000E-03     2.056270288E+04
 8.356100000E-03     2.066490047E+04
 8.440100000E-03     2.076618558E+04
 8.525000000E-03     2.086747069E+04
 8.610600000E-03     2.096875581E+04
 8.697200000E-03     2.107004092E+04
 8.784600000E-03     2.116950107E+04
 8.872900000E-03     2.126896123E+04
 8.962000000E-03     2.136750891E+04
 9.052100000E-03     2.146514411E+04
 9.143100000E-03     2.156186683E+04
 9.235000000E-03     2.165858955E+04
 9.327800000E-03     2.175348731E+04
 9.421500000E-03     2.184838507E+04
 9.516200000E-03     2.194237036E+04
 9.611900000E-03     2.203544317E+04
 9.708500000E-03     2.212760349E+04
 9.806000000E-03     2.221885134E+04
 9.904600000E-03     2.230918671E+04
 1.000400000E-02     2.239860961E+04
 1.010500000E-02     2.248712002E+04
 1.020600000E-02     2.257471796E+04
 1.030900000E-02     2.266140341E+04
 1.041200000E-02     2.274626391E+04
 1.051700000E-02     2.283112441E+04
 1.062300000E-02     2.291415996E+04
 1.073000000E-02     2.299628302E+04
 1.083700000E-02     2.307658113E+04
 1.094600000E-02     2.315687924E+04
 1.105600000E-02     2.323535239E+04
 1.116700000E-02     2.330013836E+04
 1.128000000E-02     2.337496160E+04
 1.139300000E-02     2.344887235E+04
 1.150700000E-02     2.352187063E+04
 1.162300000E-02     2.359304396E+04
 1.174000000E-02     2.366239232E+04
 1.185800000E-02     2.373082821E+04
 1.197700000E-02     2.379743914E+04
 1.209700000E-02     2.386313759E+04
 1.221900000E-02     2.392609861E+04
 1.234200000E-02     2.398814714E+04
 1.246600000E-02     2.404837072E+04
 1.259100000E-02     2.410768183E+04
 1.271800000E-02     2.416425549E+04
 1.284600000E-02     2.421900420E+04
 1.297500000E-02     2.427284043E+04
 1.310500000E-02     2.432393923E+04
 1.323700000E-02     2.437412555E+04
 1.337000000E-02     2.442157443E+04
 1.350400000E-02     2.446811083E+04
 1.364000000E-02     2.452194706E+04
 1.377700000E-02     2.456392107E+04
 1.391500000E-02     2.460498261E+04
 1.405500000E-02     2.464239422E+04
 1.419700000E-02     2.467889336E+04
 1.433900000E-02     2.471265507E+04
 1.448300000E-02     2.474459182E+04
 1.462900000E-02     2.477470361E+04
 1.477600000E-02     2.480207796E+04
 1.492400000E-02     2.482671488E+04
 1.507400000E-02     2.484952684E+04
 1.522600000E-02     2.487051385E+04
 1.537900000E-02     2.488876342E+04
 1.553300000E-02     2.490427555E+04
 1.569000000E-02     2.491796273E+04
 1.584700000E-02     2.492891247E+04
 1.600700000E-02     2.493347486E+04
 1.616700000E-02     2.493894974E+04
 1.633000000E-02     2.494259965E+04
 1.649400000E-02     2.494351213E+04
 1.666000000E-02     2.494168717E+04
 1.682700000E-02     2.493712478E+04
 1.699600000E-02     2.492982495E+04
 1.716700000E-02     2.492070017E+04
 1.734000000E-02     2.490792547E+04
 1.751400000E-02     2.489241333E+04
 1.769000000E-02     2.487416376E+04
 1.786800000E-02     2.485408924E+04
 1.804700000E-02     2.483036479E+04
 1.822900000E-02     2.480390292E+04
 1.841200000E-02     2.477470361E+04
 1.859700000E-02     2.474367934E+04
 1.878400000E-02     2.470809268E+04
 1.897300000E-02     2.467068106E+04
 1.916300000E-02     2.462961953E+04
 1.935600000E-02     2.458673304E+04
 1.955000000E-02     2.454019663E+04
 1.974700000E-02     2.449001032E+04
 1.994500000E-02     2.443799904E+04
 2.014600000E-02     2.438233785E+04
 2.034800000E-02     2.432393923E+04
 2.055300000E-02     2.426280317E+04
 2.075900000E-02     2.419892968E+04
 2.096800000E-02     2.413140627E+04
 2.117900000E-02     2.406114542E+04
 2.139200000E-02     2.398814714E+04
 2.160700000E-02     2.391149895E+04
 2.182400000E-02     2.383302580E+04
 2.204300000E-02     2.375090274E+04
 2.226500000E-02     2.366604224E+04
 2.248800000E-02     2.357753182E+04
 2.271400000E-02     2.348719645E+04
 2.294300000E-02     2.339321117E+04
 2.317300000E-02     2.329740092E+04
 2.340600000E-02     2.319794077E+04
 2.364100000E-02     2.309574318E+04
 2.387900000E-02     2.299080815E+04
 2.411900000E-02     2.288313569E+04
 2.436100000E-02     2.277272579E+04
 2.460600000E-02     2.265957846E+04
 2.485300000E-02     2.254369369E+04
 2.510300000E-02     2.242507148E+04
 2.535600000E-02     2.230462432E+04
 2.561000000E-02     2.218143972E+04
 2.586800000E-02     2.205551769E+04
 2.612800000E-02     2.192685822E+04
 2.639000000E-02     2.179637380E+04
 2.665600000E-02     2.166406442E+04
 2.692300000E-02     2.152901760E+04
 2.719400000E-02     2.139123335E+04
 2.746700000E-02     2.125253662E+04
 2.774300000E-02     2.111110245E+04
 2.802200000E-02     2.096784333E+04
 2.830400000E-02     2.082275925E+04
 2.858800000E-02     2.067493773E+04
 2.887600000E-02     2.052620374E+04
 2.916600000E-02     2.037655726E+04
 2.945900000E-02     2.022417335E+04
 2.975500000E-02     2.007087697E+04
 3.005400000E-02     1.991666810E+04
 3.035600000E-02     1.976063428E+04
 3.066100000E-02     1.960368798E+04
 3.096900000E-02     1.944491672E+04
 3.128100000E-02     1.928614546E+04
 3.159500000E-02     1.912554925E+04
 3.191200000E-02     1.896495303E+04
 3.223300000E-02     1.880344434E+04
 3.255700000E-02     1.864102317E+04
 3.288400000E-02     1.847860199E+04
 3.321500000E-02     1.831618082E+04
 3.354900000E-02     1.815284717E+04
 3.388600000E-02     1.798951352E+04
 3.422600000E-02     1.782617987E+04
 3.457000000E-02     1.766375870E+04
 3.491800000E-02     1.749860009E+04
 3.526900000E-02     1.733161653E+04
 3.562300000E-02     1.716554544E+04
 3.598100000E-02     1.699947435E+04
 3.634300000E-02     1.683431575E+04
 3.670800000E-02     1.667006962E+04
 3.707700000E-02     1.650582349E+04
 3.745000000E-02     1.634340232E+04
 3.782600000E-02     1.618189362E+04
 3.820600000E-02     1.602220989E+04
 3.859000000E-02     1.586343863E+04
 3.897800000E-02     1.570649233E+04
 3.937000000E-02     1.555045850E+04
 3.976500000E-02     1.539624964E+04
 4.016500000E-02     1.524386573E+04
 4.056900000E-02     1.509330678E+04
 4.097600000E-02     1.494548526E+04
 4.138800000E-02     1.479857622E+04
 4.180400000E-02     1.465440462E+04
 4.222400000E-02     1.451205798E+04
 4.264900000E-02     1.437244877E+04
 4.307700000E-02     1.423466452E+04
 4.351000000E-02     1.409961770E+04
 4.394800000E-02     1.396730832E+04
 4.438900000E-02     1.383682389E+04
 4.483500000E-02     1.370998938E+04
 4.528600000E-02     1.358406735E+04
 4.574100000E-02     1.346179523E+04
 4.620100000E-02     1.334134807E+04
 4.666500000E-02     1.322455082E+04
 4.713400000E-02     1.310866605E+04
 4.760800000E-02     1.299643120E+04
 4.808600000E-02     1.288602130E+04
 4.857000000E-02     1.277834884E+04
 4.905800000E-02     1.267341381E+04
 4.955100000E-02     1.257030374E+04
 5.004900000E-02     1.246993111E+04
 5.055200000E-02     1.237138343E+04
 5.106000000E-02     1.227466071E+04
 5.157300000E-02     1.218067542E+04
 5.209100000E-02     1.208851510E+04
 5.261500000E-02     1.199817973E+04
 5.314400000E-02     1.190966931E+04
 5.367800000E-02     1.182298385E+04
 5.421700000E-02     1.173812335E+04
 5.476200000E-02     1.165417533E+04
 5.531200000E-02     1.157205227E+04
 5.586800000E-02     1.149175416E+04
 5.643000000E-02     1.141236853E+04
 5.699700000E-02     1.133389538E+04
 5.757000000E-02     1.125724719E+04
 5.814800000E-02     1.118059899E+04
 5.873300000E-02     1.110577576E+04
 5.932300000E-02     1.103095252E+04
 5.991900000E-02     1.095612928E+04
 6.052100000E-02     1.088221853E+04
 6.113000000E-02     1.080830777E+04
 6.174400000E-02     1.073439701E+04
 6.236500000E-02     1.066048625E+04
 6.299100000E-02     1.058566302E+04
 6.362400000E-02     1.050992730E+04
 6.426400000E-02     1.043327911E+04
 6.491000000E-02     1.035571843E+04
 6.556200000E-02     1.027633281E+04
 6.622100000E-02     1.019512222E+04
 6.688700000E-02     1.011299916E+04
 6.755900000E-02     1.002813866E+04
 6.823800000E-02     9.941453198E+03
 6.892400000E-02     9.852030306E+03
 6.961600000E-02     9.760782456E+03
 7.031600000E-02     9.666797171E+03
 7.102300000E-02     9.570074451E+03
 7.173600000E-02     9.471526774E+03
 7.245700000E-02     9.369329182E+03
 7.318500000E-02     9.265306634E+03
 7.392100000E-02     9.158546650E+03
 7.466400000E-02     9.049505470E+03
 7.541400000E-02     8.937818102E+03
 7.617200000E-02     8.823940786E+03
 7.693800000E-02     8.707691026E+03
 7.771100000E-02     8.589251317E+03
 7.849200000E-02     8.468712908E+03
 7.928100000E-02     8.346167046E+03
 8.007800000E-02     8.221796227E+03
 8.088300000E-02     8.095600452E+03
 8.169500000E-02     7.967853462E+03
 8.251600000E-02     7.838646508E+03
 8.334600000E-02     7.708162083E+03
 8.418300000E-02     7.576765180E+03
 8.502900000E-02     7.444638294E+03
 8.588400000E-02     7.312055168E+03
 8.674700000E-02     7.179472043E+03
 8.761900000E-02     7.047253909E+03
 8.850000000E-02     6.915674510E+03
 8.938900000E-02     6.785190086E+03
 9.028700000E-02     6.656256874E+03
 9.119500000E-02     6.529239868E+03
 9.211100000E-02     6.404504058E+03
 9.303700000E-02     6.282505683E+03
 9.397200000E-02     6.163518487E+03
 9.491600000E-02     6.047907462E+03
 9.587000000E-02     5.935946351E+03
 9.683400000E-02     5.827817649E+03
 9.780700000E-02     5.723703853E+03
 9.879000000E-02     5.623878706E+03
 9.978300000E-02     5.528250959E+03
 1.007900000E-01     5.437094358E+03
 1.018000000E-01     5.350226405E+03
 1.028200000E-01     5.267829597E+03
 1.038600000E-01     5.189630190E+03
 1.049000000E-01     5.115628184E+03
 1.059500000E-01     5.045732331E+03
 1.070200000E-01     4.979760136E+03
 1.080900000E-01     4.917437855E+03
 1.091800000E-01     4.858674240E+03
 1.102800000E-01     4.803286795E+03
 1.113900000E-01     4.750910530E+03
 1.125000000E-01     4.701271700E+03
 1.136400000E-01     4.654279057E+03
 1.147800000E-01     4.609476363E+03
 1.159300000E-01     4.566681122E+03
 1.171000000E-01     4.525528342E+03
 1.182700000E-01     4.485561784E+03
 1.194600000E-01     4.446416456E+03
 1.206600000E-01     4.407636120E+03
 1.218800000E-01     4.368855784E+03
 1.231000000E-01     4.329527961E+03
 1.243400000E-01     4.289196412E+03
 1.255900000E-01     4.247496144E+03
 1.268500000E-01     4.203879672E+03
 1.281200000E-01     4.158073252E+03
 1.294100000E-01     4.109894387E+03
 1.307100000E-01     4.058978087E+03
 1.320300000E-01     4.005415600E+03
 1.333500000E-01     3.949024429E+03
 1.346900000E-01     3.889895822E+03
 1.360500000E-01     3.828212276E+03
 1.374100000E-01     3.764065038E+03
 1.387900000E-01     3.697636604E+03
 1.401900000E-01     3.629200716E+03
 1.416000000E-01     3.559031120E+03
 1.430200000E-01     3.487584054E+03
 1.444600000E-01     3.415042014E+03
 1.459100000E-01     3.341952486E+03
 1.473800000E-01     3.268589215E+03
 1.488600000E-01     3.195590936E+03
 1.503500000E-01     3.123322639E+03
 1.518700000E-01     3.052149316E+03
 1.533900000E-01     2.982618455E+03
 1.549300000E-01     2.915003799E+03
 1.564900000E-01     2.849852834E+03
 1.580600000E-01     2.787530553E+03
 1.596500000E-01     2.728219451E+03
 1.612600000E-01     2.672284519E+03
 1.628800000E-01     2.619908254E+03
 1.645100000E-01     2.571181902E+03
 1.661700000E-01     2.526014217E+03
 1.678400000E-01     2.484496445E+03
 1.695200000E-01     2.446263596E+03
 1.712300000E-01     2.411041926E+03
 1.729500000E-01     2.378740187E+03
 1.746900000E-01     2.348810893E+03
 1.764400000E-01     2.320889051E+03
 1.782200000E-01     2.294518422E+03
 1.800100000E-01     2.269334016E+03
 1.818200000E-01     2.244697097E+03
 1.836400000E-01     2.220242673E+03
 1.854900000E-01     2.195423258E+03
 1.873500000E-01     2.169782612E+03
 1.892400000E-01     2.143138240E+03
 1.911400000E-01     2.115033903E+03
 1.930600000E-01     2.085378351E+03
 1.950000000E-01     2.053897843E+03
 1.969600000E-01     2.020683626E+03
 1.989400000E-01     1.985553204E+03
 2.009400000E-01     1.948780321E+03
 2.029600000E-01     1.910364976E+03
 2.050000000E-01     1.870763410E+03
 2.070600000E-01     1.830158117E+03
 2.091400000E-01     1.789005336E+03
 2.112400000E-01     1.747761308E+03
 2.133600000E-01     1.706791024E+03
 2.155100000E-01     1.666641970E+03
 2.176700000E-01     1.627770386E+03
 2.198600000E-01     1.590358768E+03
 2.220700000E-01     1.554772107E+03
 2.243000000E-01     1.521284146E+03
 2.265600000E-01     1.489986134E+03
 2.288300000E-01     1.460695574E+03
 2.311300000E-01     1.433686211E+03
 2.334600000E-01     1.408684300E+03
 2.358000000E-01     1.385689842E+03
 2.381700000E-01     1.364337845E+03
 2.405700000E-01     1.344537062E+03
 2.429800000E-01     1.325740005E+03
 2.454300000E-01     1.307490435E+03
 2.478900000E-01     1.289514609E+03
 2.503800000E-01     1.271356286E+03
 2.529000000E-01     1.252741725E+03
 2.554400000E-01     1.233305933E+03
 2.580100000E-01     1.213140159E+03
 2.606000000E-01     1.192061905E+03
 2.632200000E-01     1.169979926E+03
 2.658700000E-01     1.147076716E+03
 2.685400000E-01     1.123443523E+03
 2.712400000E-01     1.099354090E+03
 2.739600000E-01     1.074990914E+03
 2.767200000E-01     1.050718986E+03
 2.795000000E-01     1.026720802E+03
 2.823100000E-01     1.003452600E+03
 2.851500000E-01     9.810968774E+02
 2.880100000E-01     9.597448806E+02
 2.909100000E-01     9.395791059E+02
 2.938300000E-01     9.206908010E+02
 2.967800000E-01     9.029795934E+02
 2.997600000E-01     8.864272335E+02
 3.027800000E-01     8.708512256E+02
 3.058200000E-01     8.560508245E+02
 3.088900000E-01     8.418161599E+02
 3.120000000E-01     8.279373620E+02
 3.151300000E-01     8.141680616E+02
 3.183000000E-01     8.002892637E+02
 3.215000000E-01     7.861367222E+02
 3.247300000E-01     7.716191894E+02
 3.279900000E-01     7.567092908E+02
 3.312900000E-01     7.414617751E+02
 3.346200000E-01     7.259952646E+02
 3.379800000E-01     7.104466311E+02
 3.413800000E-01     6.949709958E+02
 3.448100000E-01     6.797143554E+02
 3.482800000E-01     6.648227064E+02
 3.517800000E-01     6.504329205E+02
 3.553100000E-01     6.366727448E+02
 3.588800000E-01     6.235786784E+02
 3.624900000E-01     6.111415965E+02
 3.661300000E-01     5.992885009E+02
 3.698100000E-01     5.879463932E+02
 3.735300000E-01     5.769966513E+02
 3.772800000E-01     5.663024033E+02
 3.810800000E-01     5.557541519E+02
 3.849100000E-01     5.452515244E+02
 3.887700000E-01     5.346941482E+02
 3.926800000E-01     5.240546490E+02
 3.966300000E-01     5.133421515E+02
 4.006100000E-01     5.026022796E+02
 4.046400000E-01     4.918989069E+02
 4.087100000E-01     4.813232811E+02
 4.128100000E-01     4.709666502E+02
 4.169600000E-01     4.609020124E+02
 4.211500000E-01     4.511658669E+02
 4.253900000E-01     4.417764631E+02
 4.296600000E-01     4.327429260E+02
 4.339800000E-01     4.240287564E+02
 4.383400000E-01     4.155700808E+02
 4.427500000E-01     4.073121504E+02
 4.472000000E-01     3.992002166E+02
 4.516900000E-01     3.911795306E+02
 4.562300000E-01     3.832044686E+02
 4.608200000E-01     3.752750305E+02
 4.654500000E-01     3.673912163E+02
 4.701200000E-01     3.595895251E+02
 4.748500000E-01     3.519064562E+02
 4.796200000E-01     3.443785086E+02
 4.844400000E-01     3.370421815E+02
 4.893100000E-01     3.298974749E+02
 4.942300000E-01     3.229717632E+02
 4.992000000E-01     3.162285471E+02
 5.042100000E-01     3.096769515E+02
 5.092800000E-01     3.032622277E+02
 5.144000000E-01     2.969661261E+02
 5.195700000E-01     2.907612723E+02
 5.247900000E-01     2.846476664E+02
 5.300600000E-01     2.786070587E+02
 5.353900000E-01     2.726576990E+02
 5.407700000E-01     2.668087118E+02
 5.462100000E-01     2.610783469E+02
 5.517000000E-01     2.554666041E+02
 5.572400000E-01     2.500008579E+02
 5.628400000E-01     2.446719835E+02
 5.685000000E-01     2.394617313E+02
 5.742100000E-01     2.343701013E+02
 5.799800000E-01     2.293879687E+02
 5.858100000E-01     2.244879592E+02
 5.917000000E-01     2.196791976E+02
 5.976500000E-01     2.149434342E+02
 6.036500000E-01     2.102989186E+02
 6.097200000E-01     2.057456510E+02
 6.158500000E-01     2.012836311E+02
 6.220400000E-01     1.969219839E+02
 6.282900000E-01     1.926607093E+02
 6.346000000E-01     1.884906826E+02
 6.409800000E-01     1.844119038E+02
 6.474200000E-01     1.804152479E+02
 6.539300000E-01     1.765007152E+02
 6.605000000E-01     1.726591807E+02
 6.671400000E-01     1.688906446E+02
 6.738400000E-01     1.652042314E+02
 6.806200000E-01     1.615816918E+02
 6.874600000E-01     1.580412753E+02
 6.943600000E-01     1.545829818E+02
 7.013400000E-01     1.511976865E+02
 7.083900000E-01     1.478762648E+02
 7.155100000E-01     1.446369662E+02
 7.227000000E-01     1.414524162E+02
 7.299700000E-01     1.383408646E+02
 7.373000000E-01     1.352840616E+02
 7.447100000E-01     1.323002569E+02
 7.522000000E-01     1.293712010E+02
 7.597600000E-01     1.265151433E+02
 7.673900000E-01     1.237138343E+02
 7.751000000E-01     1.209672740E+02
 7.828900000E-01     1.182845873E+02
 7.907600000E-01     1.156566492E+02
 7.987100000E-01     1.130834598E+02
 8.067400000E-01     1.105650192E+02
 8.148500000E-01     1.081013273E+02
 8.230300000E-01     1.056923840E+02
 8.313100000E-01     1.033290647E+02
 8.396600000E-01     1.010204941E+02
 8.481000000E-01     9.875754747E+01
 8.566200000E-01     9.654022473E+01
 8.652300000E-01     9.437765069E+01
 8.739300000E-01     9.226070059E+01
 8.827100000E-01     9.018663697E+01
 8.915800000E-01     8.815728480E+01
 9.005400000E-01     8.617173159E+01
 9.095900000E-01     8.422997736E+01
 9.187400000E-01     8.233019713E+01
 9.279700000E-01     8.047056596E+01
 9.372900000E-01     7.865108384E+01
 9.467100000E-01     7.687266325E+01
 9.562300000E-01     7.513165429E+01
 9.658400000E-01     7.342896941E+01
 9.755500000E-01     7.176278368E+01
 9.853500000E-01     7.013309709E+01
 9.952500000E-01     6.853899716E+01
 1.005300000E+00     6.697957142E+01
 1.015400000E+00     6.545481985E+01
 1.025600000E+00     6.396291751E+01
 1.035900000E+00     6.250295192E+01
 1.046300000E+00     6.107583556E+01
 1.056800000E+00     5.967974346E+01
 1.067400000E+00     5.831467563E+01
 1.078100000E+00     5.697880711E+01
 1.089000000E+00     5.567305039E+01
 1.099900000E+00     5.439558050E+01
 1.111000000E+00     5.314730992E+01
 1.122100000E+00     5.192550121E+01
 1.133400000E+00     5.073106686E+01
 1.144800000E+00     4.956309439E+01
 1.156300000E+00     4.842158379E+01
 1.167900000E+00     4.730471012E+01
 1.179700000E+00     4.621247336E+01
 1.191500000E+00     4.514578600E+01
 1.203500000E+00     4.410191060E+01
 1.215600000E+00     4.308175964E+01
 1.227800000E+00     4.208350817E+01
 1.240200000E+00     4.110806866E+01
 1.252600000E+00     4.015544111E+01
 1.265200000E+00     3.922288809E+01
 1.277900000E+00     3.831132207E+01
 1.290800000E+00     3.742074306E+01
 1.303700000E+00     3.655023858E+01
 1.316800000E+00     3.569889614E+01
 1.330100000E+00     3.486671576E+01
 1.343500000E+00     3.405369742E+01
 1.357000000E+00     3.325892865E+01
 1.370600000E+00     3.248149697E+01
 1.384400000E+00     3.172231486E+01
 1.398300000E+00     3.097955737E+01
 1.412300000E+00     3.025413697E+01
 1.426500000E+00     2.954605365E+01
 1.440900000E+00     2.885257000E+01
 1.455300000E+00     2.817551096E+01
 1.470000000E+00     2.751396405E+01
 1.484700000E+00     2.686701679E+01
 1.499700000E+00     2.623558168E+01
 1.514700000E+00     2.561783373E+01
 1.530000000E+00     2.501468545E+01
 1.545300000E+00     2.442431186E+01
 1.560900000E+00     2.384853793E+01
 1.576600000E+00     2.328553870E+01
 1.592400000E+00     2.273531417E+01
 1.608400000E+00     2.219786434E+01
 1.624600000E+00     2.167227672E+01
 1.640900000E+00     2.115946381E+01
 1.657400000E+00     2.065760064E+01
 1.674000000E+00     2.016759969E+01
 1.690900000E+00     1.968946096E+01
 1.707900000E+00     1.922227197E+01
 1.725000000E+00     1.876512024E+01
 1.742400000E+00     1.831891826E+01
 1.759900000E+00     1.788275354E+01
 1.777600000E+00     1.745753856E+01
 1.795400000E+00     1.704144836E+01
 1.813500000E+00     1.663539543E+01
 1.831700000E+00     1.623846729E+01
 1.850100000E+00     1.585066393E+01
 1.868700000E+00     1.547198535E+01
 1.887500000E+00     1.510243156E+01
 1.906400000E+00     1.474109008E+01
 1.925600000E+00     1.438796090E+01
 1.945000000E+00     1.404304403E+01
 1.964500000E+00     1.370725195E+01
 1.984300000E+00     1.337784721E+01
 2.004200000E+00     1.305756726E+01
 2.024300000E+00     1.274367466E+01
 2.044700000E+00     1.243708188E+01
 2.065200000E+00     1.213870141E+01
 2.086000000E+00     1.184670829E+01
 2.107000000E+00     1.156110253E+01
 2.128100000E+00     1.128279659E+01
 2.149500000E+00     1.101087799E+01
 2.171100000E+00     1.074534675E+01
 2.192900000E+00     1.048529038E+01
 2.215000000E+00     1.023253384E+01
 2.237200000E+00     9.985252166E+00
 2.259700000E+00     9.743445365E+00
 2.282400000E+00     9.508025913E+00
 2.305400000E+00     9.278081333E+00
 2.328500000E+00     9.053064136E+00
 2.351900000E+00     8.833704306E+00
 2.375600000E+00     8.619454355E+00
 2.399500000E+00     8.410314284E+00
 2.423600000E+00     8.206192845E+00
 2.447900000E+00     8.006816294E+00
 2.472500000E+00     7.812184631E+00
 2.497400000E+00     7.622206609E+00
 2.522500000E+00     7.436790979E+00
 2.547800000E+00     7.255663997E+00
 2.573400000E+00     7.078916913E+00
 2.599300000E+00     6.906367230E+00
 2.625400000E+00     6.737923700E+00
 2.651800000E+00     6.573495075E+00
 2.678500000E+00     6.412990108E+00
 2.705400000E+00     6.256317550E+00
 2.732600000E+00     6.103386154E+00
 2.760000000E+00     5.954104673E+00
 2.787800000E+00     5.808381857E+00
 2.815800000E+00     5.666126460E+00
 2.844100000E+00     5.527338481E+00
 2.872700000E+00     5.391835424E+00
 2.901500000E+00     5.259617291E+00
 2.930700000E+00     5.130592831E+00
 2.960200000E+00     5.004579551E+00
 2.989900000E+00     4.881668698E+00
 3.020000000E+00     4.761769024E+00
 3.050300000E+00     4.644606785E+00
 3.081000000E+00     4.530364478E+00
 3.111900000E+00     4.418859606E+00
 3.143200000E+00     4.310092169E+00
 3.174800000E+00     4.203879672E+00
 3.206700000E+00     4.100222115E+00
 3.238900000E+00     3.999119498E+00
 3.271500000E+00     3.900480573E+00
 3.304400000E+00     3.804122844E+00
 3.337600000E+00     3.710137559E+00
 3.371100000E+00     3.618433470E+00
 3.405000000E+00     3.529010578E+00
 3.439200000E+00     3.441686386E+00
 3.473800000E+00     3.356460894E+00
 3.508700000E+00     3.273334104E+00
 3.544000000E+00     3.192306013E+00
 3.579600000E+00     3.113102880E+00
 3.615500000E+00     3.035907199E+00
 3.651900000E+00     2.960627723E+00
 3.688600000E+00     2.887081957E+00
 3.725700000E+00     2.815452395E+00
 3.763100000E+00     2.745465294E+00
 3.800900000E+00     2.677211903E+00
 3.839100000E+00     2.610692221E+00
 3.877700000E+00     2.545723752E+00
 3.916700000E+00     2.482306497E+00
 3.956000000E+00     2.420531703E+00
 3.995800000E+00     2.360216874E+00
 4.036000000E+00     2.301362011E+00
 4.076500000E+00     2.243967114E+00
 4.117500000E+00     2.187940934E+00
 4.158900000E+00     2.133374720E+00
 4.200700000E+00     2.080085976E+00
 4.242900000E+00     2.028074702E+00
 4.285500000E+00     1.977432146E+00
 4.328600000E+00     1.927975811E+00
 4.372100000E+00     1.879705699E+00
 4.416000000E+00     1.832713056E+00
 4.460400000E+00     1.786815388E+00
 4.505200000E+00     1.742012694E+00
 4.550500000E+00     1.698396222E+00
 4.596300000E+00     1.655783476E+00
 4.642500000E+00     1.614265705E+00
 4.689100000E+00     1.573751660E+00
 4.736200000E+00     1.534241341E+00
 4.783800000E+00     1.495734748E+00
 4.831900000E+00     1.458140634E+00
 4.880500000E+00     1.421458999E+00
 4.929500000E+00     1.385689842E+00
 4.979100000E+00     1.350833163E+00
 5.029100000E+00     1.316888963E+00
 5.079700000E+00     1.283674746E+00
 5.130700000E+00     1.251373007E+00
 5.182300000E+00     1.219801252E+00
 5.234300000E+00     1.189050726E+00
 5.287000000E+00     1.159121432E+00
 5.340100000E+00     1.129830872E+00
 5.393800000E+00     1.101361543E+00
 5.448000000E+00     1.073530949E+00
 5.502700000E+00     1.046430338E+00
 5.558000000E+00     1.019968461E+00
 5.613900000E+00     9.941453198E-01
 5.670300000E+00     9.690521612E-01
 5.727300000E+00     9.445064897E-01
 5.784800000E+00     9.205995532E-01
 5.843000000E+00     8.972948524E-01
 5.901700000E+00     8.745650131E-01
 5.961000000E+00     8.524009105E-01
 6.020900000E+00     8.307842949E-01
 6.081400000E+00     8.097151665E-01
 6.142600000E+00     7.891752756E-01
 6.204300000E+00     7.691463726E-01
 6.266700000E+00     7.496193329E-01
 6.329600000E+00     7.305759067E-01
 6.393200000E+00     7.120160941E-01
 6.457500000E+00     6.939216455E-01
 6.522400000E+00     6.762743115E-01
 6.587900000E+00     6.590740918E-01
 6.654200000E+00     6.423027371E-01
 6.721000000E+00     6.259511225E-01
 6.788600000E+00     6.100101232E-01
 6.856800000E+00     5.944706144E-01
 6.925700000E+00     5.793143466E-01
 6.995300000E+00     5.645504446E-01
 7.065600000E+00     5.501515339E-01
 7.136600000E+00     5.361176147E-01
 7.208400000E+00     5.224304373E-01
 7.280800000E+00     5.090991265E-01
 7.354000000E+00     4.960963079E-01
 7.427900000E+00     4.834219816E-01
 7.502500000E+00     4.710670228E-01
 7.577900000E+00     4.590223067E-01
 7.654100000E+00     4.472787085E-01
 7.731000000E+00     4.358362281E-01
 7.808700000E+00     4.246857409E-01
 7.887200000E+00     4.138089973E-01
 7.966500000E+00     4.032151220E-01
 8.046500000E+00     3.928767406E-01
 8.127400000E+00     3.828121028E-01
 8.209100000E+00     3.729938342E-01
 8.291600000E+00     3.634310596E-01
 8.374900000E+00     3.541055294E-01
 8.459100000E+00     3.450263684E-01
 8.544100000E+00     3.361662022E-01
 8.630000000E+00     3.275341556E-01
 8.716700000E+00     3.191211039E-01
 8.804300000E+00     3.109179222E-01
 8.892800000E+00     3.029246106E-01
 8.982200000E+00     2.951320443E-01
 9.072500000E+00     2.875402232E-01
 9.163600000E+00     2.801400226E-01
 9.255700000E+00     2.729314425E-01
 9.348700000E+00     2.659053581E-01
 9.442700000E+00     2.590526446E-01
 9.537600000E+00     2.523824268E-01
 9.633500000E+00     2.458764551E-01
 9.730300000E+00     2.395438544E-01
 9.828100000E+00     2.333663750E-01
 9.926800000E+00     2.273440169E-01
 1.002700000E+01     2.214767802E-01
 1.012700000E+01     2.157555400E-01
 1.022900000E+01     2.101894212E-01
 1.033200000E+01     2.047601742E-01
 1.043600000E+01     1.994677989E-01
 1.054100000E+01     1.943122954E-01
 1.064700000E+01     1.892845389E-01
 1.075400000E+01     1.843936542E-01
 1.086200000E+01     1.796213917E-01
 1.097100000E+01     1.749768761E-01
 1.108100000E+01     1.704418580E-01
 1.119200000E+01     1.660345869E-01
 1.130500000E+01     1.617276884E-01
 1.141900000E+01     1.575394121E-01
 1.153300000E+01     1.534606332E-01
 1.164900000E+01     1.494822270E-01
 1.176600000E+01     1.456041934E-01
 1.188500000E+01     1.418265324E-01
 1.200400000E+01     1.381492441E-01
 1.212500000E+01     1.345632036E-01
 1.224700000E+01     1.310684110E-01
 1.237000000E+01     1.276648662E-01
 1.249400000E+01     1.243434445E-01
 1.261900000E+01     1.211132706E-01
 1.274600000E+01     1.179652198E-01
 1.287400000E+01     1.148992920E-01
 1.300400000E+01     1.119154874E-01
 1.313500000E+01     1.090046810E-01
 1.326700000E+01     1.061668728E-01
 1.340000000E+01     1.034020630E-01
 1.353500000E+01     1.007102514E-01
 1.367100000E+01     9.808231338E-02
 1.380800000E+01     9.552737360E-02
 1.394700000E+01     9.304543209E-02
 1.408700000E+01     9.061550186E-02
 1.422800000E+01     8.825218256E-02
 1.437100000E+01     8.595091180E-02
 1.451600000E+01     8.370803966E-02
 1.466200000E+01     8.152447862E-02
 1.480900000E+01     7.939566629E-02
 1.495800000E+01     7.732342763E-02
 1.510800000E+01     7.530411272E-02
 1.526000000E+01     7.333680909E-02
 1.541300000E+01     7.142060425E-02
 1.556800000E+01     6.955367325E-02
 1.572500000E+01     6.773510361E-02
 1.588300000E+01     6.596307037E-02
 1.604300000E+01     6.423757354E-02
 1.620400000E+01     6.255678815E-02
 1.636700000E+01     6.091980173E-02
 1.653100000E+01     5.932478932E-02
 1.669700000E+01     5.777083845E-02
 1.686500000E+01     5.625794910E-02
 1.703500000E+01     5.478338386E-02
 1.720600000E+01     5.334805518E-02
 1.737900000E+01     5.194922565E-02
 1.755300000E+01     5.058689526E-02
 1.773000000E+01     4.926015153E-02
 1.790800000E+01     4.796808198E-02
 1.808800000E+01     4.670977414E-02
 1.827000000E+01     4.548340304E-02
 1.845300000E+01     4.428896869E-02
 1.863900000E+01     4.312647109E-02
 1.882600000E+01     4.199317280E-02
 1.901500000E+01     4.088998630E-02
 1.920600000E+01     3.981508663E-02
 1.939900000E+01     3.876847380E-02
 1.959400000E+01     3.774923532E-02
 1.979100000E+01     3.675645872E-02
 1.999000000E+01     3.578923151E-02
 2.019100000E+01     3.484755371E-02
 2.039400000E+01     3.393051282E-02
 2.059900000E+01     3.303628390E-02
 2.080600000E+01     3.216669189E-02
 2.101500000E+01     3.131899937E-02
 2.122600000E+01     3.049411881E-02
 2.144000000E+01     2.969022526E-02
 2.165500000E+01     2.890823119E-02
 2.187300000E+01     2.814539916E-02
 2.209300000E+01     2.740355415E-02
 2.231500000E+01     2.668087118E-02
 2.253900000E+01     2.597643778E-02
 2.276500000E+01     2.529116643E-02
 2.299400000E+01     2.462323218E-02
 2.322500000E+01     2.397263501E-02
 2.345900000E+01     2.334028741E-02
 2.369400000E+01     2.272345195E-02
 2.393300000E+01     2.212304110E-02
 2.417300000E+01     2.153814239E-02
 2.441600000E+01     2.096875581E-02
 2.466100000E+01     2.041396888E-02
 2.490900000E+01     1.987378161E-02
 2.516000000E+01     1.934819400E-02
 2.541300000E+01     1.883629356E-02
 2.566800000E+01     1.833808031E-02
 2.592600000E+01     1.785264175E-02
 2.618600000E+01     1.737997789E-02
 2.645000000E+01     1.691917625E-02
 2.671500000E+01     1.647114931E-02
 2.698400000E+01     1.603407211E-02
 2.725500000E+01     1.560976961E-02
 2.752900000E+01     1.519550437E-02
 2.780600000E+01     1.479310135E-02
 2.808500000E+01     1.440073560E-02
 2.836700000E+01     1.401840711E-02
 2.865300000E+01     1.364611589E-02
 2.894100000E+01     1.328386192E-02
 2.923100000E+01     1.293164523E-02
 2.952500000E+01     1.258764083E-02
 2.982200000E+01     1.225367370E-02
 3.012200000E+01     1.192791888E-02
 3.042400000E+01     1.161128884E-02
 3.073000000E+01     1.130287111E-02
 3.103900000E+01     1.100175321E-02
 3.135100000E+01     1.070976009E-02
 3.166600000E+01     1.042506680E-02
 3.198400000E+01     1.014767334E-02
 3.230600000E+01     9.877579704E-03
 3.263000000E+01     9.614785897E-03
 3.295800000E+01     9.358379440E-03
 3.328900000E+01     9.109272811E-03
 3.362400000E+01     8.866644780E-03
 3.396200000E+01     8.630495345E-03
 3.430300000E+01     8.400459517E-03
 3.464800000E+01     8.176628542E-03
 3.499600000E+01     7.958637430E-03
 3.534800000E+01     7.746394932E-03
 3.570300000E+01     7.539809801E-03
 3.606200000E+01     7.338699540E-03
 3.642500000E+01     7.142881655E-03
 3.679100000E+01     6.952264898E-03
 3.716000000E+01     6.766666772E-03
 3.753400000E+01     6.585996030E-03
 3.791100000E+01     6.410161424E-03
 3.829200000E+01     6.238889211E-03
 3.867700000E+01     6.072179390E-03
 3.906600000E+01     5.909940714E-03
 3.945800000E+01     5.751990686E-03
 3.985500000E+01     5.598238060E-03
 4.025500000E+01     5.448500339E-03
 4.066000000E+01     5.302777523E-03
 4.106900000E+01     5.160887117E-03
 4.148100000E+01     5.022737873E-03
 4.189800000E+01     4.888329791E-03
 4.231900000E+01     4.757480375E-03
 4.274500000E+01     4.630098377E-03
 4.317400000E+01     4.506092550E-03
 4.360800000E+01     4.385371645E-03
 4.404600000E+01     4.267844415E-03
 4.448900000E+01     4.153419612E-03
 4.493600000E+01     4.042097235E-03
 4.538800000E+01     3.933694790E-03
 4.584400000E+01     3.828212276E-03
 4.630500000E+01     3.725558445E-03
 4.677000000E+01     3.625550802E-03
 4.724000000E+01     3.528280595E-03
 4.771500000E+01     3.433565327E-03
 4.819400000E+01     3.341313751E-03
 4.867900000E+01     3.251617115E-03
 4.916800000E+01     3.164292923E-03
 4.966200000E+01     3.079249928E-03
 5.016100000E+01     2.996488128E-03
 5.066500000E+01     2.915916277E-03
 5.117500000E+01     2.837534375E-03
 5.168900000E+01     2.761251172E-03
 5.220800000E+01     2.686975423E-03
 5.273300000E+01     2.614615878E-03
 5.326300000E+01     2.544263786E-03
 5.379800000E+01     2.475827899E-03
 5.433900000E+01     2.409125721E-03
 5.488500000E+01     2.344248500E-03
 5.543700000E+01     2.281104989E-03
 5.599400000E+01     2.219603938E-03
 5.655700000E+01     2.159836597E-03
 5.712500000E+01     2.101620469E-03
 5.769900000E+01     2.044955554E-03
 5.827900000E+01     1.989750605E-03
 5.886500000E+01     1.936096870E-03
 5.945600000E+01     1.883811852E-03
 6.005400000E+01     1.832986800E-03
 6.065700000E+01     1.783530465E-03
 6.126700000E+01     1.735351601E-03
 6.188300000E+01     1.688450206E-03
 6.250500000E+01     1.642917529E-03
 6.313300000E+01     1.598479827E-03
 6.376700000E+01     1.555228346E-03
 6.440800000E+01     1.513254335E-03
 6.505600000E+01     1.472284051E-03
 6.570900000E+01     1.432499989E-03
 6.637000000E+01     1.393719653E-03
 6.703700000E+01     1.356034291E-03
 6.771100000E+01     1.319261407E-03
 6.839100000E+01     1.283583498E-03
 6.907800000E+01     1.248818068E-03
 6.977300000E+01     1.214965116E-03
 7.047400000E+01     1.182024642E-03
 7.118200000E+01     1.149996647E-03
 7.189800000E+01     1.118789882E-03
 7.262000000E+01     1.088495596E-03
 7.335000000E+01     1.058931293E-03
 7.408700000E+01     1.030188220E-03
 7.483200000E+01     1.002266378E-03
 7.558400000E+01     9.750745193E-04
 7.634300000E+01     9.486126430E-04
 7.711100000E+01     9.227895016E-04
 7.788600000E+01     8.977328421E-04
 7.866800000E+01     8.733331672E-04
 7.945900000E+01     8.495904767E-04
 8.025800000E+01     8.264865212E-04
 8.106400000E+01     8.040030511E-04
 8.187900000E+01     7.821309416E-04
 8.270200000E+01     7.608428183E-04
 8.353300000E+01     7.401295565E-04
 8.437300000E+01     7.199729066E-04
 8.522100000E+01     7.003546189E-04
 8.607700000E+01     6.812746936E-04
 8.694200000E+01     6.627057562E-04
 8.781600000E+01     6.446386821E-04
 8.869800000E+01     6.270552215E-04
 8.959000000E+01     6.099462497E-04
 9.049000000E+01     5.933026420E-04
 9.140000000E+01     5.771061487E-04
 9.231800000E+01     5.613385203E-04
 9.324600000E+01     5.460088816E-04
 9.418300000E+01     5.310898582E-04
 9.513000000E+01     5.165723253E-04
 9.608600000E+01     5.024471582E-04
 9.705100000E+01     4.887052321E-04
 9.802700000E+01     4.753282974E-04
 9.901200000E+01     4.623163541E-04
 1.000100000E+02     4.496602773E-04
 1.010100000E+02     4.373418177E-04
 1.020300000E+02     4.253609750E-04
 1.030500000E+02     4.136994999E-04
 1.040900000E+02     4.023573922E-04
 1.051300000E+02     3.913255272E-04
 1.061900000E+02     3.805856553E-04
 1.072600000E+02     3.701377765E-04
 1.083400000E+02     3.599818909E-04
 1.094300000E+02     3.500906240E-04
 1.105300000E+02     3.404731007E-04
 1.116400000E+02     3.311110713E-04
 1.127600000E+02     3.220045359E-04
 1.138900000E+02     3.131443698E-04
 1.150400000E+02     3.045305728E-04
 1.161900000E+02     2.961448954E-04
 1.173600000E+02     2.879873377E-04
 1.185400000E+02     2.800487748E-04
 1.197300000E+02     2.723292067E-04
 1.209300000E+02     2.648195087E-04
 1.221500000E+02     2.575196807E-04
 1.233800000E+02     2.504114733E-04
 1.246200000E+02     2.434948863E-04
 1.258700000E+02     2.367699198E-04
 1.271300000E+02     2.302274490E-04
 1.284100000E+02     2.238583491E-04
 1.297000000E+02     2.176717449E-04
 1.310100000E+02     2.116493868E-04
 1.323200000E+02     2.057821501E-04
 1.336500000E+02     2.000882843E-04
 1.350000000E+02     1.945404150E-04
 1.363500000E+02     1.891476671E-04
 1.377200000E+02     1.839009158E-04
 1.391100000E+02     1.788001610E-04
 1.405000000E+02     1.738362780E-04
 1.419200000E+02     1.690092668E-04
 1.433400000E+02     1.643100025E-04
 1.447800000E+02     1.597384853E-04
 1.462400000E+02     1.552947150E-04
 1.477100000E+02     1.509695669E-04
 1.491900000E+02     1.467721659E-04
 1.506900000E+02     1.426751374E-04
 1.522100000E+02     1.386967312E-04
 1.537400000E+02     1.348278224E-04
 1.552800000E+02     1.310684110E-04
 1.568400000E+02     1.274093722E-04
 1.584200000E+02     1.238507061E-04
 1.600100000E+02     1.203832878E-04
 1.616200000E+02     1.170162421E-04
 1.632400000E+02     1.137404443E-04
 1.648800000E+02     1.105558944E-04
 1.665400000E+02     1.074534675E-04
 1.682100000E+02     1.044422885E-04
 1.699100000E+02     1.015132325E-04
 1.716100000E+02     9.866629962E-05
 1.733400000E+02     9.589236499E-05
 1.750800000E+02     9.319142865E-05
 1.768400000E+02     9.057444033E-05
 1.786200000E+02     8.802406294E-05
 1.804100000E+02     8.554485887E-05
 1.822300000E+02     8.313317820E-05
 1.840600000E+02     8.078810847E-05
 1.859100000E+02     7.850782472E-05
 1.877700000E+02     7.629050197E-05
 1.896600000E+02     7.413431529E-05
 1.915700000E+02     7.203743971E-05
 1.934900000E+02     6.999805028E-05
 1.954400000E+02     6.801523451E-05
 1.974000000E+02     6.608625497E-05
 1.993900000E+02     6.421111166E-05
 2.013900000E+02     6.238797963E-05
 2.034100000E+02     6.061594639E-05
 2.054600000E+02     5.889227452E-05
 2.075200000E+02     5.721605152E-05
 2.096100000E+02     5.558636493E-05
 2.117200000E+02     5.400138979E-05
 2.138400000E+02     5.246112609E-05
 2.159900000E+02     5.096283640E-05
 2.181600000E+02     4.950652072E-05
 2.203600000E+02     4.809035410E-05
 2.225700000E+02     4.671433653E-05
 2.248100000E+02     4.537573058E-05
 2.270700000E+02     4.407453624E-05
 2.293500000E+02     4.280984105E-05
 2.316500000E+02     4.157982004E-05
 2.339800000E+02     4.038447321E-05
 2.363300000E+02     3.922197561E-05
 2.387100000E+02     3.809232723E-05
 2.411100000E+02     3.699370313E-05
 2.435300000E+02     3.592610329E-05
 2.459800000E+02     3.488861524E-05
 2.484500000E+02     3.387941402E-05
 2.509500000E+02     3.289849964E-05
 2.534700000E+02     3.194587209E-05
 2.560200000E+02     3.101879394E-05
 2.585900000E+02     3.011817767E-05
 2.611900000E+02     2.924311079E-05
 2.638100000E+02     2.839268084E-05
 2.664600000E+02     2.756597532E-05
 2.691400000E+02     2.676208177E-05
 2.718500000E+02     2.598100018E-05
 2.745800000E+02     2.522181807E-05
 2.773400000E+02     2.448453544E-05
 2.801300000E+02     2.376732735E-05
 2.829400000E+02     2.307110626E-05
 2.857900000E+02     2.239404721E-05
 2.886600000E+02     2.173615022E-05
 2.915600000E+02     2.109650279E-05
 2.944900000E+02     2.047601742E-05
 2.974500000E+02     1.987195665E-05
 3.004400000E+02     1.928614546E-05
 3.034600000E+02     1.871584640E-05
 3.065100000E+02     1.816288443E-05
 3.095900000E+02     1.762452212E-05
 3.127000000E+02     1.710258442E-05
 3.158400000E+02     1.659433390E-05
 3.190200000E+02     1.610159552E-05
 3.222200000E+02     1.562254431E-05
 3.254600000E+02     1.515718027E-05
 3.287300000E+02     1.470459094E-05
 3.320400000E+02     1.426568878E-05
 3.353700000E+02     1.383956133E-05
 3.387400000E+02     1.342529609E-05
 3.421500000E+02     1.302289307E-05
 3.455900000E+02     1.263235228E-05
 3.490600000E+02     1.225276123E-05
 3.525700000E+02     1.188411991E-05
 3.561100000E+02     1.152642834E-05
 3.596900000E+02     1.117877404E-05
 3.633100000E+02     1.084115699E-05
 3.669600000E+02     1.051357721E-05
 3.706400000E+02     1.019512222E-05
 3.743700000E+02     9.885792010E-06
 3.781300000E+02     9.586499064E-06
 3.819300000E+02     9.294505946E-06
 3.857700000E+02     9.012093852E-06
 3.896500000E+02     8.737529073E-06
 3.935600000E+02     8.471085352E-06
 3.975200000E+02     8.212488947E-06
 4.015100000E+02     7.961466113E-06
 4.055500000E+02     7.717743107E-06
 4.096200000E+02     7.481228681E-06
 4.137400000E+02     7.251649092E-06
 4.179000000E+02     7.028821844E-06
 4.221000000E+02     6.812655688E-06
 4.263400000E+02     6.602876882E-06
 4.306300000E+02     6.399302930E-06
 4.349500000E+02     6.201751336E-06
 4.393300000E+02     6.010130852E-06
 4.437400000E+02     5.824167735E-06
 4.482000000E+02     5.643770737E-06
 4.527100000E+02     5.468757361E-06
 4.572600000E+02     5.298945114E-06
 4.618500000E+02     5.134242745E-06
 4.664900000E+02     4.974467761E-06
 4.711800000E+02     4.819620160E-06
 4.759200000E+02     4.669334952E-06
 4.807000000E+02     4.523520889E-06
 4.855300000E+02     4.382177970E-06
 4.904100000E+02     4.245123700E-06
 4.953400000E+02     4.112266831E-06
 5.003200000E+02     3.983333620E-06
