#           99    0.0132908
 7.85398e-07  5.67664e+08
 8.05033e-07  5.81341e+08
 8.25159e-07  5.95342e+08
 8.45788e-07  6.09675e+08
 8.66933e-07  6.24347e+08
 8.88606e-07  6.39367e+08
 9.10821e-07   6.5474e+08
 9.33592e-07  6.70476e+08
 9.56931e-07  6.86582e+08
 9.80855e-07  7.03067e+08
 1.00538e-06  7.19939e+08
 1.03051e-06  7.37205e+08
 1.05627e-06  7.54875e+08
 1.08268e-06  7.72958e+08
 1.10975e-06  7.91462e+08
 1.13749e-06  8.10396e+08
 1.16593e-06  8.29769e+08
 1.19508e-06   8.4959e+08
 1.22495e-06  8.69868e+08
 1.25558e-06  8.90612e+08
 1.28697e-06  9.11832e+08
 1.31914e-06  9.33537e+08
 1.35212e-06  9.55736e+08
 1.38592e-06   9.7844e+08
 1.42057e-06  1.00166e+09
 1.45608e-06   1.0254e+09
 1.49249e-06  1.04968e+09
  1.5298e-06   1.0745e+09
 1.56804e-06  1.09987e+09
 1.60724e-06  1.12581e+09
 1.64743e-06  1.15233e+09
 1.68861e-06  1.17942e+09
 1.73083e-06  1.20711e+09
  1.7741e-06  1.23541e+09
 1.81845e-06  1.26432e+09
 1.86391e-06  1.29384e+09
 1.91051e-06  1.32401e+09
 1.95827e-06  1.35481e+09
 2.00723e-06  1.38626e+09
 2.05741e-06  1.41837e+09
 2.10884e-06  1.45115e+09
 2.16157e-06  1.48461e+09
  2.2156e-06  1.51875e+09
 2.27099e-06  1.55358e+09
 2.32777e-06  1.58911e+09
 2.38596e-06  1.62534e+09
 2.44561e-06  1.66229e+09
 2.50675e-06  1.69995e+09
 2.56942e-06  1.73834e+09
 2.63366e-06  1.77745e+09
  2.6995e-06   1.8173e+09
 2.76699e-06  1.85788e+09
 2.83616e-06  1.89919e+09
 2.90707e-06  1.94124e+09
 2.97974e-06  1.98403e+09
 3.05424e-06  2.02755e+09
 3.13059e-06  2.07181e+09
 3.20886e-06   2.1168e+09
 3.28908e-06  2.16251e+09
  3.3713e-06  2.20895e+09
 3.45559e-06  2.25611e+09
 3.54198e-06  2.30396e+09
 3.63053e-06  2.35252e+09
 3.72129e-06  2.40176e+09
 3.81432e-06  2.45167e+09
 3.90968e-06  2.50223e+09
 4.00742e-06  2.55344e+09
 4.10761e-06  2.60526e+09
  4.2103e-06  2.65768e+09
 4.31555e-06  2.71068e+09
 4.42344e-06  2.76423e+09
 4.53403e-06  2.81831e+09
 4.64738e-06  2.87288e+09
 4.76356e-06  2.92791e+09
 4.88265e-06  2.98337e+09
 5.00472e-06  3.03923e+09
 5.12984e-06  3.09544e+09
 5.25808e-06  3.15197e+09
 5.38954e-06  3.20877e+09
 5.52427e-06  3.26579e+09
 5.66238e-06    3.323e+09
 5.80394e-06  3.38034e+09
 5.94904e-06  3.43776e+09
 6.09777e-06  3.49521e+09
 6.25021e-06  3.55263e+09
 6.40646e-06  3.60996e+09
 6.56663e-06  3.66715e+09
 6.73079e-06  3.72414e+09
 6.89906e-06  3.78086e+09
 7.07154e-06  3.83726e+09
 7.24833e-06  3.89325e+09
 7.42953e-06  3.94879e+09
 7.61527e-06   4.0038e+09
 7.80566e-06  4.05822e+09
  8.0008e-06  4.11197e+09
 8.20082e-06  4.16498e+09
 8.40584e-06  4.21718e+09
 8.61598e-06   4.2685e+09
 8.83138e-06  4.31886e+09
 9.05217e-06  4.36819e+09
 9.27847e-06  4.41641e+09
 9.51043e-06  4.46343e+09
 9.74819e-06  4.50918e+09
  9.9919e-06  4.55357e+09
 1.02417e-05  4.59652e+09
 1.04977e-05  4.63794e+09
 1.07602e-05  4.67774e+09
 1.10292e-05  4.71582e+09
 1.13049e-05  4.75209e+09
 1.15875e-05  4.78645e+09
 1.18772e-05   4.8188e+09
 1.21742e-05  4.84903e+09
 1.24785e-05  4.87704e+09
 1.27905e-05  4.90273e+09
 1.31102e-05  4.92598e+09
  1.3438e-05  4.94669e+09
 1.37739e-05  4.96475e+09
 1.41183e-05  4.98005e+09
 1.44712e-05  4.99248e+09
  1.4833e-05  5.00194e+09
 1.52039e-05  5.00834e+09
  1.5584e-05  5.01157e+09
 1.59736e-05  5.01154e+09
 1.63729e-05  5.00818e+09
 1.67822e-05  5.00139e+09
 1.72018e-05   4.9911e+09
 1.76318e-05  4.97725e+09
 1.80726e-05  4.95978e+09
 1.85244e-05  4.93864e+09
 1.89875e-05  4.91379e+09
 1.94622e-05   4.8852e+09
 1.99488e-05  4.85285e+09
 2.04475e-05  4.81674e+09
 2.09587e-05  4.77687e+09
 2.14826e-05  4.73329e+09
 2.20197e-05  4.68602e+09
 2.25702e-05  4.63512e+09
 2.31345e-05  4.58066e+09
 2.37128e-05  4.52277e+09
 2.43056e-05  4.46156e+09
 2.49133e-05  4.39717e+09
 2.55361e-05  4.32975e+09
 2.61745e-05  4.25949e+09
 2.68289e-05  4.18661e+09
 2.74996e-05  4.11136e+09
 2.81871e-05  4.03395e+09
 2.88918e-05  3.95463e+09
 2.96141e-05  3.87372e+09
 3.03544e-05  3.79155e+09
 3.11133e-05  3.70842e+09
 3.18911e-05  3.62464e+09
 3.26884e-05  3.54055e+09
 3.35056e-05  3.45652e+09
 3.43432e-05  3.37293e+09
 3.52018e-05  3.29011e+09
 3.60819e-05  3.20838e+09
 3.69839e-05   3.1281e+09
 3.79085e-05  3.04961e+09
 3.88562e-05   2.9732e+09
 3.98276e-05  2.89916e+09
 4.08233e-05  2.82774e+09
 4.18439e-05  2.75918e+09
   4.289e-05  2.69364e+09
 4.39623e-05  2.63127e+09
 4.50613e-05  2.57216e+09
 4.61878e-05  2.51636e+09
 4.73425e-05  2.46383e+09
 4.85261e-05  2.41452e+09
 4.97393e-05  2.36825e+09
 5.09827e-05  2.32482e+09
 5.22573e-05  2.28393e+09
 5.35637e-05  2.24525e+09
 5.49028e-05  2.20835e+09
 5.62754e-05  2.17275e+09
 5.76823e-05  2.13792e+09
 5.91243e-05  2.10328e+09
 6.06025e-05  2.06823e+09
 6.21175e-05  2.03214e+09
 6.36705e-05  1.99441e+09
 6.52622e-05  1.95448e+09
 6.68938e-05  1.91185e+09
 6.85661e-05  1.86612e+09
 7.02803e-05  1.81704e+09
 7.20373e-05  1.76447e+09
 7.38382e-05  1.70851e+09
 7.56842e-05  1.64939e+09
 7.75763e-05  1.58759e+09
 7.95157e-05  1.52373e+09
 8.15036e-05  1.45863e+09
 8.35411e-05  1.39322e+09
 8.56297e-05  1.32853e+09
 8.77704e-05   1.2656e+09
 8.99647e-05  1.20546e+09
 9.22138e-05  1.14902e+09
 9.45191e-05  1.09705e+09
 9.68821e-05  1.05012e+09
 9.93042e-05  1.00856e+09
 0.000101787  9.72428e+08
 0.000104331   9.4149e+08
  0.00010694   9.1523e+08
 0.000109613  8.92854e+08
 0.000112354  8.73326e+08
 0.000115162  8.55419e+08
 0.000118041  8.37806e+08
 0.000120992  8.19167e+08
 0.000124017  7.98335e+08
 0.000127118  7.74438e+08
 0.000130296  7.47031e+08
 0.000133553   7.1618e+08
 0.000136892  6.82476e+08
 0.000140314  6.46967e+08
 0.000143822  6.11023e+08
 0.000147418  5.76137e+08
 0.000151103  5.43715e+08
 0.000154881  5.14874e+08
 0.000158753  4.90287e+08
 0.000162721  4.70084e+08
 0.000166789   4.5384e+08
 0.000170959  4.40626e+08
 0.000175233  4.29159e+08
 0.000179614  4.18128e+08
 0.000184104  4.05986e+08
 0.000188707  3.91706e+08
 0.000193425  3.74935e+08
  0.00019826  3.56101e+08
 0.000203217  3.36245e+08
 0.000208297  3.16675e+08
 0.000213505  2.98595e+08
 0.000218842  2.82865e+08
 0.000224313  2.69854e+08
 0.000229921   2.5933e+08
 0.000235669  2.50485e+08
 0.000241561  2.42183e+08
   0.0002476  2.33377e+08
  0.00025379  2.23461e+08
 0.000260135  2.12412e+08
 0.000266638   2.0077e+08
 0.000273304  1.89444e+08
 0.000280137   1.7928e+08
  0.00028714   1.7064e+08
 0.000294319  1.63325e+08
 0.000301676  1.56781e+08
 0.000309218  1.50332e+08
 0.000316949  1.43485e+08
 0.000324873  1.36217e+08
 0.000332994   1.2891e+08
 0.000341319   1.2203e+08
 0.000349852  1.15908e+08
 0.000358599  1.10529e+08
 0.000367563   1.0555e+08
 0.000376753  1.00627e+08
 0.000386171  9.56119e+07
 0.000395826  9.06035e+07
 0.000405721  8.58645e+07
 0.000415864  8.15308e+07
 0.000426261  7.75641e+07
 0.000436917  7.37955e+07
  0.00044784  7.00824e+07
 0.000459036  6.64484e+07
 0.000470512  6.29821e+07
 0.000482275  5.97625e+07
 0.000494332  5.67439e+07
  0.00050669  5.38588e+07
 0.000519358  5.10616e+07
 0.000532342  4.83895e+07
  0.00054565  4.58678e+07
 0.000559291  4.34936e+07
 0.000573274  4.12278e+07
 0.000587605  3.90587e+07
 0.000602296  3.69969e+07
 0.000617353  3.50463e+07
 0.000632787  3.31967e+07
 0.000648606  3.14347e+07
 0.000664822    2.976e+07
 0.000681442  2.81717e+07
 0.000698478   2.6666e+07
  0.00071594  2.52359e+07
 0.000733839  2.38783e+07
 0.000752185  2.25911e+07
 0.000770989  2.13701e+07
 0.000790264  2.02118e+07
