1.000000000000000048e-04 6.855953998728307575e+00
1.011591112223829728e-04 6.932737856337373827e+00
1.023316578330244966e-04 7.010381117965434505e+00
1.035177955630176228e-04 7.088893385680738568e+00
1.047176819485520245e-04 7.168284368525777772e+00
1.059314763518370031e-04 7.248563882475198561e+00
1.071593399822671198e-04 7.329741848528464665e+00
1.084014359178331018e-04 7.411828297079771311e+00
1.096579291267809898e-04 7.494833370027692787e+00
1.109289864895222780e-04 7.578767322007011309e+00
1.122147768207980290e-04 7.663640521634267344e+00
1.135154708920999033e-04 7.749463452766857330e+00
1.148312414543511137e-04 7.836246715775893712e+00
1.161622632608501891e-04 7.924001028833149718e+00
1.175087130904807617e-04 8.012737229211921886e+00
1.188707697711903309e-04 8.102466274602265983e+00
1.202486142037412301e-04 8.193199244440585005e+00
1.216424293857368039e-04 8.284947341253790398e+00
1.230524004359261579e-04 8.377721892018175964e+00
1.244787146187906256e-04 8.471534349533218489e+00
1.259215613694150942e-04 8.566396293810273121e+00
1.273811323186478520e-04 8.662319433476643127e+00
1.288576213185518003e-04 8.759315607194897879e+00
1.303512244681508938e-04 8.857396785097767733e+00
1.318621401394748458e-04 8.956575070238061542e+00
1.333905690039058638e-04 9.056862697488519132e+00
1.349367140588306430e-04 9.158272029049921770e+00
1.365007806546013845e-04 9.260815562269902657e+00
1.380829765218092263e-04 9.364505932792837939e+00
1.396835117988739626e-04 9.469355916075206991e+00
1.413025990599533599e-04 9.575378428917382223e+00
1.429404533431761061e-04 9.682586531011843078e+00
1.445972921792019463e-04 9.790993426508309838e+00
1.462733356201129868e-04 9.900612465595619582e+00
1.479688062686396383e-04 1.001145714610081505e+01
1.496839293077255632e-04 1.012354111510547838e+01
1.514189325304352018e-04 1.023687817057943050e+01
1.531740463702079740e-04 1.035148226303219943e+01
1.549495039314631646e-04 1.046736749718224146e+01
1.567455410205595065e-04 1.058454813364423330e+01
1.585623961771137158e-04 1.070303859063447938e+01
1.604003107056819902e-04 1.082285344569490171e+01
1.622595287078087002e-04 1.094400743743537063e+01
1.641402971144466361e-04 1.106651546729503366e+01
1.660428657187529582e-04 1.119039260131961910e+01
1.679674872092653225e-04 1.131565406663680129e+01
1.699144172034625999e-04 1.144231524188001181e+01
1.718839142817145534e-04 1.157039167158815118e+01
1.738762400216250527e-04 1.169989907107170879e+01
1.758916590327732731e-04 1.183085332825893765e+01
1.779304389918577296e-04 1.196327050556172011e+01
1.799928506782476454e-04 1.209716684176108004e+01
1.820791680099462359e-04 1.223255875391258307e+01
1.841896680799710861e-04 1.236946283927192169e+01
1.863246311931559835e-04 1.250789587724084484e+01
1.884843409033795474e-04 1.264787483133360446e+01
1.906690840512252085e-04 1.278941685116411975e+01
1.928791508020777693e-04 1.293253927445427465e+01
1.951148346846616412e-04 1.307725962906311068e+01
1.973764326300255292e-04 1.322359563503769664e+01
1.996642450109793374e-04 1.337156520668546378e+01
2.019785756819878484e-04 1.352118645466838487e+01
2.043197320195270594e-04 1.367247768811938435e+01
2.066880249629082160e-04 1.382545741678067763e+01
2.090837690555749911e-04 1.398014435315439563e+01
2.115072824868794756e-04 1.413655740370302105e+01
2.139588871343421563e-04 1.429471564947342799e+01
2.164389086064020347e-04 1.445463837314319022e+01
2.189476762856620634e-04 1.461634506677806300e+01
2.214855233726359179e-04 1.477985543404648539e+01
2.240527869300018224e-04 1.494518939245671696e+01
2.266498079273692845e-04 1.511236707561681669e+01
2.292769312865648647e-04 1.528140883551746576e+01
2.319345059274427543e-04 1.545233524483819387e+01
2.346228848142262321e-04 1.562516709927666092e+01
2.373424250023866149e-04 1.579992541990207577e+01
2.400934876860651764e-04 1.597663145553216779e+01
2.428764382460450548e-04 1.615530668513424928e+01
2.456916462982790305e-04 1.633597282025097996e+01
2.485394857429798422e-04 1.651865180745015493e+01
2.514203348142796828e-04 1.670336583079979675e+01
2.543345761304648361e-04 1.689013731436803312e+01
2.572825967447932359e-04 1.707898892474826980e+01
2.602647881969004482e-04 1.726994357360999288e+01
2.632815465648020189e-04 1.746302442024129675e+01
2.663332725174980963e-04 1.765825485166573472e+01
2.694203713681882413e-04 1.785565844477121900e+01
2.725432531281027707e-04 1.805525901760083940e+01
2.757023325609582747e-04 1.825708064203093528e+01
2.788980292380439777e-04 1.846114764635908756e+01
2.821307675939470740e-04 1.866748461791638647e+01
2.854009769829237591e-04 1.887611640570478500e+01
2.887090917359234400e-04 1.908706812305926803e+01
2.920555512182745244e-04 1.930036515033561173e+01
2.954407998880379709e-04 1.951603313762324632e+01
2.988652873550382482e-04 1.973409800748402532e+01
3.023294684405776131e-04 1.995458595771681232e+01
3.058338032378431388e-04 2.017752346414819797e+01
3.093787571730136510e-04 2.040293728344951418e+01
3.129648010670750265e-04 2.063085445598052559e+01
3.165924111983520412e-04 2.086130230865980906e+01
3.202620693657650080e-04 2.109430845786205921e+01
3.239742629528195514e-04 2.132990081234269297e+01
3.277294849923381931e-04 2.156810757619007646e+01
3.315282342319423150e-04 2.180895725170457311e+01
3.353710152002928996e-04 2.205247859706256719e+01
3.392583382740992125e-04 2.229870055462880885e+01
3.431907197459042598e-04 2.254765234788909467e+01
3.471686818926559680e-04 2.279936350242689613e+01
3.511927530450727588e-04 2.305386384881355255e+01
3.552634676578139260e-04 2.331118352552200790e+01
3.593813663804625697e-04 2.357135298186546635e+01
3.635469961293317630e-04 2.383440298095959164e+01
3.677609101601030626e-04 2.410036460270990233e+01
3.720236681413065759e-04 2.436926924682351014e+01
3.763358362286532656e-04 2.464114863584565995e+01
3.806979871402283821e-04 2.491603481822150457e+01
3.851107002325568655e-04 2.519396017138249633e+01
3.895745615775500948e-04 2.547495740485841154e+01
3.940901640403447737e-04 2.575905956341468439e+01
3.986581073580438726e-04 2.604630003021527429e+01
4.032789982193705223e-04 2.633671253001118373e+01
4.079534503452448896e-04 2.663033113235473337e+01
4.126820845702952015e-04 2.692719025484010587e+01
4.174655289253134888e-04 2.722732466609183533e+01
4.223044187206672164e-04 2.753076939876681806e+01
4.271993966306776428e-04 2.783755961702662063e+01
4.321511127789761839e-04 2.814773079875481443e+01
4.371602248248502198e-04 2.846131877052348003e+01
4.422273980505897289e-04 2.877835971055624498e+01
4.473533054498462949e-04 2.909889015170942272e+01
4.525386278170166862e-04 2.942294698447039281e+01
4.577840538376616304e-04 2.975056745997395069e+01
4.630902801799736631e-04 3.008178919303663434e+01
4.684580115873045137e-04 3.041665016520808962e+01
4.738879609717650920e-04 3.075518872784069302e+01
4.793808495089107069e-04 3.109744360517640871e+01
4.849374067335233355e-04 3.144345389745160091e+01
4.905583706365045484e-04 3.179325908401892420e+01
4.962444877628913436e-04 3.214689902648735398e+01
5.019965133110079530e-04 3.250441397187876902e+01
5.078152112327670659e-04 3.286584455580327102e+01
5.137013543351339135e-04 3.323123180565055890e+01
5.196557243827657369e-04 3.360061714379965281e+01
5.256791122018419265e-04 3.397404239014035454e+01
5.317723177850966487e-04 3.435154959364484029e+01
5.379361503980697925e-04 3.473318080039213385e+01
5.441714286865887004e-04 3.511897838229028679e+01
5.504789807854967333e-04 3.550898509366293609e+01
5.568596444286409188e-04 3.590324407377960370e+01
5.633142670601351629e-04 3.630179884938620916e+01
5.698437059469136636e-04 3.670469333723726635e+01
5.764488282925873171e-04 3.711197184662695037e+01
5.831305113526218760e-04 3.752367908192091761e+01
5.898896425508493501e-04 3.793986014508681137e+01
5.967271195973310833e-04 3.836056053822456136e+01
6.036438506075863814e-04 3.878582616609484290e+01
6.106407542232036075e-04 3.921570333864603697e+01
6.177187597338488134e-04 3.965023877353921478e+01
6.248788072006888211e-04 4.008947959867048638e+01
6.321218475812448011e-04 4.053347335469069890e+01
6.394488428556943443e-04 4.098226799752194438e+01
6.468607661546327617e-04 4.143591190086987552e+01
6.543586018883235361e-04 4.189445385873258232e+01
6.619433458774394430e-04 4.235794308618135062e+01
6.696160054853222054e-04 4.282642889697629585e+01
6.773775997517752102e-04 4.329996030179461997e+01
6.852291595284064167e-04 4.377858660010240754e+01
6.931717276155407569e-04 4.426235747209535276e+01
7.012063589007183975e-04 4.475132297978696982e+01
7.093341204987996815e-04 4.524553356806188020e+01
7.175560918936927952e-04 4.574504006569375036e+01
7.258733650817253023e-04 4.624989368632756737e+01
7.342870447166765678e-04 4.676014602942435516e+01
7.427982482564918871e-04 4.727584908116859452e+01
7.514081061116969704e-04 4.779705521533604440e+01
7.601177617955330547e-04 4.832381719412261845e+01
7.689283720758312941e-04 4.885618816893206429e+01
7.778411071286489781e-04 4.939422168112228917e+01
7.868571506936851423e-04 4.993797166270899623e+01
7.959777002314985571e-04 5.048749243702619793e+01
8.052039670825478267e-04 5.104283871934168815e+01
8.145371766280745229e-04 5.160406561742735221e+01
8.239785684528520143e-04 5.217122863208345507e+01
8.335293965098195066e-04 5.274438365424320807e+01
8.431909292866259040e-04 5.332358646073530650e+01
8.529644499741025759e-04 5.390889214636448656e+01
8.628512566366895297e-04 5.450035600047647222e+01
8.728526623848379762e-04 5.509803363048491320e+01
8.829699955494092365e-04 5.570198096009455924e+01
8.932045998580968784e-04 5.631225422743476372e+01
9.035578346138930074e-04 5.692890998310152639e+01
9.140310748756232161e-04 5.755200508810688831e+01
9.246257116405742597e-04 5.818159671173332015e+01
9.353431520292386373e-04 5.881774232929296176e+01
9.461848194722001460e-04 5.946049971978915494e+01
9.571521538991865398e-04 6.010992696347928899e+01
9.682466119303123836e-04 6.076608243933722520e+01
9.794696670695395360e-04 6.142902482241405693e+01
9.908228099003797609e-04 6.209881308109518727e+01
1.002307548283865382e-03 6.277550647425313457e+01
1.013925407558815411e-03 6.345916454829297493e+01
1.025677930744421868e-03 6.414984713409083383e+01
1.037566678745185890e-03 6.484761434382244261e+01
1.049593230558227598e-03 6.555252655967069586e+01
1.061759183483000071e-03 6.626464345802688172e+01
1.074066153333433447e-03 6.698402301915939461e+01
1.086515774652538433e-03 6.771072313978747559e+01
1.099109700929497193e-03 6.844480183993546518e+01
1.111849604819271095e-03 6.918631725554324419e+01
1.124737178364752007e-03 6.993532763089841353e+01
1.137774133221491381e-03 7.069189131089059686e+01
1.150962200885032299e-03 7.145606673308435575e+01
1.164303132920876775e-03 7.222791241961057551e+01
1.177798701197119331e-03 7.300748696887238509e+01
1.191450698119775895e-03 7.379484904706617954e+01
1.205260936870842505e-03 7.459005737951463288e+01
1.219231251649110712e-03 7.539317074180920031e+01
1.233363497913775872e-03 7.620424795076303326e+01
1.247659552630869806e-03 7.702334785516970328e+01
1.262121314522547276e-03 7.785052932636733658e+01
1.276750704319265777e-03 7.868585124860773305e+01
1.291549665014883998e-03 7.952937250922603596e+01
1.306520162124721234e-03 8.038115198861218857e+01
1.321664183946605082e-03 8.124124854362688097e+01
1.336983741824946661e-03 8.210972036042095112e+01
1.352480870417875451e-03 8.298662436441264845e+01
1.368157627967471913e-03 8.387201722281471916e+01
1.384016096573131502e-03 8.476595545586341984e+01
1.400058382468097589e-03 8.566849542349190472e+01
1.416286616299198848e-03 8.657969331176545325e+01
1.432702953409831009e-03 8.749960511907907801e+01
1.449309574126216591e-03 8.842828664211567968e+01
1.466108684046984459e-03 8.936579346156369752e+01
1.483102514336104337e-03 9.031218092759357319e+01
1.500293322019218348e-03 9.126750414509243114e+01
1.517683390283405343e-03 9.223181795865399124e+01
1.535275028780422714e-03 9.320517693732642783e+01
1.553070573933460147e-03 9.418763535911358531e+01
1.571072389247450424e-03 9.517924719523257693e+01
1.589282865622978049e-03 9.618006609412438479e+01
1.607704421673823627e-03 9.719014536521751779e+01
1.626339504048192157e-03 9.820953796244521072e+01
1.645190587753662514e-03 9.923829646751654820e+01
1.664260176485903671e-03 1.002764730611896908e+02
1.683550802961202323e-03 1.013241185196205407e+02
1.703065029252844422e-03 1.023812813971320566e+02
1.722805447131393972e-03 1.034480095121973307e+02
1.742774678408919205e-03 1.045243500974084156e+02
1.762975375287205784e-03 1.056103497784562393e+02
1.783410220710008025e-03 1.067060545528332085e+02
1.804081928719382779e-03 1.078115097682639174e+02
1.824993244816152391e-03 1.089267601008616140e+02
1.846146946324547485e-03 1.100518495330150301e+02
1.867545842761075955e-03 1.111868213310043672e+02
1.889192776207666326e-03 1.123317180223483120e+02
1.911090621689137941e-03 1.134865813728864481e+02
1.933242287555045260e-03 1.146514523635936627e+02
1.955650715865949168e-03 1.158263711671343117e+02
1.978318882784164089e-03 1.170113771241541656e+02
2.001249798969036847e-03 1.182065087193134758e+02
2.024446509976803900e-03 1.194118035570654257e+02
2.047912096665085481e-03 1.206272983371789849e+02
2.071649675602069141e-03 1.218530288300128177e+02
2.095662399480432980e-03 1.230890298451962650e+02
2.119953457536071038e-03 1.243353347544557863e+02
2.144526075971667656e-03 1.255919751421683230e+02
2.169383518385184159e-03 1.268589814398372653e+02
2.194529086203313769e-03 1.281363829683629092e+02
2.219966119119954652e-03 1.294242079107930010e+02
2.245697995539773940e-03 1.307224832848401093e+02
2.271728133026905232e-03 1.320312349151703870e+02
2.298059988758851136e-03 1.333504874054711991e+02
2.324697059985648094e-03 1.346802641103007261e+02
2.351642884494348565e-03 1.360205871067240651e+02
2.378901041078893431e-03 1.373714771657440110e+02
2.406475150015424062e-03 1.387329537235289649e+02
2.434368873543110365e-03 1.401050348524460105e+02
2.462585916350546866e-03 1.414877372319051858e+02
2.491130026067788373e-03 1.428810761190197525e+02
2.520004993764092018e-03 1.442850653190908190e+02
2.549214654451422910e-03 1.456997171559220874e+02
2.578762887593801043e-03 1.471250424419712601e+02
2.608653617622547997e-03 1.485610504483472027e+02
2.638890814457510187e-03 1.500077488415762446e+02
2.669478494034320699e-03 1.514651416313113828e+02
2.700420718837772543e-03 1.529332278706943669e+02
2.731721598441376204e-03 1.544120044570853452e+02
2.763385290053169997e-03 1.559014663718172926e+02
2.795415999067856535e-03 1.574016066454884708e+02
2.827817979625341181e-03 1.589124163231645923e+02
2.860595535175741895e-03 1.604338844294979936e+02
2.893753019050950264e-03 1.619659979337802156e+02
2.927294835042816134e-03 1.635087417149363773e+02
2.961225437988034351e-03 1.650620985264766318e+02
2.995549334359812969e-03 1.666260489614160747e+02
3.030271082866396216e-03 1.682005714171773718e+02
3.065395295056526793e-03 1.697856420604888399e+02
3.100926635931926852e-03 1.713812347922923607e+02
3.136869824566876613e-03 1.729873212126756528e+02
3.173229634734976452e-03 1.746038705858425999e+02
3.210010895543171858e-03 1.762308498051361880e+02
3.247218492073128838e-03 1.778682233581328660e+02
3.284857366030043482e-03 1.795159532918164018e+02
3.322932516398971556e-03 1.811739990937106484e+02
3.361449000108765288e-03 1.828423132036036236e+02
3.400411932703706255e-03 1.845208385612998541e+02
3.439826489022924580e-03 1.862095145529776232e+02
3.479697903887691603e-03 1.879082775047993721e+02
3.520031472796678832e-03 1.896170606424554421e+02
3.560832552629277729e-03 1.913357940509946502e+02
3.602106562357070083e-03 1.930644046349671328e+02
3.643858983763544404e-03 1.948028160789033052e+02
3.686095362172158059e-03 1.965509488081567326e+02
3.728821307182833642e-03 1.983087199501335078e+02
3.772042493416997554e-03 2.000760432959404795e+02
3.815764661271248397e-03 2.018528292624711185e+02
3.859993617679767074e-03 2.036389848549641783e+02
3.904735236885560103e-03 2.054344136300586854e+02
3.949995461220642823e-03 2.072390156593734787e+02
3.995780301895269192e-03 2.090526874936397519e+02
4.042095839796309639e-03 2.108753221274191958e+02
4.088948226294864159e-03 2.127068089644294844e+02
4.136343684063278035e-03 2.145470337835152463e+02
4.184288507901584922e-03 2.163958785828895088e+02
4.232789065573553354e-03 2.182532158911681108e+02
4.281851798652415615e-03 2.201189061229180197e+02
4.331483223376403000e-03 2.219928048357523380e+02
4.381689931514195016e-03 2.238747632939475523e+02
4.432478591240400501e-03 2.257646284337145630e+02
4.483855948021191196e-03 2.276622428295286511e+02
4.535828825510191016e-03 2.295674446615642239e+02
4.588404126454761513e-03 2.314800676842772020e+02
4.641588833612782412e-03 2.333999411961757744e+02
4.695390010680062544e-03 2.353268900108213586e+02
4.749814803228504315e-03 2.372607344291080551e+02
4.804870439655133628e-03 2.392012902128556107e+02
4.860564232142139222e-03 2.411483685597668511e+02
4.916903577628031589e-03 2.431017760797880101e+02
4.973895958790068052e-03 2.450613147729210937e+02
5.031548945038056761e-03 2.470267820085259132e+02
5.089870193519685330e-03 2.489979705061622326e+02
5.148867450137497269e-03 2.509746683180108846e+02
5.208548550577665401e-03 2.529566588129220293e+02
5.268921421350676766e-03 2.549437203957644158e+02
5.329994080844092930e-03 2.569356156699706730e+02
5.391774640387505396e-03 2.589320872673245617e+02
5.454271305329836186e-03 2.609328712306246416e+02
5.517492376129128420e-03 2.629376980141493618e+02
5.581446249454966556e-03 2.649462924747226111e+02
5.646141419303672866e-03 2.669583738652875695e+02
5.711586478126434545e-03 2.689736558310517580e+02
5.777790117970507157e-03 2.709918464082612672e+02
5.844761131633637551e-03 2.730126480256747072e+02
5.912508413831881436e-03 2.750357575087886630e+02
5.981040962380944001e-03 2.770608660868836637e+02
6.050367879391223974e-03 2.790876594029501234e+02
6.120498372476702517e-03 2.811158175265512682e+02
6.191441755977847815e-03 2.831450149696831318e+02
6.263207452198692356e-03 2.851749207056994919e+02
6.335804992658253774e-03 2.872051981913420491e+02
6.409244019356457114e-03 2.892355053919549732e+02
6.483534286054726779e-03 2.912654948099200283e+02
6.558685659571435525e-03 2.932948135163810548e+02
6.634708121092351002e-03 2.953231027589402515e+02
6.711611767496287149e-03 2.973499826315490395e+02
6.789406812696112230e-03 2.993750473602236184e+02
6.868103588995307790e-03 3.013978836161056165e+02
6.947712548460239883e-03 3.034180718332917195e+02
7.028244264308352446e-03 3.054351862658488699e+02
7.109709432312438099e-03 3.074487950495199584e+02
7.192118872221192789e-03 3.094584602681904926e+02
7.275483529196232965e-03 3.114637380251713807e+02
7.359814475265771296e-03 3.134641785193780947e+02
7.445122910795143496e-03 3.154593261264590751e+02
7.531420165974375344e-03 3.174487194849281195e+02
7.618717702322998914e-03 3.194318915873726610e+02
7.707027114212303652e-03 3.214083698767743726e+02
7.796360130405236531e-03 3.233776763480050818e+02
7.886728615614155974e-03 3.253393276545422736e+02
7.978144572076628638e-03 3.272928352204429530e+02
8.070620141149507584e-03 3.292377053576273056e+02
8.164167604921472240e-03 3.311734393885019472e+02
8.258799387844271284e-03 3.330995337739577735e+02
8.354528058382871408e-03 3.350154790616129503e+02
8.451366330684721012e-03 3.369207221041756384e+02
8.549327066268383804e-03 3.388146572151528630e+02
8.648423275731726215e-03 3.406966696642697912e+02
8.748668120479913615e-03 3.425661386126297430e+02
8.850074914473439122e-03 3.444224373102911727e+02
8.952657125996400095e-03 3.462649333024787666e+02
9.056428379445294677e-03 3.480929886444823183e+02
9.161402457138520528e-03 3.499059601252689617e+02
9.267593301146882789e-03 3.517031994998338291e+02
9.375015015145289968e-03 3.534840537303169299e+02
9.483681866285927423e-03 3.552478652358732916e+02
9.593608287093146128e-03 3.569939721513191557e+02
9.704808877380306092e-03 3.587217085945276267e+02
9.817298406188841586e-03 3.604304049425604148e+02
9.931091813749801447e-03 3.621193881165062294e+02
1.004620421346813161e-02 3.637879818749861442e+02
1.016265089392995140e-02 3.654355071162757440e+02
1.028044732093309765e-02 3.670612821889849329e+02
1.039960913954120388e-02 3.686646232112259440e+02
1.052015217616159015e-02 3.702448427976132166e+02
1.064209244064724669e-02 3.718012046148426748e+02
1.076544612842315896e-02 3.733329161156291889e+02
1.089022962263730583e-02 3.748391792743880728e+02
1.101645949633657008e-02 3.763191939338524321e+02
1.114415251466788215e-02 3.777721582524582118e+02
1.127332563710487130e-02 3.791972691636648278e+02
1.140399601970033122e-02 3.805937228470361902e+02
1.153618101736478448e-02 3.819607152109008439e+02
1.166989818617147553e-02 3.832974423863809648e+02
1.180516528568805595e-02 3.846031012325812526e+02
1.194200028133532432e-02 3.858768898526677731e+02
1.208042134677328981e-02 3.871180081205902184e+02
1.222044686631488727e-02 3.883256582181575709e+02
1.236209543736769070e-02 3.894990451821514625e+02
1.250538587290391315e-02 3.906373774611594172e+02
1.265033720395903824e-02 3.917398674817687265e+02
1.279696868215941634e-02 3.928057322237613675e+02
1.294529978227916024e-02 3.938341938039024512e+02
1.309535020482667685e-02 3.948244800679257764e+02
1.324713987866117486e-02 3.957758229264647980e+02
1.340068896363950761e-02 3.966874008467410704e+02
1.355601785329368925e-02 3.975583338733335381e+02
1.371314717753945554e-02 3.983877459218135186e+02
1.387209780541620932e-02 3.991747687853487605e+02
1.403289084785873213e-02 3.999185429117846979e+02
1.419554766050101606e-02 4.006182181905164725e+02
1.436008984651260603e-02 4.012729547484552768e+02
1.452653925946781159e-02 4.018819237543305576e+02
1.469491800624817164e-02 4.024443082305575103e+02
1.486524844997857107e-02 4.029593038718629145e+02
1.503755321299738400e-02 4.034261198698114299e+02
1.521185517986104775e-02 4.038439797423803270e+02
1.538817750038346324e-02 4.042121221676500227e+02
1.556654359271062056e-02 4.045298018206954680e+02
1.574697714643086624e-02 4.047962902126924973e+02
1.592950212572123020e-02 4.050108765312551213e+02
1.611414277253019750e-02 4.051728684809728520e+02
1.630092360979741237e-02 4.052815931230899196e+02
1.648986944471064753e-02 4.053363977132585774e+02
1.668100537200059227e-02 4.053366472955738686e+02
1.687435677727375585e-02 4.052816506147498217e+02
1.706994934038407949e-02 4.051706589786330710e+02
1.726780903884355886e-02 4.050029438837700582e+02
1.746796215127245644e-02 4.047778017164876019e+02
1.767043526088946798e-02 4.044945547941213704e+02
1.787525525904235316e-02 4.041525524005303964e+02
1.808244934877951612e-02 4.037511718142537234e+02
1.829204504846293836e-02 4.032898193276255370e+02
1.850407019542302245e-02 4.027679312551547923e+02
1.871855294965579092e-02 4.021849749294262892e+02
1.893552179756295348e-02 4.015404496827658818e+02
1.915500555573527997e-02 4.008338878128810165e+02
1.937703337477988952e-02 4.000648555306920571e+02
1.960163474319185847e-02 3.992329538885134639e+02
1.982883949127071249e-02 3.983378196867710699e+02
2.005867779508234069e-02 3.973791263574080403e+02
2.029118018046677935e-02 3.963565848221334704e+02
2.052637752709252084e-02 3.952699443236662660e+02
2.076430107255774690e-02 3.941189932281273514e+02
2.100498241653915230e-02 3.929035674130618645e+02
2.124845352498882720e-02 3.916237099939942823e+02
2.149474673437980557e-02 3.902796648948233269e+02
2.174389475600079988e-02 3.888717197119661932e+02
2.199593068030074663e-02 3.874001990038922827e+02
2.225088798128369363e-02 3.858654643239593725e+02
2.250880052095461867e-02 3.842679142168755675e+02
2.276970255381680075e-02 3.826079841783462712e+02
2.303362873142131284e-02 3.808861465775325996e+02
2.330061410696924670e-02 3.791029105419757457e+02
2.357069413996727703e-02 3.772588218047138184e+02
2.384390470093720321e-02 3.753544625133538375e+02
2.412028207618006903e-02 3.733904510009200521e+02
2.439986297259550199e-02 3.713674415183596125e+02
2.468268452255692469e-02 3.692861239286303885e+02
2.496878428884326609e-02 3.671472233623661623e+02
2.525820026962784584e-02 3.649514998351534700e+02
2.555097090352506997e-02 3.626997478265379868e+02
2.584713507469563881e-02 3.603927958209050075e+02
2.614673211801091940e-02 3.580315058104657169e+02
2.644980182427720053e-02 3.556168044737208902e+02
2.675638444552045150e-02 3.531502805788085766e+02
2.706652070033241375e-02 3.506341141209906027e+02
2.738025177927857698e-02 3.480705010313802177e+02
2.769761935036891068e-02 3.454616286653337056e+02
2.801866556459195468e-02 3.428096735326433873e+02
2.834343306151309444e-02 3.401167991099659957e+02
2.867196497493769772e-02 3.373851537368200866e+02
2.900430493863991738e-02 3.346168685962549603e+02
2.934049709215787172e-02 3.318140557810672817e+02
2.968058608665602449e-02 3.289788064462350690e+02
3.002461709085549324e-02 3.261131890480014590e+02
3.037263579703311511e-02 3.232192476698752444e+02
3.072468842709003348e-02 3.202990004355765450e+02
3.108082173869063797e-02 3.173544380087972741e+02
3.144108303147264555e-02 3.143875221794532422e+02
3.180552015332920035e-02 3.114001845359370577e+02
3.217418150676371741e-02 3.083943252227062999e+02
3.254711605531847990e-02 3.053718117823985949e+02
3.292437333007768724e-02 3.023344780815147601e+02
3.330600343624588733e-02 2.992841978128396363e+02
3.369205705980267418e-02 2.962239216570322355e+02
3.408258547423451829e-02 2.931573707916317630e+02
3.447764054734463873e-02 2.900881659736983806e+02
3.487727474814177747e-02 2.870198036918959588e+02
3.528154115380883332e-02 2.839556558308648277e+02
3.569049345675229939e-02 2.808989697332982018e+02
3.610418597173337130e-02 2.778528686377237591e+02
3.652267364308175307e-02 2.748203524700021489e+02
3.694601205199302130e-02 2.718042989667042661e+02
3.737425742391064371e-02 2.688074651087594020e+02
3.780746663599349189e-02 2.658324888441054554e+02
3.824569722466999305e-02 2.628818910785058165e+02
3.868900739327975347e-02 2.599580779141796256e+02
3.913745601980384015e-02 2.570633431164909553e+02
3.959110266468458816e-02 2.541998707895561722e+02
4.005000757873611317e-02 2.513697382423374904e+02
4.051423171114647281e-02 2.485749190275192859e+02
4.098383671757261509e-02 2.458172861362525623e+02
4.145888496832911274e-02 2.430986209951784929e+02
4.193943955667186335e-02 2.404206504040503773e+02
4.242556430717776828e-02 2.377850257138978236e+02
4.291732378422157684e-02 2.351933091925984911e+02
4.341478330055092288e-02 2.326469778280508649e+02
4.391800892596085804e-02 2.301474272768180640e+02
4.442706749606882555e-02 2.276959758804597982e+02
4.494202662119142072e-02 2.252938687390954158e+02
4.546295469532399269e-02 2.229422818326966365e+02
4.598992090522438514e-02 2.206423261815937167e+02
4.652299523960189143e-02 2.183950520386406424e+02
4.706224849841281199e-02 2.162014531064446317e+02
4.760775230226368254e-02 2.140624707740254280e+02
4.815957910192350533e-02 2.119788860830330464e+02
4.871780218794630885e-02 2.099500956616665519e+02
4.928249570040513228e-02 2.079746264785251810e+02
4.985373463873893352e-02 2.060510378551443296e+02
5.043159487171358646e-02 2.041779360047793546e+02
5.101615314749833457e-02 2.023539722639080765e+02
5.160748710385907462e-02 2.005778413956577140e+02
5.220567527846975420e-02 1.988482799619302739e+02
5.281079711934331261e-02 1.971640607097272664e+02
5.342293299538352497e-02 1.955233250728543339e+02
5.404216420705915125e-02 1.939228707527185236e+02
5.466857299720180585e-02 1.923594205706656339e+02
5.530224256192900478e-02 1.908297994234117141e+02
5.594325706169377826e-02 1.893309292069214109e+02
5.659170163246242391e-02 1.878598242411434853e+02
5.724766239702178822e-02 1.864134083927800134e+02
5.791122647641758214e-02 1.849874977579069082e+02
5.858248200152536139e-02 1.835775398302217809e+02
5.926151812475552449e-02 1.821791148685014150e+02
5.994842503189409116e-02 1.807879342858514917e+02
6.064329395408061402e-02 1.793998152006477369e+02
6.134621717992506246e-02 1.780101536706401930e+02
6.205728806776500406e-02 1.766139355595604457e+02
6.277660105806499857e-02 1.752062860123194241e+02
6.350425168595962011e-02 1.737824975205811029e+02
6.424033659394190465e-02 1.723379948297612430e+02
6.498495354469888130e-02 1.708680906707022871e+02
6.573820143409585259e-02 1.693681611065358936e+02
6.650018030431117944e-02 1.678337877677724066e+02
6.727099135712336087e-02 1.662607741053803920e+02
6.805073696735206012e-02 1.646452818446564947e+02
6.883952069645496441e-02 1.629838278598620604e+02
6.963744730628222690e-02 1.612731707223963156e+02
7.044462277299036457e-02 1.595103438419027100e+02
7.126115430111745752e-02 1.576931234957870913e+02
7.208715033782135684e-02 1.558199523613677968e+02
7.292272058728312134e-02 1.538895237501866120e+02
7.376797602527730702e-02 1.519009098110783498e+02
7.462302891391107973e-02 1.498543984251631684e+02
7.548799281653431614e-02 1.477508990432132521e+02
7.636298261282241373e-02 1.455915011204418761e+02
7.724811451403400253e-02 1.433780885434547656e+02
7.814350607844541829e-02 1.411139406695915852e+02
7.904927622696419909e-02 1.388025374584715053e+02
7.996554525892346499e-02 1.364475864240875751e+02
8.089243486805938743e-02 1.340543110036070402e+02
8.183006815867389927e-02 1.316285117060218397e+02
8.277856966198472721e-02 1.291758563909641282e+02
8.373806535266489770e-02 1.267029728916428581e+02
8.470868266557401993e-02 1.242174730600694090e+02
8.569055051268346934e-02 1.217266332453181832e+02
8.668379930019773361e-02 1.192380023624970136e+02
8.768856094587426653e-02 1.167601346363106103e+02
8.870496889654402861e-02 1.143011719912278892e+02
8.973315814583519845e-02 1.118690084914470333e+02
9.077326525210223374e-02 1.094722135761227406e+02
9.182542835656282154e-02 1.071189225397541946e+02
9.288978720164497993e-02 1.048166575891324612e+02
9.396648314954690606e-02 1.025727979058062829e+02
9.505565920101191613e-02 1.003941961568371255e+02
9.615746001432096124e-02 9.828703951586453513e+01
9.727203192450536995e-02 9.625691218790235837e+01
9.839952296278225985e-02 9.430884454068259970e+01
9.954008287621518569e-02 9.244719233500069322e+01
1.006938631476027024e-01 9.067468222519818255e+01
1.018610170155975214e-01 8.899326048327709771e+01
1.030416994950587445e-01 8.740444003933853878e+01
1.042360673976401170e-01 8.590797306024471425e+01
1.054442793526168404e-01 8.450295229676522979e+01
1.066664958279538722e-01 8.318813121774910257e+01
1.079028791516183639e-01 8.195983218368411372e+01
1.091535935331391094e-01 8.081368484218253911e+01
1.104188050854160164e-01 7.974511936310759097e+01
1.116986818467822634e-01 7.874727298195519154e+01
1.129933938033221702e-01 7.781285027534940468e+01
1.143031129114478600e-01 7.693438799306898090e+01
1.156280131207375328e-01 7.610246899561195733e+01
1.169682703970384707e-01 7.530750703185368877e+01
1.183240627458378019e-01 7.453983659216879687e+01
1.196955702359042834e-01 7.378864191691566532e+01
1.210829750232039481e-01 7.304323201906362328e+01
1.224864613750930725e-01 7.229316626519698730e+01
1.239062156947915577e-01 7.152802727404504424e+01
1.253424265461399456e-01 7.073780825848692189e+01
1.267952846786433996e-01 6.991345424614618764e+01
1.282649830528059809e-01 6.904720231866495794e+01
1.297517168657586761e-01 6.813192567261910426e+01
1.312556835771842845e-01 6.716240103699156805e+01
1.327770829355429116e-01 6.613558718387463387e+01
1.343161170046015263e-01 6.504915053847416573e+01
1.358729901902709092e-01 6.390351165546372414e+01
1.374479092677536596e-01 6.270142125095450325e+01
1.390410834090069769e-01 6.144618248849446474e+01
1.406527242105236331e-01 6.014425406390313356e+01
1.422830457214351862e-01 5.880380742220329893e+01
1.439322644719406574e-01 5.743316593928668823e+01
1.456005995020648591e-01 5.604331391807498619e+01
1.472882723907501801e-01 5.464576990399251599e+01
1.489955072852853779e-01 5.325166134284867780e+01
1.507225309310755434e-01 5.187343277754532522e+01
1.524695727017572888e-01 5.052296741404596503e+01
1.542368646296627399e-01 4.921112695712015750e+01
1.560246414366368017e-01 4.794818284610352066e+01
1.578331405652116382e-01 4.674337595133147261e+01
1.596626022101425013e-01 4.560414556342571757e+01
1.615132693503091299e-01 4.453560116541248703e+01
1.633853877809862132e-01 4.354208252973914028e+01
1.652792061464895546e-01 4.262529694012626180e+01
1.671949759731990170e-01 4.178389116753885446e+01
1.691329517029648843e-01 4.101629553320834276e+01
1.710933907269015231e-01 4.031763434289815251e+01
1.730765534195725930e-01 3.968028230353762353e+01
1.750827031735725237e-01 3.909683497915521144e+01
1.771121064345088647e-01 3.855771062293862173e+01
1.791650327363901452e-01 3.805224089863107650e+01
1.812417547374237659e-01 3.757003933698950959e+01
1.833425482562290598e-01 3.709935629730028950e+01
1.854676923084699336e-01 3.662823410284945425e+01
1.876174691439121411e-01 3.614540837561320785e+01
1.897921642839101308e-01 3.564063802742533227e+01
1.919920665593284892e-01 3.510443626253170635e+01
1.942174681489026444e-01 3.452955264074584107e+01
1.964686646180446583e-01 3.391371341560660113e+01
1.987459549580983809e-01 3.325586291182204945e+01
2.010496416260499075e-01 3.255773688888709216e+01
2.033800305846981960e-01 3.182568415416288587e+01
2.057374313432913659e-01 3.106639348009183976e+01
2.081221569986339281e-01 3.028862082688249302e+01
2.105345242766706038e-01 2.950348725640741421e+01
2.129748535745520921e-01 2.872140012231005102e+01
2.154434690031884481e-01 2.795263964299002524e+01
2.179406984302955930e-01 2.720716325403608593e+01
2.204668735239409816e-01 2.649374817010712846e+01
2.230223297965938656e-01 2.581886294668132109e+01
2.256074066496861485e-01 2.518748324807171812e+01
2.282224474186898555e-01 2.460348375924566255e+01
2.308677994187169624e-01 2.406678988853704126e+01
2.335438139906479416e-01 2.357595452590672735e+01
2.362508465477947683e-01 2.312852529200787544e+01
2.389892566231050230e-01 2.271755578723587021e+01
2.417594079169130827e-01 2.233542379812667988e+01
2.445616683452446483e-01 2.197416945448586389e+01
2.473964100886814066e-01 2.162403086191877932e+01
2.502640096417919069e-01 2.127548020164251952e+01
2.531648478631355337e-01 2.092042621656406354e+01
2.560993100258459609e-01 2.055281299728111932e+01
2.590677858688008595e-01 2.016729057832573346e+01
2.620706696483852682e-01 1.976143338487252521e+01
2.651083601908538756e-01 1.933608839518685230e+01
2.681812609453015361e-01 1.889256848569776182e+01
2.712897800372467416e-01 1.843536248665708754e+01
2.744343303228365394e-01 1.797129284657064829e+01
2.776153294436801144e-01 1.750687486094217249e+01
2.808331998823172526e-01 1.704967114844545861e+01
2.840883690183304000e-01 1.660743555065862509e+01
2.873812691851066470e-01 1.618672847379804125e+01
2.907123377272578524e-01 1.579083886015915716e+01
2.940820170587063465e-01 1.542167780654230747e+01
2.974907547214440395e-01 1.508005906063604229e+01
3.009390034449720974e-01 1.476279485818700188e+01
3.044272212064302874e-01 1.446589062582012097e+01
3.079558712914226559e-01 1.418503759376698348e+01
3.115254223555488089e-01 1.391435231085317170e+01
3.151363484866479547e-01 1.364802733519933398e+01
3.187891292677645927e-01 1.338110459496436810e+01
3.224842498408442282e-01 1.310991854578719185e+01
3.262222009711669979e-01 1.283127057860888520e+01
3.300034791125285305e-01 1.254422456321917778e+01
3.338285864731760921e-01 1.225110721143043868e+01
3.376980310825091203e-01 1.195441564067683160e+01
3.416123268585528616e-01 1.165751633626875972e+01
3.455719936762139399e-01 1.136478459714479605e+01
3.495775574363275129e-01 1.108023137394873991e+01
3.536295501355042892e-01 1.080681124027164586e+01
3.577285099367873422e-01 1.054651743610891756e+01
3.618749812411280464e-01 1.030097543825045037e+01
3.660695147596902399e-01 1.006936043405195136e+01
3.703126675869927165e-01 9.848960575625381964e+00
3.746050032748993175e-01 9.637187483911093366e+00
3.789470919074667821e-01 9.431183484506631132e+00
3.833395101766601254e-01 9.227958220741703244e+00
3.877828414589457595e-01 9.024860260398533285e+00
3.922776758927719598e-01 8.820862543130296274e+00
3.968246104569481680e-01 8.616057008856300214e+00
4.014242490499321803e-01 8.410654389358462879e+00
4.060772025700365440e-01 8.206095389293750486e+00
4.107840889965646558e-01 8.004626438515471065e+00
4.155455334718875515e-01 7.808271517512615389e+00
4.203621683844713797e-01 7.618234282124787704e+00
4.252346334528682159e-01 7.435057266062734982e+00
4.301635758106794882e-01 7.259173110879030055e+00
4.351496500925050026e-01 7.090174550176855384e+00
4.401935185208874501e-01 6.926807949448959612e+00
4.452958509942655518e-01 6.767875609825618533e+00
4.504573251759458330e-01 6.612269298334504164e+00
4.556786265841064054e-01 6.458959384226925948e+00
4.609604486828433600e-01 6.307006244979797671e+00
4.663034929742731483e-01 6.155946411533857798e+00
4.717084690917017209e-01 6.006514796227799380e+00
4.771760948938745805e-01 5.859592908911746889e+00
4.827070965603182939e-01 5.715956416175216326e+00
4.883022086877880086e-01 5.576150257489677742e+00
4.939621743878320759e-01 5.440594742005977480e+00
4.996877453854883799e-01 5.309644889285277003e+00
5.054796821191240852e-01 5.183040520526984274e+00
5.113387538414325695e-01 5.059849167955842830e+00
5.172657387216018643e-01 4.939176648250090729e+00
5.232614239486661489e-01 4.820339455076736002e+00
5.293266058360561743e-01 4.703364865033102582e+00
5.354620899273607737e-01 4.588475608735237188e+00
5.416686911033151697e-01 4.475871689424030464e+00
5.479472336900287344e-01 4.365733180403124081e+00
5.542985515684668574e-01 4.258222529631055409e+00
5.607234882852032420e-01 4.153482593504064901e+00
5.672228971644543982e-01 4.051630047199515694e+00
5.737976414214134291e-01 3.952561596074724903e+00
5.804485942768977669e-01 3.855959083714857627e+00
5.871766390733255125e-01 3.761518900240452545e+00
5.939826693920355893e-01 3.668967189816128016e+00
6.008675891719686968e-01 3.578215198339773639e+00
6.078323128297229427e-01 3.489380212393901282e+00
6.148777653810023613e-01 3.402578115278906079e+00
6.220048825634711953e-01 3.317910365901456160e+00
6.292146109610343707e-01 3.235423716515909209e+00
6.365079081295571539e-01 3.155019126792784068e+00
6.438857427240419762e-01 3.076574650936517497e+00
6.513490946272803006e-01 2.999976553083068875e+00
6.588989550799949635e-01 2.925119225092940312e+00
6.665363268124913088e-01 2.851936042270311056e+00
6.742622241778342129e-01 2.780418980714754795e+00
6.820776732865685421e-01 2.710563571578546327e+00
6.899837121430018039e-01 2.642362983676598276e+00
6.979813907830659803e-01 2.575808188839276980e+00
7.060717714137773049e-01 2.510883284529561443e+00
7.142559285543126357e-01 2.447547691217116572e+00
7.225349491787214085e-01 2.385754914636773361e+00
7.309099328602910450e-01 2.325460211761224194e+00
7.393819919175865785e-01 2.266620519739103834e+00
7.479522515621821466e-01 2.209194385948907602e+00
7.566218500481054487e-01 2.153142512536276865e+00
7.653919388230148169e-01 2.098432897408885278e+00
7.742636826811269968e-01 2.045037562194732317e+00
7.832382599179196214e-01 1.992928974740697301e+00
7.923168624866253618e-01 1.942080009634025828e+00
8.015006961565405152e-01 1.892463949217747077e+00
8.107909806731686819e-01 1.844054484242942271e+00
8.201889499202202893e-01 1.796825713549254022e+00
8.296958520834906148e-01 1.750751780877705110e+00
8.393129498166364000e-01 1.705806322254453500e+00
8.490415204088747059e-01 1.661963359950510144e+00
8.588828559546249908e-01 1.619197463806531845e+00
8.688382635251183927e-01 1.577483741179662946e+00
8.789090653419954213e-01 1.536797827031696650e+00
8.890965989529158175e-01 1.497115874157899595e+00
8.994022174092044519e-01 1.458414543555698328e+00
9.098272894455557980e-01 1.420670994932492492e+00
9.203731996618220723e-01 1.383862877292741933e+00
9.310413487069075789e-01 1.347968314524490507e+00
9.418331534647951253e-01 1.312965892955403113e+00
9.527500472427290479e-01 1.278834661572547216e+00
9.637934799615786030e-01 1.245554124144622632e+00
9.749649183484085935e-01 1.213104230452084265e+00
9.862658461312820979e-01 1.181465367654393583e+00
9.976977642363201726e-01 1.150618351793201155e+00
1.009262190987048502e+00 1.120544419430203220e+00
1.020960662306047650e+00 1.091225219418470616e+00
1.032794731918952547e+00 1.062642804805923546e+00
1.044765971560805307e+00 1.034779624869738957e+00
1.056875971184805030e+00 1.007618517280348236e+00
1.069126339173477103e+00 9.811427003937363001e-01
1.081518702552289213e+00 9.553357663082555629e-01
1.094054707205743604e+00 9.301816798490200044e-01
1.106736018095974439e+00 9.056647677986441325e-01
1.119564319483879355e+00 8.817697068873899813e-01
1.132541315152812755e+00 8.584815167077922693e-01
1.145668728634872569e+00 8.357855528244856336e-01
1.158948303439811811e+00 8.136674999991785340e-01
1.172381803286599800e+00 7.921133655295634624e-01
1.185971012337670549e+00 7.711094727009061289e-01
1.199717735435885446e+00 7.506424543490787249e-01
1.213623798344241722e+00 7.306992465337804887e-01
1.227691047988360484e+00 7.112670823206851400e-01
1.241921352701784720e+00 6.923334856712561880e-01
1.256316602474121469e+00 6.738862654389470297e-01
1.270878709202059476e+00 6.559135094705286217e-01
1.285609606943296512e+00 6.384035788112536469e-01
1.300511252173409904e+00 6.213451020125867474e-01
1.315585624045705115e+00 6.047269695412158530e-01
1.330834724654076151e+00 5.885383279639325727e-01
1.346260579298911075e+00 5.727685708256102792e-01
1.361865236756082842e+00 5.574073351030128798e-01
1.377650769549054965e+00 5.424444989948671303e-01
1.393619274224143556e+00 5.278701768307078046e-01
1.409772871628967694e+00 5.136747140143057555e-01
1.426113707194129887e+00 4.998486820617571991e-01
1.442643951218158804e+00 4.863828737328743101e-01
1.459365799155757593e+00 4.732682982545160510e-01
1.476281471909391074e+00 4.604961766345056495e-01
1.493393216124253353e+00 4.480579370647960746e-01
1.510703304486655574e+00 4.359452104125426941e-01
1.528214036025870914e+00 4.241498257977620590e-01
1.545927736419478560e+00 4.126638062562538734e-01
1.563846758302247730e+00 4.014793644864873001e-01
1.581973481578601515e+00 3.905888986791452022e-01
1.600310313738701806e+00 3.799849884280414591e-01
1.618859690178199306e+00 3.696603907211383211e-01
1.637624074521689010e+00 3.596080360103898199e-01
1.656605958949915136e+00 3.498210243591599600e-01
1.675807864530768798e+00 3.402926208510352324e-01
1.695232341554121502e+00 3.310162469137209462e-01
1.714881969870540868e+00 3.219854806355071375e-01
1.734759359233932541e+00 3.131940560019878528e-01
1.754867149648152047e+00 3.046358593619073463e-01
1.775208011717636092e+00 2.963049259532387070e-01
1.795784647002096834e+00 2.881954365015295672e-01
1.816599788375328650e+00 2.803017138892201499e-01
1.837656200388172456e+00 2.726182198946491275e-01
1.858956679635688225e+00 2.651395519994826366e-01
1.880504055128583429e+00 2.578604402633213333e-01
1.902301188668945819e+00 2.507757442642546963e-01
1.924350975230332272e+00 2.438804501041481887e-01
1.946656343342263229e+00 2.371696674774707303e-01
1.969220255479173565e+00 2.306386268024807062e-01
1.992045708453871189e+00 2.242826764136101603e-01
2.015135733815558439e+00 2.180972798139012292e-01
2.038493398252464228e+00 2.120780129863682195e-01
2.062121803999144465e+00 2.062205617631693577e-01
2.086024089248504687e+00 2.005207192514988079e-01
2.110203428568596440e+00 1.949743832830503343e-01
2.134663033324245340e+00 1.895775537702892588e-01
2.159406152103567678e+00 1.843263304466789543e-01
2.184436071149428393e+00 1.792169106049634197e-01
2.209756114795903059e+00 1.742455867887150456e-01
2.235369645909796699e+00 1.694087445341535270e-01
2.261280066337279404e+00 1.647028601615880272e-01
2.287490817355704031e+00 1.601244986155083982e-01
2.314005380130653933e+00 1.556703113523695003e-01
2.340827276178294447e+00 1.513370342751265418e-01
2.367960067833078774e+00 1.471214857135931253e-01
2.395407358720879287e+00 1.430205644497125894e-01
2.423172794237600680e+00 1.390312477868448360e-01
2.451260062033339793e+00 1.351505896621879865e-01
2.479672892502160053e+00 1.313757188014656463e-01
2.508415059277541381e+00 1.277038369150311770e-01
2.537490379733571721e+00 1.241322169345468185e-01
2.566902715491951703e+00 1.206582012894170108e-01
2.596655972934872381e+00 1.172792002221640095e-01
2.626754103723838440e+00 1.139926901419513611e-01
2.657201105324506596e+00 1.107962117804574681e-01
2.688001021537607560e+00 1.076873673986107616e-01
2.719157943036019098e+00 1.046638203218570318e-01
2.750676007908067433e+00 1.017232940634411470e-01
2.782559402207125832e+00 9.886357084194945244e-02
2.814812360507581435e+00 9.608249013178438158e-02
2.847439166467247595e+00 9.337794724745819563e-02
2.880444153396297668e+00 9.074789196097668431e-02
2.913831704832788638e+00 8.819032715159703939e-02
2.947606255124858521e+00 8.570330748725615844e-02
2.981772290019673477e+00 8.328493813698299719e-02
3.016334347259197468e+00 8.093337351361770682e-02
3.051297017182871052e+00 7.864681604617725086e-02
3.086664943337274369e+00 7.642351498121668918e-02
3.122442823092857811e+00 7.426176521255126173e-02
3.158635408267818967e+00 7.215990613871438308e-02
3.195247505759213791e+00 7.011632054754078636e-02
3.232283978181380579e+00 6.812943352727436619e-02
3.269749744511767808e+00 6.619771140361450923e-02
3.307649780744242651e+00 6.431966070212437325e-02
3.345989120549974771e+00 6.249382714488111584e-02
3.384772855945982872e+00 6.071879470735181555e-02
3.424006137971425723e+00 5.899318461180240447e-02
3.463694177371734462e+00 5.731565436336355512e-02
3.503842245290675894e+00 5.568489683161744613e-02
3.544455673970435594e+00 5.409963935433275556e-02
3.585539857459817181e+00 5.255864286280976377e-02
3.627100252330648367e+00 5.106070102834835145e-02
3.669142378402494131e+00 4.960463942936099713e-02
3.711671819475766743e+00 4.818931473866458481e-02
3.754694224073336972e+00 4.681361393049135455e-02
3.798215306190736218e+00 4.547645350677276266e-02
3.842240846055060999e+00 4.417677874225502122e-02
3.886776690892667752e+00 4.291356294801770138e-02
3.931828755705770284e+00 4.168580675297398064e-02
3.977403024058036696e+00 4.049253740294015552e-02
4.023505548869293236e+00 3.933280807687111053e-02
4.070142453219438572e+00 3.820569721986630946e-02
4.117319931161679492e+00 3.711030789255981982e-02
4.165044248545185290e+00 3.604576713651568010e-02
4.213321743847289191e+00 3.501122523320100016e-02
4.262158829015325168e+00 3.400585455686200992e-02
4.311561990318228510e+00 3.302884950762698113e-02
4.361537789208005833e+00 3.207942619228230929e-02
4.412092863191189984e+00 3.115682185660275175e-02
4.463233926710397093e+00 3.026029433171526298e-02
4.514967772036102112e+00 2.938912149445854771e-02
4.567301270168746541e+00 2.854260074140047010e-02
4.620241371751313331e+00 2.772004847618148721e-02
4.673795107992464004e+00 2.692079960986167031e-02
4.727969591600390764e+00 2.614420707395431406e-02
4.782772017727485725e+00 2.538964134583881690e-02
4.838209664925956943e+00 2.465648998625028648e-02
4.894289896114531579e+00 2.394415718855137654e-02
4.951020159556350997e+00 2.325206333949943194e-02
5.008407989848212338e+00 2.257964459122659834e-02
5.066461008921268494e+00 2.192635244415929580e-02
5.125186927053333008e+00 2.129165334060841019e-02
5.184593543892913381e+00 2.067502826876814817e-02
5.244688749495119318e+00 2.007597237686789549e-02
5.305480525369573819e+00 1.949399473390268575e-02
5.366976945540476329e+00 1.892861852629555350e-02
5.429186177618943177e+00 1.837938013671867182e-02
5.492116483887789613e+00 1.784582854343546091e-02
5.555776222398877806e+00 1.732752498993698001e-02
5.620173848083187984e+00 1.682404266302090987e-02
5.685317913873753071e+00 1.633496637893405712e-02
5.751217071841614015e+00 1.585989227738827945e-02
5.817880074344935259e+00 1.539842752326489074e-02
5.885315775191449994e+00 1.495019001582587569e-02
5.953533130814370189e+00 1.451480810525453483e-02
6.022541201461927507e+00 1.409192031635202527e-02
6.092349152400711176e+00 1.368117507921934144e-02
6.162966255132942273e+00 1.328223046675945998e-02
6.234401888627863819e+00 1.289475393883595528e-02
6.306665540567405692e+00 1.251842209293013014e-02
6.379766808606282424e+00 1.215292042114011692e-02
6.453715401646701544e+00 1.179794307337060991e-02
6.528521141127847649e+00 1.145319262656400126e-02
6.604193962330305645e+00 1.111837985982754018e-02
6.680743915695614987e+00 1.079322319515461925e-02
6.758181168161110364e+00 1.047744718871019241e-02
6.836516004510238886e+00 1.017078367680515454e-02
6.915758828738525210e+00 9.872972130828983756e-03
6.995920165435374649e+00 9.583759439747957520e-03
7.077010661181889262e+00 9.302899698634611858e-03
7.159041085964887863e+00 9.030154003266923496e-03
7.242022334607315592e+00 8.765290250621395399e-03
7.325965428215230446e+00 8.508082945088550966e-03
7.410881515641570161e+00 8.258313010245113550e-03
7.496781874966877091e+00 8.015767606021561090e-03
7.583677914997190683e+00 7.780239951108726057e-03
7.671581176779302069e+00 7.551529150451563067e-03
7.760503335133570602e+00 7.329440027682918024e-03
7.850456200204509294e+00 7.113782962354121657e-03
7.941451719029339884e+00 6.904373731823728461e-03
8.033501977124734239e+00 6.701033357669639902e-03
8.126619200091946382e+00 6.503587956493855383e-03
8.220815755240540312e+00 6.311868594992961143e-03
8.316104153230961415e+00 6.125711149171031260e-03
8.412497049736117560e+00 5.944956888702945808e-03
8.510007247122246099e+00 5.769454879731720880e-03
8.608647696149244410e+00 5.599059092239459107e-03
8.708431497690723333e+00 5.433627228083581437e-03
8.809371904473991322e+00 5.273020639929677615e-03
8.911482322840202031e+00 5.117104251504482094e-03
9.014776314524917566e+00 4.965746478997891747e-03
9.119267598459298796e+00 4.818819153624231619e-03
9.224970052592174952e+00 4.676197445351226376e-03
9.331897715733239451e+00 4.537759787803487092e-03
9.440064789417602853e+00 4.403387804346070578e-03
9.549485639791965852e+00 4.272966235352340485e-03
9.660174799522645017e+00 4.146382866658759186e-03
9.772146969725724830e+00 4.023528459208260133e-03
9.885417021919574054e+00 3.904296679882571057e-03
1.000000000000000000e+01 3.788584033522722147e-03
