1.000000000000000048e-04 4.285960934828642053e+02
1.011591112223829728e-04 4.333952725899387133e+02
1.023316578330244966e-04 4.382481349438314737e+02
1.035177955630176228e-04 4.431552793378916704e+02
1.047176819485520245e-04 4.481173112132374854e+02
1.059314763518370031e-04 4.531348426105381577e+02
1.071593399822671198e-04 4.582084919368824103e+02
1.084014359178331018e-04 4.633388843528280745e+02
1.096579291267809898e-04 4.685266519354545380e+02
1.109289864895222780e-04 4.737724337541079649e+02
1.122147768207980290e-04 4.790768759469857514e+02
1.135154708920999033e-04 4.844406317985325927e+02
1.148312414543511137e-04 4.898643618176856762e+02
1.161622632608501891e-04 4.953487338169551322e+02
1.175087130904807617e-04 5.008944229923627063e+02
1.188707697711903309e-04 5.065021120042407006e+02
1.202486142037412301e-04 5.121724910589061892e+02
1.216424293857368039e-04 5.179062579912181263e+02
1.230524004359261579e-04 5.237041183480146174e+02
1.244787146187906256e-04 5.295667854724696326e+02
1.259215613694150942e-04 5.354949805893353414e+02
1.273811323186478520e-04 5.414894328911245793e+02
1.288576213185518003e-04 5.475508796252089496e+02
1.303512244681508938e-04 5.536800661818648450e+02
1.318621401394748458e-04 5.598777461831951996e+02
1.333905690039058638e-04 5.661446813259778992e+02
1.349367140588306430e-04 5.724816408974032811e+02
1.365007806546013845e-04 5.788894024754524708e+02
1.380829765218092263e-04 5.853687521791849804e+02
1.396835117988739626e-04 5.919204847610534443e+02
1.413025990599533599e-04 5.985454037002054974e+02
1.429404533431761061e-04 6.052443212967581303e+02
1.445972921792019463e-04 6.120180587670804471e+02
1.462733356201129868e-04 6.188674463400761852e+02
1.479688062686396383e-04 6.257933233544792984e+02
1.496839293077255632e-04 6.327965383571928442e+02
1.514189325304352018e-04 6.398779492026362732e+02
1.531740463702079740e-04 6.470384231531738806e+02
1.549495039314631646e-04 6.542788369805782622e+02
1.567455410205595065e-04 6.616000770685732277e+02
1.585623961771137158e-04 6.690030395164525316e+02
1.604003107056819902e-04 6.764886302438006851e+02
1.622595287078087002e-04 6.840577650962994767e+02
1.641402971144466361e-04 6.917113699526663595e+02
1.660428657187529582e-04 6.994503808324227521e+02
1.679674872092653225e-04 7.072757435094501943e+02
1.699144172034625999e-04 7.151884125614942604e+02
1.718839142817145534e-04 7.231893526511227037e+02
1.738762400216250527e-04 7.312795389184203714e+02
1.758916590327732731e-04 7.394599570918693416e+02
1.779304389918577296e-04 7.477316036003618365e+02
1.799928506782476454e-04 7.560954856863592113e+02
1.820791680099462359e-04 7.645526215201911100e+02
1.841896680799710861e-04 7.731040403155317335e+02
1.863246311931559835e-04 7.817507824460438997e+02
1.884843409033795474e-04 7.904938995632079468e+02
1.906690840512252085e-04 7.993344547153500343e+02
1.928791508020777693e-04 8.082735224678847317e+02
1.951148346846616412e-04 8.173121890247641659e+02
1.973764326300255292e-04 8.264515523511699939e+02
1.996642450109793374e-04 8.356927222974517235e+02
2.019785756819878484e-04 8.450368207243096776e+02
2.043197320195270594e-04 8.544849816292595506e+02
2.066880249629082160e-04 8.640383512743657093e+02
2.090837690555749911e-04 8.736980883143340861e+02
2.115072824868794756e-04 8.834653629612329269e+02
2.139588871343421563e-04 8.933413552187010964e+02
2.164389086064020347e-04 9.033272571968142302e+02
2.189476762856620634e-04 9.134242737303270587e+02
2.214855233726359179e-04 9.236336225088607534e+02
2.240527869300018224e-04 9.339565342083703854e+02
2.266498079273692845e-04 9.443942526238299706e+02
2.292769312865648647e-04 9.549480348032273014e+02
2.319345059274427543e-04 9.656191511828195644e+02
2.346228848142262321e-04 9.764088857236662307e+02
2.373424250023866149e-04 9.873185360495048144e+02
2.400934876860651764e-04 9.983494135858991285e+02
2.428764382460450548e-04 1.009502843700732910e+03
2.456916462982790305e-04 1.020780165846047566e+03
2.485394857429798422e-04 1.032182733701206871e+03
2.514203348142796828e-04 1.043711915317431931e+03
2.543345761304648361e-04 1.055369093263715513e+03
2.572825967447932359e-04 1.067155664774098113e+03
2.602647881969004482e-04 1.079073041896352379e+03
2.632815465648020189e-04 1.091122651639337164e+03
2.663332725174980963e-04 1.103305934312159934e+03
2.694203713681882413e-04 1.115624340412980246e+03
2.725432531281027707e-04 1.128079334703677887e+03
2.757023325609582747e-04 1.140672397171422517e+03
2.788980292380439777e-04 1.153405023176262830e+03
2.821307675939470740e-04 1.166278723599960813e+03
2.854009769829237591e-04 1.179295024996100210e+03
2.887090917359234400e-04 1.192455469741503066e+03
2.920555512182745244e-04 1.205761616188910466e+03
2.954407998880379709e-04 1.219215038820982045e+03
2.988652873550382482e-04 1.232817328405617673e+03
3.023294684405776131e-04 1.246570092152555617e+03
3.058338032378431388e-04 1.260474953871346543e+03
3.093787571730136510e-04 1.274533554130641960e+03
3.129648010670750265e-04 1.288747550418819856e+03
3.165924111983520412e-04 1.303118617305979797e+03
3.202620693657650080e-04 1.317648446607293636e+03
3.239742629528195514e-04 1.332338747547718185e+03
3.277294849923381931e-04 1.347191246928115106e+03
3.315282342319423150e-04 1.362207689285599599e+03
3.353710152002928996e-04 1.377389833856213954e+03
3.392583382740992125e-04 1.392739449461958884e+03
3.431907197459042598e-04 1.408258321320581445e+03
3.471686818926559680e-04 1.423948252483445003e+03
3.511927530450727588e-04 1.439811063993855669e+03
3.552634676578139260e-04 1.455848595046458968e+03
3.593813663804625697e-04 1.472062703147740876e+03
3.635469961293317630e-04 1.488455264277633432e+03
3.677609101601030626e-04 1.505028173052217198e+03
3.720236681413065759e-04 1.521783342887529443e+03
3.763358362286532656e-04 1.538722706164493275e+03
3.806979871402283821e-04 1.555848214394939987e+03
3.851107002325568655e-04 1.573161838388738261e+03
3.895745615775500948e-04 1.590665568422067963e+03
3.940901640403447737e-04 1.608361414406768063e+03
3.986581073580438726e-04 1.626251406060842100e+03
4.032789982193705223e-04 1.644337593080059378e+03
4.079534503452448896e-04 1.662622045310672775e+03
4.126820845702952015e-04 1.681106852923292536e+03
4.174655289253134888e-04 1.699794126571518746e+03
4.223044187206672164e-04 1.718685992268708787e+03
4.271993966306776428e-04 1.737784583593067282e+03
4.321511127789761839e-04 1.757092052365891959e+03
4.371602248248502198e-04 1.776610570685709490e+03
4.422273980505897289e-04 1.796342331083635145e+03
4.473533054498462949e-04 1.816289546679207660e+03
4.525386278170166862e-04 1.836454451336928059e+03
4.577840538376616304e-04 1.856839299823327110e+03
4.630902801799736631e-04 1.877446367964620777e+03
4.684580115873045137e-04 1.898277952804950246e+03
4.738879609717650920e-04 1.919336372765160149e+03
4.793808495089107069e-04 1.940623967802170228e+03
4.849374067335233355e-04 1.962143099568818116e+03
4.905583706365045484e-04 1.983896151574340365e+03
4.962444877628913436e-04 2.005885529345261148e+03
5.019965133110079530e-04 2.028113660586863489e+03
5.078152112327670659e-04 2.050582995345156633e+03
5.137013543351339135e-04 2.073296006169304292e+03
5.196557243827657369e-04 2.096255188274565626e+03
5.256791122018419265e-04 2.119463059672743839e+03
5.317723177850966487e-04 2.142922153315182641e+03
5.379361503980697925e-04 2.166635006268570578e+03
5.441714286865887004e-04 2.190604175088008105e+03
5.504789807854967333e-04 2.214832238472699828e+03
5.568596444286409188e-04 2.239321797395525209e+03
5.633142670601351629e-04 2.264075475232256849e+03
5.698437059469136636e-04 2.289095917890429064e+03
5.764488282925873171e-04 2.314385793937811286e+03
5.831305113526218760e-04 2.339947794730484020e+03
5.898896425508493501e-04 2.365784634540499610e+03
5.967271195973310833e-04 2.391899050683034602e+03
6.036438506075863814e-04 2.418293803643163301e+03
6.106407542232036075e-04 2.444971677201949205e+03
6.177187597338488134e-04 2.471935478562195385e+03
6.248788072006888211e-04 2.499188038473447705e+03
6.321218475812448011e-04 2.526732211356551034e+03
6.394488428556943443e-04 2.554570875427454212e+03
6.468607661546327617e-04 2.582706932820441580e+03
6.543586018883235361e-04 2.611143309710672838e+03
6.619433458774394430e-04 2.639882956366309372e+03
6.696160054853222054e-04 2.668928834138676393e+03
6.773775997517752102e-04 2.698283899247925092e+03
6.852291595284064167e-04 2.727951126729816679e+03
6.931717276155407569e-04 2.757933514171419120e+03
7.012063589007183975e-04 2.788234081773798607e+03
7.093341204987996815e-04 2.818855872412769259e+03
7.175560918936927952e-04 2.849801951697562345e+03
7.258733650817253023e-04 2.881075408027522371e+03
7.342870447166765678e-04 2.912679352646621282e+03
7.427982482564918871e-04 2.944616919695869910e+03
7.514081061116969704e-04 2.976891266263458419e+03
7.601177617955330547e-04 3.009505572432701229e+03
7.689283720758312941e-04 3.042463041327644532e+03
7.778411071286489781e-04 3.075766899156292311e+03
7.868571506936851423e-04 3.109420395251454011e+03
7.959777002314985571e-04 3.143426802109098389e+03
8.052039670825478267e-04 3.177789415424202616e+03
8.145371766280745229e-04 3.212511554123993392e+03
8.239785684528520143e-04 3.247596560398609654e+03
8.335293965098195066e-04 3.283047799589247916e+03
8.431909292866259040e-04 3.318868639290248211e+03
8.529644499741025759e-04 3.355062425819178770e+03
8.628512566366895297e-04 3.391632520575527451e+03
8.728526623848379762e-04 3.428582305169522897e+03
8.829699955494092365e-04 3.465915181354348533e+03
8.932045998580968784e-04 3.503634570953966886e+03
9.035578346138930074e-04 3.541743915786327761e+03
9.140310748756232161e-04 3.580246677581935273e+03
9.246257116405742597e-04 3.619146337897732792e+03
9.353431520292386373e-04 3.658446398026158931e+03
9.461848194722001460e-04 3.698150378899328189e+03
9.571521538991865398e-04 3.738261820988285308e+03
9.682466119303123836e-04 3.778784284197279248e+03
9.794696670695395360e-04 3.819721347752776637e+03
9.908228099003797609e-04 3.861076610087533481e+03
1.002307548283865382e-03 3.902853688719161255e+03
1.013925407558815411e-03 3.945056220123501134e+03
1.025677930744421868e-03 3.987687859602589469e+03
1.037566678745185890e-03 4.030752281147006215e+03
1.049593230558227598e-03 4.074253176864284796e+03
1.061759183483000071e-03 4.118194204814497425e+03
1.074066153333433447e-03 4.162578936093264929e+03
1.086515774652538433e-03 4.207410941152385931e+03
1.099109700929497193e-03 4.252693800903596639e+03
1.111849604819271095e-03 4.298431106360759259e+03
1.124737178364752007e-03 4.344626458272852688e+03
1.137774133221491381e-03 4.391283466747805505e+03
1.150962200885032299e-03 4.438405750867099414e+03
1.164303132920876775e-03 4.485996938290994876e+03
1.177798701197119331e-03 4.534060664854262541e+03
1.191450698119775895e-03 4.582600574152351328e+03
1.205260936870842505e-03 4.631620317117905870e+03
1.219231251649110712e-03 4.681123551587550537e+03
1.233363497913775872e-03 4.731113941858694488e+03
1.247659552630869806e-03 4.781595158236555108e+03
1.262121314522547276e-03 4.832570876570955079e+03
1.276750704319265777e-03 4.884044777783155041e+03
1.291549665014883998e-03 4.936020547382222503e+03
1.306520162124721234e-03 4.988501874971324469e+03
1.321664183946605082e-03 5.041492453340487373e+03
1.336983741824946661e-03 5.094995937572594812e+03
1.352480870417875451e-03 5.149015907794821942e+03
1.368157627967471913e-03 5.203555932924726221e+03
1.384016096573131502e-03 5.258619577880486759e+03
1.400058382468097589e-03 5.314210402893548235e+03
1.416286616299198848e-03 5.370331962808581920e+03
1.432702953409831009e-03 5.426987806370549151e+03
1.449309574126216591e-03 5.484181475499010048e+03
1.466108684046984459e-03 5.541916504549396450e+03
1.483102514336104337e-03 5.600196419561409130e+03
1.500293322019218348e-03 5.659024737494132751e+03
1.517683390283405343e-03 5.718404965448279654e+03
1.535275028780422714e-03 5.778340599874955842e+03
1.553070573933460147e-03 5.838835125771359344e+03
1.571072389247450424e-03 5.899892015863061715e+03
1.589282865622978049e-03 5.961514729772938153e+03
1.607704421673823627e-03 6.023706713176659832e+03
1.626339504048192157e-03 6.086471396944780281e+03
1.645190587753662514e-03 6.149812196271188441e+03
1.664260176485903671e-03 6.213732508613087703e+03
1.683550802961202323e-03 6.278235614128794623e+03
1.703065029252844422e-03 6.343324594810561393e+03
1.722805447131393972e-03 6.409002483999117430e+03
1.742774678408919205e-03 6.475272282245479801e+03
1.762975375287205784e-03 6.542136956078792537e+03
1.783410220710008025e-03 6.609599436757288458e+03
1.804081928719382779e-03 6.677662619002980136e+03
1.824993244816152391e-03 6.746329359719701642e+03
1.846146946324547485e-03 6.815602476694734833e+03
1.867545842761075955e-03 6.885484747284251171e+03
1.889192776207666326e-03 6.955978907082071601e+03
1.911090621689137941e-03 7.027087648572637590e+03
1.933242287555045260e-03 7.098813619767591263e+03
1.955650715865949168e-03 7.171159422826302944e+03
1.978318882784164089e-03 7.244127612660561681e+03
2.001249798969036847e-03 7.317720695523494214e+03
2.024446509976803900e-03 7.391941127582588706e+03
2.047912096665085481e-03 7.466791313477217045e+03
2.071649675602069141e-03 7.542273604860903106e+03
2.095662399480432980e-03 7.618390297571828341e+03
2.119953457536071038e-03 7.695143533524793384e+03
2.144526075971667656e-03 7.772535229973083915e+03
2.169383518385184159e-03 7.850567219150078927e+03
2.194529086203313769e-03 7.929241261319373734e+03
2.219966119119954652e-03 8.008559042995938398e+03
2.245697995539773940e-03 8.088522175151689225e+03
2.271728133026905232e-03 8.169132191405874437e+03
2.298059988758851136e-03 8.250390546200937024e+03
2.324697059985648094e-03 8.332298612963744745e+03
2.351642884494348565e-03 8.414857682252744780e+03
2.378901041078893431e-03 8.498068959891526902e+03
2.406475150015424062e-03 8.581933565088980686e+03
2.434368873543110365e-03 8.666452528546482426e+03
2.462585916350546866e-03 8.751626790552702005e+03
2.491130026067788373e-03 8.837457199066180692e+03
2.520004993764092018e-03 8.923944507786343820e+03
2.549214654451422910e-03 9.011089374213364863e+03
2.578762887593801043e-03 9.098892357697199259e+03
2.608653617622547997e-03 9.187353917476557399e+03
2.638890814457510187e-03 9.276474408694988597e+03
2.669478494034320699e-03 9.366253957382481531e+03
2.700420718837772543e-03 9.456692381260629190e+03
2.731721598441376204e-03 9.547789360052847769e+03
2.763385290053169997e-03 9.639544449937373429e+03
2.795415999067856535e-03 9.731957081297703553e+03
2.827817979625341181e-03 9.825026556467320916e+03
2.860595535175741895e-03 9.918752047469275567e+03
2.893753019050950264e-03 1.001313259375148664e+04
2.927294835042816134e-03 1.010816709991867901e+04
2.961225437988034351e-03 1.020385433346181344e+04
2.995549334359812969e-03 1.030019292248568490e+04
3.030271082866396216e-03 1.039718135343569520e+04
3.065395295056526793e-03 1.049481796882490562e+04
3.100926635931926852e-03 1.059310096496190999e+04
3.136869824566876613e-03 1.069202838968100696e+04
3.173229634734976452e-03 1.079159814007502064e+04
3.210010895543171858e-03 1.089180796023230687e+04
3.247218492073128838e-03 1.099265543897877797e+04
3.284857366030043482e-03 1.109413800762592473e+04
3.322932516398971556e-03 1.119625293371435691e+04
3.361449000108765288e-03 1.129899710645200321e+04
3.400411932703706255e-03 1.140236691925858031e+04
3.439826489022924580e-03 1.150635855270786669e+04
3.479697903887691603e-03 1.161096799748835656e+04
3.520031472796678832e-03 1.171619105190500704e+04
3.560832552629277729e-03 1.182202331939927535e+04
3.602106562357070083e-03 1.192846020608918479e+04
3.643858983763544404e-03 1.203549691833046018e+04
3.686095362172158059e-03 1.214312846030093169e+04
3.728821307182833642e-03 1.225134963160936786e+04
3.772042493416997554e-03 1.236015502493070744e+04
3.815764661271248397e-03 1.246953902366916736e+04
3.859993617679767074e-03 1.257949579965099292e+04
3.904735236885560103e-03 1.269001931084876742e+04
3.949995461220642823e-03 1.280110329913868554e+04
3.995780301895269192e-03 1.291274128809271861e+04
4.042095839796309639e-03 1.302492658080791080e+04
4.088948226294864159e-03 1.313765225777356864e+04
4.136343684063278035e-03 1.325091117477942680e+04
4.184288507901584922e-03 1.336469595374832716e+04
4.232789065573553354e-03 1.347899865182239955e+04
4.281851798652415615e-03 1.359381060754301143e+04
4.331483223376403000e-03 1.370912286279255750e+04
4.381689931514195016e-03 1.382492619547918002e+04
4.432478591240400501e-03 1.394121111742963512e+04
4.483855948021191196e-03 1.405796787234838484e+04
4.535828825510191016e-03 1.417518643384465940e+04
4.588404126454761513e-03 1.429285650353099481e+04
4.641588833612782412e-03 1.441096750919537226e+04
4.695390010680062544e-03 1.452950860304921662e+04
4.749814803228504315e-03 1.464846866005506490e+04
4.804870439655133628e-03 1.476783627633493597e+04
4.860564232142139222e-03 1.488759976766374712e+04
4.916903577628031589e-03 1.500774716804910531e+04
4.973895958790068052e-03 1.512826622840088021e+04
5.031548945038056761e-03 1.524914441529311262e+04
5.089870193519685330e-03 1.537036890982090335e+04
5.148867450137497269e-03 1.549192660655514737e+04
5.208548550577665401e-03 1.561380411259739412e+04
5.268921421350676766e-03 1.573598772952235595e+04
5.329994080844092930e-03 1.585846275304093251e+04
5.391774640387505396e-03 1.598121320366801956e+04
5.454271305329836186e-03 1.610422269179443356e+04
5.517492376129128420e-03 1.622747448241838174e+04
5.581446249454966556e-03 1.635095149463095186e+04
5.646141419303672866e-03 1.647463630125856798e+04
5.711586478126434545e-03 1.659851112866514086e+04
5.777790117970507157e-03 1.672255785671904596e+04
5.844761131633637551e-03 1.684675801892796881e+04
5.912508413831881436e-03 1.697109280274575212e+04
5.981040962380944001e-03 1.709554305005481001e+04
6.050367879391223974e-03 1.722008925782850565e+04
6.120498372476702517e-03 1.734471157897645389e+04
6.191441755977847815e-03 1.746938982337702328e+04
6.263207452198692356e-03 1.759410345910034084e+04
6.335804992658253774e-03 1.771883161382564140e+04
6.409244019356457114e-03 1.784355307645647918e+04
6.483534286054726779e-03 1.796824629893707242e+04
6.558685659571435525e-03 1.809288939827367722e+04
6.634708121092351002e-03 1.821746013022378611e+04
6.711611767496287149e-03 1.834193486545458654e+04
6.789406812696112230e-03 1.846628827475821163e+04
6.868103588995307790e-03 1.859049455194492475e+04
6.947712548460239883e-03 1.871452750168991770e+04
7.028244264308352446e-03 1.883836054316404261e+04
7.109709432312438099e-03 1.896196671396225793e+04
7.192118872221192789e-03 1.908531867433350999e+04
7.275483529196232965e-03 1.920838871171665596e+04
7.359814475265771296e-03 1.933114874558672454e+04
7.445122910795143496e-03 1.945357033261449396e+04
7.531420165974375344e-03 1.957562467214433855e+04
7.618717702322998914e-03 1.969728261199332701e+04
7.707027114212303652e-03 1.981851465457471204e+04
7.796360130405236531e-03 1.993929096334993665e+04
7.886728615614155974e-03 2.005958136961104901e+04
7.978144572076628638e-03 2.017935537959726571e+04
8.070620141149507584e-03 2.029858218194762958e+04
8.164167604921472240e-03 2.041723065549270177e+04
8.258799387844271284e-03 2.053526937738683773e+04
8.354528058382871408e-03 2.065266656726154179e+04
8.451366330684721012e-03 2.076938803809181991e+04
8.549327066268383804e-03 2.088539671794133392e+04
8.648423275731726215e-03 2.100065501217584097e+04
8.748668120479913615e-03 2.111512496423880657e+04
8.850074914473439122e-03 2.122876826789697225e+04
8.952657125996400095e-03 2.134154628000381854e+04
9.056428379445294677e-03 2.145342003378552545e+04
9.161402457138520528e-03 2.156435025264845899e+04
9.267593301146882789e-03 2.167429736451119970e+04
9.375015015145289968e-03 2.178322151666127684e+04
9.483681866285927423e-03 2.189108259113589156e+04
9.593608287093146128e-03 2.199784022062761505e+04
9.704808877380306092e-03 2.210345380491299147e+04
9.817298406188841586e-03 2.220788252780258699e+04
9.931091813749801447e-03 2.231108537461107335e+04
1.004620421346813161e-02 2.241302115014379888e+04
1.016265089392995140e-02 2.251364849719683480e+04
1.028044732093309765e-02 2.261292591556653861e+04
1.039960913954120388e-02 2.271081178156392343e+04
1.052015217616159015e-02 2.280726426989556421e+04
1.064209244064724669e-02 2.290223856745628655e+04
1.076544612842315896e-02 2.299568642834277853e+04
1.089022962263730583e-02 2.308755928469702485e+04
1.101645949633657008e-02 2.317780845178084564e+04
1.114415251466788215e-02 2.326638515526849733e+04
1.127332563710487130e-02 2.335324055924933054e+04
1.140399601970033122e-02 2.343832579493132289e+04
1.153618101736478448e-02 2.352159199003263348e+04
1.166989818617147553e-02 2.360299029884929041e+04
1.180516528568805595e-02 2.368247193298466664e+04
1.194200028133532432e-02 2.375998819272520996e+04
1.208042134677328981e-02 2.383549049904703134e+04
1.222044686631488727e-02 2.390893042623431757e+04
1.236209543736769070e-02 2.398025973509167306e+04
1.250538587290391315e-02 2.404943040672994175e+04
1.265033720395903824e-02 2.411639467690402307e+04
1.279696868215941634e-02 2.418110507087944643e+04
1.294529978227916024e-02 2.424351443880530496e+04
1.309535020482667685e-02 2.430357599156628930e+04
1.324713987866117486e-02 2.436124315483546889e+04
1.340068896363950761e-02 2.441646492727117220e+04
1.355601785329368925e-02 2.446918546826906095e+04
1.371314717753945554e-02 2.451934910105523522e+04
1.387209780541620932e-02 2.456690062268893234e+04
1.403289084785873213e-02 2.461178535393531638e+04
1.419554766050101606e-02 2.465394918982249874e+04
1.436008984651260603e-02 2.469333865083592536e+04
1.452653925946781159e-02 2.472990093470220381e+04
1.469491800624817164e-02 2.476358396871269724e+04
1.486524844997857107e-02 2.479433646253454572e+04
1.503755321299738400e-02 2.482210796145375571e+04
1.521185517986104775e-02 2.484684889999499865e+04
1.538817750038346324e-02 2.486851065585727702e+04
1.556654359271062056e-02 2.488704560410602062e+04
1.574697714643086624e-02 2.490240717155742459e+04
1.592950212572123020e-02 2.491454989128980742e+04
1.611414277253019750e-02 2.492342945721541764e+04
1.630092360979741237e-02 2.492900277864299642e+04
1.648986944471064753e-02 2.493122803475991896e+04
1.668100537200059227e-02 2.493006462568835559e+04
1.687435677727375585e-02 2.492547083924071558e+04
1.706994934038407949e-02 2.491740384280080616e+04
1.726780903884355886e-02 2.490582218473355533e+04
1.746796215127245644e-02 2.489068597137921824e+04
1.767043526088946798e-02 2.487195692714974939e+04
1.787525525904235316e-02 2.484959845413923540e+04
1.808244934877951612e-02 2.482357569115272418e+04
1.829204504846293836e-02 2.479385557205637087e+04
1.850407019542302245e-02 2.476040688334995866e+04
1.871855294965579092e-02 2.472320032086236461e+04
1.893552179756295348e-02 2.468220854546891132e+04
1.915500555573527997e-02 2.463740623772761319e+04
1.937703337477988952e-02 2.458877015133301757e+04
1.960163474319185847e-02 2.453627916528310016e+04
1.982883949127071249e-02 2.447991433465632872e+04
2.005867779508234069e-02 2.441965893989398683e+04
2.029118018046677935e-02 2.435549853448435533e+04
2.052637752709252084e-02 2.428742099094586592e+04
2.076430107255774690e-02 2.421541654500348159e+04
2.100498241653915230e-02 2.413947821680910783e+04
2.124845352498882720e-02 2.405960976111031050e+04
2.149474673437980557e-02 2.397582534837786079e+04
2.174389475600079988e-02 2.388814174849455958e+04
2.199593068030074663e-02 2.379657799934384457e+04
2.225088798128369363e-02 2.370115541051516266e+04
2.250880052095461867e-02 2.360189756477441188e+04
2.276970255381680075e-02 2.349883031727038542e+04
2.303362873142131284e-02 2.339198179245041683e+04
2.330061410696924670e-02 2.328138237865981864e+04
2.357069413996727703e-02 2.316706472040558583e+04
2.384390470093720321e-02 2.304906370826562852e+04
2.412028207618006903e-02 2.292741646642917476e+04
2.439986297259550199e-02 2.280216233785729128e+04
2.468268452255692469e-02 2.267334286705572958e+04
2.496878428884326609e-02 2.254100178045613575e+04
2.525820026962784584e-02 2.240518496440367744e+04
2.555097090352506997e-02 2.226594044075628699e+04
2.584713507469563881e-02 2.212331834009946760e+04
2.614673211801091940e-02 2.197737087258891552e+04
2.644980182427720053e-02 2.182815428814812185e+04
2.675638444552045150e-02 2.167576639577486276e+04
2.706652070033241375e-02 2.152034210645869098e+04
2.738025177927857698e-02 2.136201730131234581e+04
2.769761935036891068e-02 2.120092729448335012e+04
2.801866556459195468e-02 2.103720669300977534e+04
2.834343306151309444e-02 2.087098926183944786e+04
2.867196497493769772e-02 2.070240779409325114e+04
2.900430493863991738e-02 2.053159398663628963e+04
2.934049709215787172e-02 2.035867832100941087e+04
2.968058608665602449e-02 2.018378994975850219e+04
3.002461709085549324e-02 2.000705658818539814e+04
3.037263579703311511e-02 1.982860441153300053e+04
3.072468842709003348e-02 1.964855795760372348e+04
3.108082173869063797e-02 1.946704003479936728e+04
3.144108303147264555e-02 1.928417163555858860e+04
3.180552015332920035e-02 1.910007185515835590e+04
3.217418150676371741e-02 1.891485781583486460e+04
3.254711605531847990e-02 1.872864459617012471e+04
3.292437333007768724e-02 1.854154516568141116e+04
3.330600343624588733e-02 1.835367487190047905e+04
3.369205705980267418e-02 1.816521474852485335e+04
3.408258547423451829e-02 1.797639279375185652e+04
3.447764054734463873e-02 1.778743080400242252e+04
3.487727474814177747e-02 1.759854292035933759e+04
3.528154115380883332e-02 1.740993561039705310e+04
3.569049345675229939e-02 1.722180767434501468e+04
3.610418597173337130e-02 1.703435027422747589e+04
3.652267364308175307e-02 1.684774698462816741e+04
3.694601205199302130e-02 1.666217386373501358e+04
3.737425742391064371e-02 1.647779954333540081e+04
3.780746663599349189e-02 1.629478533645593598e+04
3.824569722466999305e-02 1.611328536136432922e+04
3.868900739327975347e-02 1.593344668068445935e+04
3.913745601980384015e-02 1.575540945441092845e+04
3.959110266468458816e-02 1.557930710564727633e+04
4.005000757873611317e-02 1.540526649793842989e+04
4.051423171114647281e-02 1.523340812310954607e+04
4.098383671757261509e-02 1.506384629857468462e+04
4.145888496832911274e-02 1.489668972527640835e+04
4.193943955667186335e-02 1.473204378289742272e+04
4.242556430717776828e-02 1.457000923267120015e+04
4.291732378422157684e-02 1.441068136729742582e+04
4.341478330055092288e-02 1.425415024521309169e+04
4.391800892596085804e-02 1.410050093376151926e+04
4.442706749606882555e-02 1.394981375643403408e+04
4.494202662119142072e-02 1.380216454354226698e+04
4.546295469532399269e-02 1.365762488574155213e+04
4.598992090522438514e-02 1.351626238988331716e+04
4.652299523960189143e-02 1.337814093673549360e+04
4.706224849841281199e-02 1.324332094016765768e+04
4.760775230226368254e-02 1.311185960745744342e+04
4.815957910192350533e-02 1.298380432342460699e+04
4.871780218794630885e-02 1.285911768569094420e+04
4.928249570040513228e-02 1.273770904316009182e+04
4.985373463873893352e-02 1.261948974369327880e+04
5.043159487171358646e-02 1.250437402386295435e+04
5.101615314749833457e-02 1.239227889995220539e+04
5.160748710385907462e-02 1.228312406339039808e+04
5.220567527846975420e-02 1.217683178042685722e+04
5.281079711934331261e-02 1.207332654768344401e+04
5.342293299538352497e-02 1.197249420555264624e+04
5.404216420705915125e-02 1.187413830749467343e+04
5.466857299720180585e-02 1.177805784791685073e+04
5.530224256192900478e-02 1.168405810029531312e+04
5.594325706169377826e-02 1.159195030477755608e+04
5.659170163246242391e-02 1.150155138654258008e+04
5.724766239702178822e-02 1.141267276930821208e+04
5.791122647641758214e-02 1.132505815775918563e+04
5.858248200152536139e-02 1.123842875118513621e+04
5.926151812475552449e-02 1.115251390668930981e+04
5.994842503189409116e-02 1.106705103852491447e+04
6.064329395408061402e-02 1.098178405466349614e+04
6.134621717992506246e-02 1.089643102813453697e+04
6.205728806776500406e-02 1.081068486636349189e+04
6.277660105806499857e-02 1.072424703227353712e+04
6.350425168595962011e-02 1.063682926404636237e+04
6.424033659394190465e-02 1.054815141546889936e+04
6.498495354469888130e-02 1.045792644250184094e+04
6.573820143409585259e-02 1.036587117673789544e+04
6.650018030431117944e-02 1.027171506244566081e+04
6.727099135712336087e-02 1.017520116647640498e+04
6.805073696735206012e-02 1.007609485809313446e+04
6.883952069645496441e-02 9.974183578031252182e+03
6.963744730628222690e-02 9.869269565400119973e+03
7.044462277299036457e-02 9.761171835629655106e+03
7.126115430111745752e-02 9.649754251118367392e+03
7.208715033782135684e-02 9.534920944224075356e+03
7.292272058728312134e-02 9.416591399562412334e+03
7.376797602527730702e-02 9.294708399719273075e+03
7.462302891391107973e-02 9.169289739862624629e+03
7.548799281653431614e-02 9.040391499918858244e+03
7.636298261282241373e-02 8.908080749635793836e+03
7.724811451403400253e-02 8.772473169059290740e+03
7.814350607844541829e-02 8.633769845962196996e+03
7.904927622696419909e-02 8.492184103480529302e+03
7.996554525892346499e-02 8.347943054661935093e+03
8.089243486805938743e-02 8.201365871919373603e+03
8.183006815867389927e-02 8.052806735883044894e+03
8.277856966198472721e-02 7.902611741180268837e+03
8.373806535266489770e-02 7.751186086114413229e+03
8.470868266557401993e-02 7.598995550727321643e+03
8.569055051268346934e-02 7.446485366960014289e+03
8.668379930019773361e-02 7.294117480817690193e+03
8.768856094587426653e-02 7.142415465724242495e+03
8.870496889654402861e-02 6.991877627702652717e+03
8.973315814583519845e-02 6.842986856959575562e+03
9.077326525210223374e-02 6.696266643551680318e+03
9.182542835656282154e-02 6.552213782097801413e+03
9.288978720164497993e-02 6.411287686721887439e+03
9.396648314954690606e-02 6.273939533676245446e+03
9.505565920101191613e-02 6.140588423317430170e+03
9.615746001432096124e-02 6.011612707621304253e+03
9.727203192450536995e-02 5.887353790477774055e+03
9.839952296278225985e-02 5.768119162207179215e+03
9.954008287621518569e-02 5.654175006964716886e+03
1.006938631476027024e-01 5.545687683016923074e+03
1.018610170155975214e-01 5.442775753305480976e+03
1.030416994950587445e-01 5.345531300679290325e+03
1.042360673976401170e-01 5.253938800833968344e+03
1.054442793526168404e-01 5.167942441369674270e+03
1.066664958279538722e-01 5.087465675282003758e+03
1.079028791516183639e-01 5.012283303623015854e+03
1.091535935331391094e-01 4.942127788354136101e+03
1.104188050854160164e-01 4.876719428400548168e+03
1.116986818467822634e-01 4.815638399768557065e+03
1.129933938033221702e-01 4.758438467635040979e+03
1.143031129114478600e-01 4.704663128573690301e+03
1.156280131207375328e-01 4.653736305143300342e+03
1.169682703970384707e-01 4.605071582001648494e+03
1.183240627458378019e-01 4.558077735965031934e+03
1.196955702359042834e-01 4.512093256602605834e+03
1.210829750232039481e-01 4.466464298993115335e+03
1.224864613750930725e-01 4.420552321128922813e+03
1.239062156947915577e-01 4.373720148417377459e+03
1.253424265461399456e-01 4.325355737076499281e+03
1.267952846786433996e-01 4.274905527708052432e+03
1.282649830528059809e-01 4.221895411152810993e+03
1.297517168657586761e-01 4.165890191651164969e+03
1.312556835771842845e-01 4.106570535686854782e+03
1.327770829355429116e-01 4.043749905676814706e+03
1.343161170046015263e-01 3.977285060958822214e+03
1.358729901902709092e-01 3.907201703662708042e+03
1.374479092677536596e-01 3.833668452796831843e+03
1.390410834090069769e-01 3.756887663457856888e+03
1.406527242105236331e-01 3.677254334855956586e+03
1.422830457214351862e-01 3.595268007683625001e+03
1.439322644719406574e-01 3.511437504298880867e+03
1.456005995020648591e-01 3.426434368130485382e+03
1.472882723907501801e-01 3.340962804666053216e+03
1.489955072852853779e-01 3.255703096283639752e+03
1.507225309310755434e-01 3.171416071695299706e+03
1.524695727017572888e-01 3.088828225861058854e+03
1.542368646296627399e-01 3.008603553654299049e+03
1.560246414366368017e-01 2.931369876637616471e+03
1.578331405652116382e-01 2.857691988566002237e+03
1.596626022101425013e-01 2.788024566587567733e+03
1.615132693503091299e-01 2.722679908739558869e+03
1.633853877809862132e-01 2.661923253493072934e+03
1.652792061464895546e-01 2.605858829717020853e+03
1.671949759731990170e-01 2.554403680025872745e+03
1.691329517029648843e-01 2.507461631269905411e+03
1.710933907269015231e-01 2.464734576204868972e+03
1.730765534195725930e-01 2.425756468310271430e+03
1.750827031735725237e-01 2.390074741876701864e+03
1.771121064345088647e-01 2.357103422461973878e+03
1.791650327363901452e-01 2.326189943085072628e+03
1.812417547374237659e-01 2.296699066307467092e+03
1.833425482562290598e-01 2.267912712251737048e+03
1.854676923084699336e-01 2.239100281486867061e+03
1.876174691439121411e-01 2.209573439357006919e+03
1.897921642839101308e-01 2.178705911558265143e+03
1.919920665593284892e-01 2.145917423464231433e+03
1.942174681489026444e-01 2.110764541956685662e+03
1.964686646180446583e-01 2.073108367888766679e+03
1.987459549580983809e-01 2.032884511060184650e+03
2.010496416260499075e-01 1.990199212614017370e+03
2.033800305846981960e-01 1.945440692931833155e+03
2.057374313432913659e-01 1.899017932530327016e+03
2.081221569986339281e-01 1.851466129457669467e+03
2.105345242766706038e-01 1.803464889150337967e+03
2.129748535745520921e-01 1.755650199711794357e+03
2.154434690031884481e-01 1.708650500635104208e+03
2.179406984302955930e-01 1.663074668018183729e+03
2.204668735239409816e-01 1.619459388448732398e+03
2.230223297965938656e-01 1.578200010192573245e+03
2.256074066496861485e-01 1.539600512847523078e+03
2.282224474186898555e-01 1.503897597044720442e+03
2.308677994187169624e-01 1.471086644040718738e+03
2.335438139906479416e-01 1.441079171805655506e+03
2.362508465477947683e-01 1.413725241717616655e+03
2.389892566231050230e-01 1.388600176257242083e+03
2.417594079169130827e-01 1.365237987325728454e+03
2.445616683452446483e-01 1.343152083905188647e+03
2.473964100886814066e-01 1.321745804513838493e+03
2.502640096417919069e-01 1.300436811748088985e+03
2.531648478631355337e-01 1.278730558652866421e+03
2.560993100258459609e-01 1.256256871263773292e+03
2.590677858688008595e-01 1.232688726151845913e+03
2.620706696483852682e-01 1.207877841645041372e+03
2.651083601908538756e-01 1.181875954560596483e+03
2.681812609453015361e-01 1.154763284346275213e+03
2.712897800372467416e-01 1.126814236114653795e+03
2.744343303228365394e-01 1.098445896153985586e+03
2.776153294436801144e-01 1.070056559180331988e+03
2.808331998823172526e-01 1.042108455507754570e+03
2.840883690183304000e-01 1.015075459921863967e+03
2.873812691851066470e-01 9.893585144930219712e+02
2.907123377272578524e-01 9.651586869717874606e+02
2.940820170587063465e-01 9.425928556167607439e+02
2.974907547214440395e-01 9.217107730466274234e+02
3.009390034449720974e-01 9.023174103336940561e+02
3.044272212064302874e-01 8.841683870645402976e+02
3.079558712914226559e-01 8.670002370406709815e+02
3.115254223555488089e-01 8.504535571378353325e+02
3.151363484866479547e-01 8.341736337507485359e+02
3.187891292677645927e-01 8.178575431219950360e+02
3.224842498408442282e-01 8.012811193565297572e+02
3.262222009711669979e-01 7.842487161509387761e+02
3.300034791125285305e-01 7.667030171109111052e+02
3.338285864731760921e-01 7.487861946270348881e+02
3.376980310825091203e-01 7.306508469636961536e+02
3.416123268585528616e-01 7.125027993222869327e+02
3.455719936762139399e-01 6.946096380796838048e+02
3.495775574363275129e-01 6.772166624964827406e+02
3.536295501355042892e-01 6.605044422434971239e+02
3.577285099367873422e-01 6.445946428490146900e+02
3.618749812411280464e-01 6.295864639564435947e+02
3.660695147596902399e-01 6.154294301693735179e+02
3.703126675869927165e-01 6.019577989705823029e+02
3.746050032748993175e-01 5.890133801999928664e+02
3.789470919074667821e-01 5.764215797066233335e+02
3.833395101766601254e-01 5.639997316385990871e+02
3.877828414589457595e-01 5.515858679279377839e+02
3.922776758927719598e-01 5.391171486155019466e+02
3.968246104569481680e-01 5.265990258820522740e+02
4.014242490499321803e-01 5.140442398694565327e+02
4.060772025700365440e-01 5.015409368102260146e+02
4.107840889965646558e-01 4.892266636252121543e+02
4.155455334718875515e-01 4.772253364605195998e+02
4.203621683844713797e-01 4.656104540581971492e+02
4.252346334528682159e-01 4.544148907254347591e+02
4.301635758106794882e-01 4.436648298098085661e+02
4.351496500925050026e-01 4.333353331717983110e+02
4.401935185208874501e-01 4.233499472493816143e+02
4.452958509942655518e-01 4.136356327452278379e+02
4.504573251759458330e-01 4.041247271589887760e+02
4.556786265841064054e-01 3.947542394912820214e+02
4.609604486828433600e-01 3.854666737994623418e+02
4.663034929742731483e-01 3.762336905912886778e+02
4.717084690917017209e-01 3.671003378096215783e+02
4.771760948938745805e-01 3.581206365875577831e+02
4.827070965603182939e-01 3.493420856557835918e+02
4.883022086877880086e-01 3.407977975064849829e+02
4.939621743878320759e-01 3.325131662652621003e+02
4.996877453854883799e-01 3.245096299524706183e+02
5.054796821191240852e-01 3.167712793228004102e+02
5.113387538414325695e-01 3.092413909090354878e+02
5.172657387216018643e-01 3.018655737362865921e+02
5.232614239486661489e-01 2.946022432948845449e+02
5.293266058360561743e-01 2.874530127281387877e+02
5.354620899273607737e-01 2.804313756748060769e+02
5.416686911033151697e-01 2.735494475690085778e+02
5.479472336900287344e-01 2.668181648477173553e+02
5.542985515684668574e-01 2.602474437039025474e+02
5.607234882852032420e-01 2.538460093124124342e+02
5.672228971644543982e-01 2.476209880283486200e+02
5.737976414214134291e-01 2.415660788907844960e+02
5.804485942768977669e-01 2.356618655034236554e+02
5.871766390733255125e-01 2.298898188165258603e+02
5.939826693920355893e-01 2.242332252991797361e+02
6.008675891719686968e-01 2.186866653668825791e+02
6.078323128297229427e-01 2.132572909105427357e+02
6.148777653810023613e-01 2.079521682138532412e+02
6.220048825634711953e-01 2.027774834863693059e+02
6.292146109610343707e-01 1.977360863509840385e+02
6.365079081295571539e-01 1.928219351694691852e+02
6.438857427240419762e-01 1.880275911451846014e+02
6.513490946272803006e-01 1.833461158677466472e+02
6.588989550799949635e-01 1.787710662664503616e+02
6.665363268124913088e-01 1.742983717685997931e+02
6.742622241778342129e-01 1.699275277377336408e+02
6.820776732865685421e-01 1.656582465594347866e+02
6.899837121430018039e-01 1.614900976069583010e+02
6.979813907830659803e-01 1.574225172688218208e+02
7.060717714137773049e-01 1.534545255721703541e+02
7.142559285543126357e-01 1.495836475985325933e+02
7.225349491787214085e-01 1.458070502261103059e+02
7.309099328602910450e-01 1.421220065895697644e+02
7.393819919175865785e-01 1.385258917816385917e+02
7.479522515621821466e-01 1.350161786214132746e+02
7.566218500481054487e-01 1.315904704508401721e+02
7.653919388230148169e-01 1.282468109078132557e+02
7.742636826811269968e-01 1.249834867407681998e+02
7.832382599179196214e-01 1.217988122178578720e+02
7.923168624866253618e-01 1.186911267333649675e+02
8.015006961565405152e-01 1.156587948545443112e+02
8.107909806731686819e-01 1.127002063468917754e+02
8.201889499202202893e-01 1.098137761416488019e+02
8.296958520834906148e-01 1.069979227186740616e+02
8.393129498166364000e-01 1.042510352214861484e+02
8.490415204088747059e-01 1.015715266199458142e+02
8.588828559546249908e-01 9.895784329320866846e+01
8.688382635251183927e-01 9.640846441857561899e+01
8.789090653419954213e-01 9.392190136883242246e+01
8.890965989529158175e-01 9.149669711804750705e+01
8.994022174092044519e-01 8.913142565577985010e+01
9.098272894455557980e-01 8.682469140965986298e+01
9.203731996618220723e-01 8.457512867091914188e+01
9.310413487069075789e-01 8.238140056011388879e+01
9.418331534647951253e-01 8.024219816806510153e+01
9.527500472427290479e-01 7.815624084632393931e+01
9.637934799615786030e-01 7.612227575578080518e+01
9.749649183484085935e-01 7.413907732988799637e+01
9.862658461312820979e-01 7.220544674629857695e+01
9.976977642363201726e-01 7.032021140684497595e+01
1.009262190987048502e+00 6.848222442578098423e+01
1.020960662306047650e+00 6.669036412621214538e+01
1.032794731918952547e+00 6.494353354463156336e+01
1.044765971560805307e+00 6.324065994348683262e+01
1.056875971184805030e+00 6.158069433169468709e+01
1.069126339173477103e+00 5.996261099302265052e+01
1.081518702552289213e+00 5.838540706434593375e+01
1.094054707205743604e+00 5.684810250462800241e+01
1.106736018095974439e+00 5.534973941941658637e+01
1.119564319483879355e+00 5.388938130286126693e+01
1.132541315152812755e+00 5.246611260425098067e+01
1.145668728634872569e+00 5.107903830687206437e+01
1.158948303439811811e+00 4.972728351390389889e+01
1.172381803286599800e+00 4.840999304128062874e+01
1.185971012337670549e+00 4.712633101744102504e+01
1.199717735435885446e+00 4.587548048989074800e+01
1.213623798344241722e+00 4.465664303850066119e+01
1.227691047988360484e+00 4.346903839546456538e+01
1.241921352701784720e+00 4.231190407183736824e+01
1.256316602474121469e+00 4.118449499057798846e+01
1.270878709202059476e+00 4.008608312601757717e+01
1.285609606943296512e+00 3.901595714967565698e+01
1.300511252173409904e+00 3.797342208234600491e+01
1.315585624045705115e+00 3.695779895237367896e+01
1.330834724654076151e+00 3.596842444121709548e+01
1.346260579298911075e+00 3.500465033722571206e+01
1.361865236756082842e+00 3.406584331359275808e+01
1.377650769549054965e+00 3.315138478421715007e+01
1.393619274224143556e+00 3.226067059249602664e+01
1.409772871628967694e+00 3.139311070240991342e+01
1.426113707194129887e+00 3.054812889538720455e+01
1.442643951218158804e+00 2.972516247286528568e+01
1.459365799155757593e+00 2.892366196446441151e+01
1.476281471909391074e+00 2.814309084169307340e+01
1.493393216124253353e+00 2.738292523710223492e+01
1.510703304486655574e+00 2.664265366880737318e+01
1.528214036025870914e+00 2.592177677029742000e+01
1.545927736419478560e+00 2.521980702545028308e+01
1.563846758302247730e+00 2.453626850867533804e+01
1.581973481578601515e+00 2.387069663010357701e+01
1.600310313738701806e+00 2.322263788574704080e+01
1.618859690178199306e+00 2.259164961254985116e+01
1.637624074521689010e+00 2.197729974825288224e+01
1.656605958949915136e+00 2.137916659599641633e+01
1.675807864530768798e+00 2.079683854197145720e+01
1.695232341554121502e+00 2.022991351418997397e+01
1.714881969870540868e+00 1.967799901061847123e+01
1.734759359233932541e+00 1.914071205876345161e+01
1.754867149648152047e+00 1.861767899960647910e+01
1.775208011717636092e+00 1.810853527519576645e+01
1.795784647002096834e+00 1.761292522065893351e+01
1.816599788375328650e+00 1.713050186055765423e+01
1.837656200388172456e+00 1.666092670950532195e+01
1.858956679635688225e+00 1.620386957697098396e+01
1.880504055128583429e+00 1.575900837619218997e+01
1.902301188668945819e+00 1.532602893712243208e+01
1.924350975230332272e+00 1.490462482333799699e+01
1.946656343342263229e+00 1.449449715283177831e+01
1.969220255479173565e+00 1.409535442262126814e+01
1.992045708453871189e+00 1.370691233710000034e+01
2.015135733815558439e+00 1.332889364006196686e+01
2.038493398252464228e+00 1.296102795033030652e+01
2.062121803999144465e+00 1.260305160092175392e+01
2.086024089248504687e+00 1.225470748168024926e+01
2.110203428568596440e+00 1.191574488354289052e+01
2.134663033324245340e+00 1.158591933798524209e+01
2.159406152103567678e+00 1.126499247798387948e+01
2.184436071149428393e+00 1.095273189918372303e+01
2.209756114795903059e+00 1.064891101879108604e+01
2.235369645909796699e+00 1.035330893754232839e+01
2.261280066337279404e+00 1.006571030470650641e+01
2.287490817355704031e+00 9.785905186062326067e+00
2.314005380130653933e+00 9.513688934791012741e+00
2.340827276178294447e+00 9.248862065227511309e+00
2.367960067833078774e+00 8.991230129413043670e+00
2.395407358720879287e+00 8.740603596393563990e+00
2.423172794237600680e+00 8.496797734209220465e+00
2.451260062033339793e+00 8.259632494520793955e+00
2.479672892502160053e+00 8.028932399820076782e+00
2.508415059277541381e+00 7.804526433172268796e+00
2.537490379733571721e+00 7.586247930438879017e+00
2.566902715491951703e+00 7.373934474930885052e+00
2.596655972934872381e+00 7.167427794442597033e+00
2.626754103723838440e+00 6.966573660617555674e+00
2.657201105324506596e+00 6.771221776671828785e+00
2.688001021537607560e+00 6.581225608940744820e+00
2.719157943036019098e+00 6.396442356479560942e+00
2.750676007908067433e+00 6.216732896315864565e+00
2.782559402207125832e+00 6.041961692870658318e+00
2.814812360507581435e+00 5.871996709393854985e+00
2.847439166467247595e+00 5.706709321465541329e+00
2.880444153396297668e+00 5.545974232518374514e+00
2.913831704832788638e+00 5.389669391337532645e+00
2.947606255124858521e+00 5.237675911495130343e+00
2.981772290019673477e+00 5.089877992677288354e+00
3.016334347259197468e+00 4.946162843862492053e+00
3.051297017182871052e+00 4.806420608310890685e+00
3.086664943337274369e+00 4.670544290324798453e+00
3.122442823092857811e+00 4.538429683741724396e+00
3.158635408267818967e+00 4.409975302121652341e+00
3.195247505759213791e+00 4.285082310591358024e+00
3.232283978181380579e+00 4.163654459309090505e+00
3.269749744511767808e+00 4.045598018513794081e+00
3.307649780744242651e+00 3.930821715123700155e+00
3.345989120549974771e+00 3.819236671063599875e+00
3.384772855945982872e+00 3.710756343887733788e+00
3.424006137971425723e+00 3.605296466877560668e+00
3.463694177371734462e+00 3.502774990996198490e+00
3.503842245290675894e+00 3.403112028744453177e+00
3.544455673970435594e+00 3.306229799369730049e+00
3.585539857459817181e+00 3.212052575396522336e+00
3.627100252330648367e+00 3.120506630448603325e+00
3.669142378402494131e+00 3.031520188333723276e+00
3.711671819475766743e+00 2.945023373362261943e+00
3.754694224073336972e+00 2.860948161871731177e+00
3.798215306190736218e+00 2.779228334929766397e+00
3.842240846055060999e+00 2.699799432188717319e+00
3.886776690892667752e+00 2.622598706865486129e+00
3.931828755705770284e+00 2.547565081820918564e+00
3.977403024058036696e+00 2.474639106713496517e+00
4.023505548869293236e+00 2.403762916202616395e+00
4.070142453219438572e+00 2.334880189177340970e+00
4.117319931161679492e+00 2.267936108986893462e+00
4.165044248545185290e+00 2.202877324649791912e+00
4.213321743847289191e+00 2.139651905622180550e+00
4.262158829015325168e+00 2.078209271964729599e+00
4.311561990318228510e+00 2.018500189980068082e+00
4.361537789208005833e+00 1.960476752566824077e+00
4.412092863191189984e+00 1.904092344525353697e+00
4.463233926710397093e+00 1.849301608721387824e+00
4.514967772036102112e+00 1.796060413105126541e+00
4.567301270168746541e+00 1.744325818565110042e+00
4.620241371751313331e+00 1.694056047596606218e+00
4.673795107992464004e+00 1.645210453764770486e+00
4.727969591600390764e+00 1.597749491943252220e+00
4.782772017727485725e+00 1.551634689309383308e+00
4.838209664925956943e+00 1.506828617077532462e+00
4.894289896114531579e+00 1.463294862952579933e+00
4.951020159556350997e+00 1.420998004285974448e+00
5.008407989848212338e+00 1.379903581917129474e+00
5.066461008921268494e+00 1.339978074683421783e+00
5.125186927053333008e+00 1.301188874582372756e+00
5.184593543892913381e+00 1.263504262570001702e+00
5.244688749495119318e+00 1.226893384979710788e+00
5.305480525369573819e+00 1.191326238939804938e+00
5.366976945540476329e+00 1.156773684559106341e+00
5.429186177618943177e+00 1.123207388462063472e+00
5.492116483887789613e+00 1.090599787004776999e+00
5.555776222398877806e+00 1.058924066087456817e+00
5.620173848083187984e+00 1.028154141482788386e+00
5.685317913873753071e+00 9.982646396569730962e-01
5.751217071841614015e+00 9.692308790718471290e-01
5.817880074344935259e+00 9.410288519567712173e-01
5.885315775191449994e+00 9.136352065391959432e-01
5.953533130814370189e+00 8.870272297230673564e-01
6.022541201461927507e+00 8.611828302044612915e-01
6.092349152400711176e+00 8.360805220140559157e-01
6.162966255132942273e+00 8.116994084763143880e-01
6.234401888627863819e+00 7.880191665754064934e-01
6.306665540567405692e+00 7.650200317181953258e-01
6.379766808606282424e+00 7.426827828847438751e-01
6.453715401646701544e+00 7.209887281570834805e-01
6.528521141127847649e+00 6.999196906171338828e-01
6.604193962330305645e+00 6.794579946048849850e-01
6.680743915695614987e+00 6.595864313379122823e-01
6.758181168161110364e+00 6.402881659408351522e-01
6.836516004510238886e+00 6.215468082847481757e-01
6.915758828738525210e+00 6.033464350101178653e-01
6.995920165435374649e+00 5.856715762232230782e-01
7.077010661181889262e+00 5.685072025616878522e-01
7.159041085964887863e+00 5.518387126315931202e-01
7.242022334607315592e+00 5.356519208053601711e-01
7.325965428215230446e+00 5.199330453699179122e-01
7.410881515641570161e+00 5.046686970149821816e-01
7.496781874966877091e+00 4.898458676515705101e-01
7.583677914997190683e+00 4.754519195511721086e-01
7.671581176779302069e+00 4.614745747962617495e-01
7.760503335133570602e+00 4.479019050331441987e-01
7.850456200204509294e+00 4.347223215183574907e-01
7.941451719029339884e+00 4.219245654501368459e-01
8.033501977124734239e+00 4.094976985766800581e-01
8.126619200091946382e+00 3.974310940732130315e-01
8.220815755240540312e+00 3.857144276800723026e-01
8.316104153230961415e+00 3.743376690942573082e-01
8.412497049736117560e+00 3.632911179685933689e-01
8.510007247122246099e+00 3.525655517730190147e-01
8.608647696149244410e+00 3.421520478961129208e-01
8.708431497690723333e+00 3.320419115967321866e-01
8.809371904473991322e+00 3.222266710632137321e-01
8.911482322840202031e+00 3.126980725526005700e-01
9.014776314524917566e+00 3.034480755994065082e-01
9.119267598459298796e+00 2.944688482945609920e-01
9.224970052592174952e+00 2.857527626350866434e-01
9.331897715733239451e+00 2.772923899449514229e-01
9.440064789417602853e+00 2.690804963674663930e-01
9.549485639791965852e+00 2.611100384295034216e-01
9.660174799522645017e+00 2.533741586777300547e-01
9.772146969725724830e+00 2.458661813869817137e-01
9.885417021919574054e+00 2.385796083408154300e-01
1.000000000000000000e+01 2.315081146842230264e-01
