1.002652904000539215e-05 1.206067263363862148e+05 1.206067221404627053e+05 1.608082812525959744e+05 1.608082011125566787e+05 0.000000000000000000e+00 1.206067256445210660e+05 1.206067256445210660e+05 1.218005426215745101e+05
1.124995061548059461e-05 1.206067178897421545e+05 1.206067126073877298e+05 1.608080920583787374e+05 1.608079911681780941e+05 0.000000000000000000e+00 1.206067170187355950e+05 1.206067170187355950e+05 1.218005283801725309e+05
1.262265220055495281e-05 1.206067073568211199e+05 1.206067007067307568e+05 1.608078540116031945e+05 1.608077269985743333e+05 0.000000000000000000e+00 1.206067062602888182e+05 1.206067062602888182e+05 1.218005105530991132e+05
1.416284871125793714e-05 1.206066940564975957e+05 1.206066856845299772e+05 1.608075542753479676e+05 1.608073943757480301e+05 0.000000000000000000e+00 1.206066926760452188e+05 1.206066926760452188e+05 1.218004880695980100e+05
1.589097761951820481e-05 1.206066773486332677e+05 1.206066668089515442e+05 1.608071769787673838e+05 1.608069756776241702e+05 0.000000000000000000e+00 1.206066756107468536e+05 1.206066756107468536e+05 1.218004598011763592e+05
1.782997014599890340e-05 1.206066563447746594e+05 1.206066430761021766e+05 1.608067020317143761e+05 1.608064486094212625e+05 0.000000000000000000e+00 1.206066541569054243e+05 1.206066541569054243e+05 1.218004242437704379e+05
2.000555554346383411e-05 1.206066298996994446e+05 1.206066131954254524e+05 1.608061041068483901e+05 1.608057850683426077e+05 0.000000000000000000e+00 1.206066271453344234e+05 1.206066271453344234e+05 1.218003794768954831e+05
2.244660250832935578e-05 1.206065966288491327e+05 1.206065755994246138e+05 1.608053513952927897e+05 1.608049497517835407e+05 0.000000000000000000e+00 1.206065931613107532e+05 1.206065931613107532e+05 1.218003231405663973e+05
2.518550225072631297e-05 1.206065547075983632e+05 1.206065282331281051e+05 1.608044037442798144e+05 1.608038981083788094e+05 0.000000000000000000e+00 1.206065503422272886e+05 1.206065503422272886e+05 1.218002521813881322e+05
2.825859830617854306e-05 1.206065019520801288e+05 1.206064686227033526e+05 1.608032107560481818e+05 1.608025742034198483e+05 0.000000000000000000e+00 1.206064964564046240e+05 1.206064964564046240e+05 1.218001628697122942e+05
3.170666879223851971e-05 1.206064355066682183e+05 1.206063935474779428e+05 1.608017088433628378e+05 1.608009074794163171e+05 0.000000000000000000e+00 1.206064285880241951e+05 1.206064285880241951e+05 1.218000504028808209e+05
3.557546750933174800e-05 1.206063518740774889e+05 1.206062990506033238e+05 1.607998180872465018e+05 1.607988092430034012e+05 0.000000000000000000e+00 1.206063431640234776e+05 1.206063431640234776e+05 1.217999088334897970e+05
3.991633106589011101e-05 1.206062465945186996e+05 1.206061800937313383e+05 1.607974378033873509e+05 1.607961677647255419e+05 0.000000000000000000e+00 1.206062356292147306e+05 1.206062356292147306e+05 1.217997306167915376e+05
4.478686008395552759e-05 1.206061140380715660e+05 1.206060303185753874e+05 1.607944412230949383e+05 1.607928423723260348e+05 0.000000000000000000e+00 1.206061002335775265e+05 1.206061002335775265e+05 1.217995062391692190e+05
5.025168352443806286e-05 1.206059471993824845e+05 1.206058418028739979e+05 1.607906688727558067e+05 1.607886560916004237e+05 0.000000000000000000e+00 1.206059298205694213e+05 1.206059298205694213e+05 1.217992238071210450e+05
5.638331627416140696e-05 1.206057371069955989e+05 1.206056044207343075e+05 1.607859197992048285e+05 1.607833859410293226e+05 0.000000000000000000e+00 1.206057152283796459e+05 1.206057152283796459e+05 1.217988681943300908e+05
6.326312137435328368e-05 1.206054726699996536e+05 1.206053056280888268e+05 1.607799413105738349e+05 1.607767515045231848e+05 0.000000000000000000e+00 1.206054451264862728e+05 1.206054451264862728e+05 1.217984205641774461e+05
7.098238965876946282e-05 1.206051397327748855e+05 1.206049294397611084e+05 1.607724150673751137e+05 1.607683995490426896e+05 0.000000000000000000e+00 1.206051050575942354e+05 1.206051050575942354e+05 1.217978570090785215e+05
7.964355112759215433e-05 1.206047206087490194e+05 1.206044558659530303e+05 1.607629405403517012e+05 1.607578856341727951e+05 0.000000000000000000e+00 1.206046769553526537e+05 1.206046769553526537e+05 1.217971475687196216e+05
8.936153413130031985e-05 1.206041929652367398e+05 1.206038596744977986e+05 1.607510134960591677e+05 1.607446502723618178e+05 0.000000000000000000e+00 1.206041380089812737e+05 1.206041380089812737e+05 1.217962544611017511e+05
1.002652904000536844e-04 1.206035287385542761e+05 1.206031091514355358e+05 1.607359993568124773e+05 1.607279893666281132e+05 0.000000000000000000e+00 1.206034595529028302e+05 1.206034595529028302e+05 1.217951301783474482e+05
1.124995061548058614e-04 1.206026925311591185e+05 1.206021643040502386e+05 1.607170993774301314e+05 1.607070167188685737e+05 0.000000000000000000e+00 1.206026054318774695e+05 1.206026054318774695e+05 1.217937148511738924e+05
1.262265220055494434e-04 1.206016398793257540e+05 1.206009748833331250e+05 1.606933084970024938e+05 1.606806172751653939e+05 0.000000000000000000e+00 1.206015302282452176e+05 1.206015302282452176e+05 1.217919332208709966e+05
1.416284871125792833e-04 1.206003146972775285e+05 1.205994775212270761e+05 1.606633618494761758e+05 1.606473878665629891e+05 0.000000000000000000e+00 1.206001766554554051e+05 1.206001766554554051e+05 1.217896904513451154e+05
1.589097761951816618e-04 1.205986464802561532e+05 1.205975925449508504e+05 1.606256681231670955e+05 1.606055633283270581e+05 0.000000000000000000e+00 1.205984726970359479e+05 1.205984726970359479e+05 1.217868672856632184e+05
1.782997014599886003e-04 1.205965464666986081e+05 1.205952196516427066e+05 1.605782254266771197e+05 1.605529233221818286e+05 0.000000000000000000e+00 1.205963276883809158e+05 1.205963276883809158e+05 1.217833136352947622e+05
2.000555554346382056e-04 1.205939029385138274e+05 1.205922325943272153e+05 1.605185158718922467e+05 1.604866756110484421e+05 0.000000000000000000e+00 1.205936275157339551e+05 1.205936275157339551e+05 1.217788406530926877e+05
2.244660250832934223e-04 1.205905752888875868e+05 1.205884724771146284e+05 1.604433733283370384e+05 1.604033097293476749e+05 0.000000000000000000e+00 1.205902285565981001e+05 1.205902285565981001e+05 1.217732107544786850e+05
2.518550225072624859e-04 1.205863865760223998e+05 1.205837393355120148e+05 1.603488177565724473e+05 1.602984138059193210e+05 0.000000000000000000e+00 1.205859500729673746e+05 1.205859500729673746e+05 1.217661251030808635e+05
2.825859830617847191e-04 1.205811141797733871e+05 1.205777815704789682e+05 1.602298479254672711e+05 1.601664455957979662e+05 0.000000000000000000e+00 1.205805646663716034e+05 1.205805646663716034e+05 1.217572079289386747e+05
3.170666879223849803e-04 1.205744780207043223e+05 1.205702826213536755e+05 1.600801824275311956e+05 1.600004467379512789e+05 0.000000000000000000e+00 1.205737862419912126e+05 1.205737862419912126e+05 1.217459868324895215e+05
3.557546750933172496e-04 1.205661258053734055e+05 1.205608442818877083e+05 1.598919367948946019e+05 1.597916871173611726e+05 0.000000000000000000e+00 1.205652549358292017e+05 1.205652549358292017e+05 1.217318681710422534e+05
3.991633106589007984e-04 1.205556144944627449e+05 1.205489657214549079e+05 1.596552220569342317e+05 1.595292235299979220e+05 0.000000000000000000e+00 1.205545181793683296e+05 1.205545181793683296e+05 1.217141062774615275e+05
4.478686008395540833e-04 1.205423870914160361e+05 1.205340172118655173e+05 1.593576472218050330e+05 1.591993541861964914e+05 0.000000000000000000e+00 1.205410069833451562e+05 1.205410069833451562e+05 1.216917650882222952e+05
5.025168352443797884e-04 1.205257435742020607e+05 1.205152072008503455e+05 1.589837054262387974e+05 1.587849478872257750e+05 0.000000000000000000e+00 1.205240062333224487e+05 1.205240062333224487e+05 1.216636703968345391e+05
5.638331627416131751e-04 1.205048045526608767e+05 1.204915411237699009e+05 1.585140207609011559e+05 1.582646245663063601e+05 0.000000000000000000e+00 1.205026175480391976e+05 1.205026175480391976e+05 1.216283506400851620e+05
6.326312137435324574e-04 1.204784659320595965e+05 1.204617699743973208e+05 1.579244309943307017e+05 1.576117630409748526e+05 0.000000000000000000e+00 1.204757129383299034e+05 1.204757129383299034e+05 1.215839637792455906e+05
7.098238965876929206e-04 1.204453424472323677e+05 1.204243261887341505e+05 1.571848812900591001e+05 1.567933135099424399e+05 0.000000000000000000e+00 1.204418770798040787e+05 1.204418770798040787e+05 1.215282074448040657e+05
7.964355112759203235e-04 1.204036976705035631e+05 1.203772440552096959e+05 1.562581075412165374e+05 1.557683991587345663e+05 0.000000000000000000e+00 1.203993357382020768e+05 1.203993357382020768e+05 1.214582093924746296e+05
8.936153413130015722e-04 1.203513572951087845e+05 1.203180609659435140e+05 1.550980972025317315e+05 1.544867055923943990e+05 0.000000000000000000e+00 1.203458670688356215e+05 1.203458670688356215e+05 1.213703948622152384e+05
1.002652904000536031e-03 1.202856026257624762e+05 1.202436957996457495e+05 1.536483363345090474e+05 1.528866861581364356e+05 0.000000000000000000e+00 1.202786926160545117e+05 1.202786926160545117e+05 1.212603282564657566e+05
1.124995061548055876e-03 1.202030402831675892e+05 1.201502997552509332e+05 1.518398879937720776e+05 1.508936607438418432e+05 0.000000000000000000e+00 1.201943439061408135e+05 1.201943439061408135e+05 1.211225268907082354e+05
1.262265220055492319e-03 1.200994442375045473e+05 1.200330748217637156e+05 1.495894115640629025e+05 1.484179695732502150e+05 0.000000000000000000e+00 1.200885005953923537e+05 1.200885005953923537e+05 1.209502467883375648e+05
1.416284871125790502e-03 1.199688356877328333e+05 1.198851768447610084e+05 1.467962124448366521e+05 1.453543291708825273e+05 0.000000000000000000e+00 1.199550411947907705e+05 1.199550411947907705e+05 1.207345020345654630e+05
1.589097761951815697e-03 1.198053534567891766e+05 1.196999799132719636e+05 1.433442183717356238e+05 1.415788282573538017e+05 0.000000000000000000e+00 1.197879784304238710e+05 1.197879784304238710e+05 1.204659409518028260e+05
1.782997014599884810e-03 1.196010307074952143e+05 1.194683925759731355e+05 1.390987699602390348e+05 1.369520115117203095e+05 0.000000000000000000e+00 1.195791600276706595e+05 1.195791600276706595e+05 1.201325963956815394e+05
2.000555554346377177e-03 1.193460280018762132e+05 1.191791528299156780e+05 1.339094557446166873e+05 1.313221852011137526e+05 0.000000000000000000e+00 1.193185119820504624e+05 1.193185119820504624e+05 1.197202118850259576e+05
2.244660250832930699e-03 1.190283872613508720e+05 1.188185273018540902e+05 1.276158223881150188e+05 1.245336833803922636e+05 0.000000000000000000e+00 1.189937834869349172e+05 1.189937834869349172e+05 1.192121949610938027e+05
2.518550225072621173e-03 1.186337090119024797e+05 1.183699041461442539e+05 1.200585901967034151e+05 1.164419902975751320e+05 0.000000000000000000e+00 1.185902102707113518e+05 1.185902102707113518e+05 1.185896713333413063e+05
2.825859830617845781e-03 1.181448576768841012e+05 1.178133963936887303e+05 1.110990902089290757e+05 1.069382948005131766e+05 0.000000000000000000e+00 1.180902030800814391e+05 1.180902030800814391e+05 1.178318222949182091e+05
3.170666879223841671e-03 1.175417494136107125e+05 1.171255077858332806e+05 1.006498487313803780e+05 9.598597940323239891e+04 0.000000000000000000e+00 1.174731153996488283e+05 1.174731153996488283e+05 1.169166395267618063e+05
3.557546750933166749e-03 1.168013036994504655e+05 1.162789411053834338e+05 8.871875113547756337e+04 8.367006325002304220e+04 0.000000000000000000e+00 1.167151714167045138e+05 1.167151714167045138e+05 1.158222307207410922e+05
3.991633106589002021e-03 1.158976672711762803e+05 1.152426555722387275e+05 7.546691003888177511e+04 7.025656117987868492e+04 0.000000000000000000e+00 1.157896624992121506e+05 1.157896624992121506e+05 1.145287459782482620e+05
4.478686008395538556e-03 1.148028414977181528e+05 1.139823073798138939e+05 6.127470235065458837e+04 5.625050778662572702e+04 0.000000000000000000e+00 1.146675437611482921e+05 1.146675437611482921e+05 1.130208183050350635e+05
5.025168352443790294e-03 1.134878407377522963e+05 1.124612032476467721e+05 4.679964865417089459e+04 4.242795236795149685e+04 0.000000000000000000e+00 1.133185586498315533e+05 1.133185586498315533e+05 1.112900553993964422e+05
5.638331627416128498e-03 1.119244201438927994e+05 1.106417836997839913e+05 3.299311186734849616e+04 2.980034977873257594e+04 0.000000000000000000e+00 1.117129264302941883e+05 1.117129264302941883e+05 1.093365322739206895e+05
6.326312137435314599e-03 1.100874571838297707e+05 1.084879199676955614e+05 2.102392212007634225e+04 1.945860856708996653e+04 0.000000000000000000e+00 1.098237097537351510e+05 1.098237097537351510e+05 1.071678492672811699e+05
7.098238965876919014e-03 1.079572867911189678e+05 1.059669859973576094e+05 1.204888939371346532e+04 1.226124249628586767e+04 0.000000000000000000e+00 1.076291064185868745e+05 1.076291064185868745e+05 1.047935418972189073e+05
7.964355112759190225e-03 1.055216328042198002e+05 1.030517762538478855e+05 6.805269960381055171e+03 8.410521043741160611e+03 0.000000000000000000e+00 1.051143785613724031e+05 1.051143785613724031e+05 1.022146679642231757e+05
8.936153413130002929e-03 1.027759436270906735e+05 9.972097317423854838e+04 5.116287707729319663e+03 7.122456633561985655e+03 0.000000000000000000e+00 1.022722100485109113e+05 1.022722100485109113e+05 9.941150113945678459e+04
1.002652904000534556e-02 9.972139113690114755e+04 9.595759189679997507e+04 5.610653006897759951e+03 6.766200779596326356e+03 0.000000000000000000e+00 9.910077889546299411e+04 9.910077889546299411e+04 9.633846455779619282e+04
1.124995061548053968e-02 9.636068727216904517e+04 9.174576763040499645e+04 6.128241272792054588e+03 5.762272033430122065e+03 0.000000000000000000e+00 9.559973392683197744e+04 9.559973392683197744e+04 9.293823800036146713e+04
1.262265220055481391e-02 9.269386530698300339e+04 8.706833903419591661e+04 5.046692346154470215e+03 3.841292828465947878e+03 0.000000000000000000e+00 9.176627319945876661e+04 9.176627319945876661e+04 8.917640831389166124e+04
1.416284871124143079e-02 8.871752456338697812e+04 8.190911848985892721e+04 2.744162213612798951e+03 2.249002855397309759e+03 0.000000000000000000e+00 8.759488759888199274e+04 8.759488759888199274e+04 8.506926293673686450e+04
1.589097761778909476e-02 8.442914530113765795e+04 7.626191679621780349e+04 1.259513186370062840e+03 1.906455882867978971e+03 0.000000000000000000e+00 8.308245232804496482e+04 8.308245232804496482e+04 8.066055641930185084e+04
1.782997004293444127e-02 7.983365869846373971e+04 7.014396186134823074e+04 1.450015171817018199e+03 1.797563561671700882e+03 0.000000000000000000e+00 7.823592617095072637e+04 7.823592617095072637e+04 7.595986112615685852e+04
2.000555187335173110e-02 7.494718163336378348e+04 6.360880231995179929e+04 1.526636335130631096e+03 1.057198375789227612e+03 0.000000000000000000e+00 7.307759812184167095e+04 7.307759812184167095e+04 7.094713617118587717e+04
2.244652048885419776e-02 6.979972712618137302e+04 5.676024199394597963e+04 6.833208674635109219e+02 7.647494266346443510e+02 0.000000000000000000e+00 6.764964855427049042e+04 6.764964855427049042e+04 6.566205962532434205e+04
2.518429678413983477e-02 6.444427262758846337e+04 4.977349015058021178e+04 5.565800402992459794e+02 6.814719961940570556e+02 0.000000000000000000e+00 6.202520970316349849e+04 6.202520970316349849e+04 6.020133678801077622e+04
2.824644538989986783e-02 5.897693182006695133e+04 4.292511828460168181e+04 5.109233623879129027e+02 3.663641655300868365e+02 0.000000000000000000e+00 5.633015091016791848e+04 5.633015091016791848e+04 5.467082048576294619e+04
3.162021648644421090e-02 5.358882614668772294e+04 3.663960455152150098e+04 2.453553104672276390e+02 3.528781078425379860e+02 0.000000000000000000e+00 5.079407176852243720e+04 5.079407176852243720e+04 4.929428243643663882e+04
3.514352007894637475e-02 4.865923464202049217e+04 3.150098515274159217e+04 2.746751858637035184e+02 1.966187974343374378e+02 0.000000000000000000e+00 4.583001368856440968e+04 4.583001368856440968e+04 4.447627493588025391e+04
3.844466367228751430e-02 4.465906847467748594e+04 2.794207860547127711e+04 1.296689098293310280e+02 1.914555787090162937e+02 0.000000000000000000e+00 4.190260674784320145e+04 4.190260674784320145e+04 4.066287320583378460e+04
4.125634510424119883e-02 4.169224396216053719e+04 2.576963555231553983e+04 1.670091070069823616e+02 1.195098179143664936e+02 0.000000000000000000e+00 3.906676766430406860e+04 3.906676766430406860e+04 3.791102722066747810e+04
4.361291578103233119e-02 3.949172888687422528e+04 2.447181134227231087e+04 1.261356187545910075e+02 1.253839782492142803e+02 0.000000000000000000e+00 3.701509713822628692e+04 3.701509713822628692e+04 3.591965371780606074e+04
4.563953775259425860e-02 3.778921273026114068e+04 2.367504102139500901e+04 7.725716274883035339e+01 1.133062590797016611e+02 0.000000000000000000e+00 3.546192926440688461e+04 3.546192926440688461e+04 3.441158932710460067e+04
4.743504222191337327e-02 3.641399879428189888e+04 2.317164922259949162e+04 8.262822408530001894e+01 8.057540058732749344e+01 0.000000000000000000e+00 3.423046993811251741e+04 3.423046993811251741e+04 3.321639618595457432e+04
4.906487289724551643e-02 3.526390924246736540e+04 2.284711786815159940e+04 8.316797873338876457e+01 8.302959771309708970e+01 0.000000000000000000e+00 3.321650654250910884e+04 3.321650654250910884e+04 3.223258527484287697e+04
5.057209654185890191e-02 3.427546987951757183e+04 2.263440289771141397e+04 7.636129616993044067e+01 7.623398783907450138e+01 0.000000000000000000e+00 3.235597624783381980e+04 3.235597624783381980e+04 3.139740708663476107e+04
5.198592652177531220e-02 3.340751631975945202e+04 2.249196299559276667e+04 7.068579976756116423e+01 7.056772368982146304e+01 0.000000000000000000e+00 3.160765251648534468e+04 3.160765251648534468e+04 3.067113697197303918e+04
5.332689970520466949e-02 3.263202714030798597e+04 2.239257244498661385e+04 6.584610650506900242e+01 6.573590892761123428e+01 0.000000000000000000e+00 3.094364512942343936e+04 3.094364512942343936e+04 3.002670416714534076e+04
5.460994285852168589e-02 3.192913507713801664e+04 2.231755985078147205e+04 6.164394270605500736e+01 6.154059538658435002e+01 0.000000000000000000e+00 3.034428400925264214e+04 3.034428400925264214e+04 2.944501682858529239e+04
5.584622812556702676e-02 3.128426925628677054e+04 2.225364022776388083e+04 5.794088195633926830e+01 5.784358310989248508e+01 0.000000000000000000e+00 2.979521031199586287e+04 2.979521031199586287e+04 2.891213840108200020e+04
5.704433264683388821e-02 3.068643296998877122e+04 2.219110343950804963e+04 5.463710257100869683e+01 5.454521312504226671e+01 0.000000000000000000e+00 2.928563947242549330e+04 2.928563947242549330e+04 2.841760161290685210e+04
5.821098775531079184e-02 3.012712995477268851e+04 2.212269669889402212e+04 5.165865510948930250e+01 5.157165608541134816e+01 0.000000000000000000e+00 2.880728026368253268e+04 2.880728026368253268e+04 2.795335925691637749e+04
5.935157826741879056e-02 2.959966405497075903e+04 2.204293688472054782e+04 4.894950684133879548e+01 4.886696989869722074e+01 0.000000000000000000e+00 2.835363654715409575e+04 2.835363654715409575e+04 2.751310643941519083e+04
6.047048470073692478e-02 2.909866780640778597e+04 2.194765436668849361e+04 4.646637850541128500e+01 4.638794501718406593e+01 0.000000000000000000e+00 2.791953836929700265e+04 2.791953836929700265e+04 2.709182544818038514e+04
6.157132379257183180e-02 2.861978118069585616e+04 2.183368587948524873e+04 4.417529419090844556e+01 4.410066001232021193e+01 0.000000000000000000e+00 2.750082303579119252e+04 2.750082303579119252e+04 2.668547619497906999e+04
6.265712136486216444e-02 2.815942974796282942e+04 2.169868243208619970e+04 4.204922260743348517e+01 4.197812672190558203e+01 0.000000000000000000e+00 2.709411817917578082e+04 2.709411817917578082e+04 2.629078565517578318e+04
6.373043906864353514e-02 2.771464940794854192e+04 2.154094222775314847e+04 4.006638233623480971e+01 3.999859829645527753e+01 0.000000000000000000e+00 2.669666784021198328e+04 2.669666784021198328e+04 2.590507906344579169e+04
6.479346898632507012e-02 2.728297439015545388e+04 2.135931786874113823e+04 3.820905464265181450e+01 3.814438395681960969e+01 0.000000000000000000e+00 2.630622363466993920e+04 2.630622363466993920e+04 2.552617427721290005e+04
6.584810538342711350e-02 2.686234373148369923e+04 2.115313425323926276e+04 3.646269399561271740e+01 3.640096097429010058e+01 0.000000000000000000e+00 2.592095311389115523e+04 2.592095311389115523e+04 2.515229283212071823e+04
6.689599992075857815e-02 2.645103446103050737e+04 2.092213442741628751e+04 3.481527140204758552e+01 3.475631908001629711e+01 0.000000000000000000e+00 2.553937503828814806e+04 2.553937503828814806e+04 2.478199711814700640e+04
6.793860469841549177e-02 2.604760530861255029e+04 2.066642793141297443e+04 3.325676818036067317e+01 3.320045506936718027e+01 0.000000000000000000e+00 2.516030385053842110e+04 2.516030385053842110e+04 2.441413648668507085e+04
6.897720621408315322e-02 2.565086038195599758e+04 2.038646144673403251e+04 3.177879812178266405e+01 3.172499558060312452e+01 0.000000000000000000e+00 2.478281450208997194e+04 2.478281450208997194e+04 2.404781311033880047e+04
7.001295244501333503e-02 2.525981237882476489e+04 2.008298379203118020e+04 3.037430044654397321e+01 3.032289055365279395e+01 0.000000000000000000e+00 2.440620595939611667e+04 2.440620595939611667e+04 2.368234656375579652e+04
7.104687466107516280e-02 2.487365619858592981e+04 1.975702381605364280e+04 2.903730402160581647e+01 2.898817783366611422e+01 0.000000000000000000e+00 2.402997552143775101e+04 2.402997552143775101e+04 2.331724889681677087e+04
7.207990515446435764e-02 2.449175013081961151e+04 1.940986672694864683e+04 2.776273941099390896e+01 2.771579552820106684e+01 0.000000000000000000e+00 2.365379920708253849e+04 2.365379920708253849e+04 2.295220559882259477e+04
7.311289177164149999e-02 2.411359691378614662e+04 1.904303466695981115e+04 2.654628519458948332e+01 2.650142857841124311e+01 0.000000000000000000e+00 2.327751273378350743e+04 2.327751273378350743e+04 2.258705713749125789e+04
7.414660991672331058e-02 2.373882468592941950e+04 1.865826151999786089e+04 2.538423804889224300e+01 2.534137905279611402e+01 0.000000000000000000e+00 2.290109145601035561e+04 2.290109145601035561e+04 2.222177948927122634e+04
7.518177253753946521e-02 2.336718109085700780e+04 1.825748261796627048e+04 2.427341846635136946e+01 2.423247201961123665e+01 0.000000000000000000e+00 2.252464374493614741e+04 2.252464374493614741e+04 2.185647771283158363e+04
7.621903848878711085e-02 2.299851445260550827e+04 1.784280269910538118e+04 2.321107579486200478e+01 2.317196074474875545e+01 0.000000000000000000e+00 2.214838998436668408e+04 2.214838998436668408e+04 2.149136556589851898e+04
7.725901957945667531e-02 2.263276875892522003e+04 1.741648689576868856e+04 2.219482411494074015e+01 2.215746267237525657e+01 0.000000000000000000e+00 2.177265689520644082e+04 2.177265689520644082e+04 2.112675999636200868e+04
7.830228654582595260e-02 2.226997225515733589e+04 1.698093258190106644e+04 2.122257829666859053e+01 2.118689558853765220e+01 0.000000000000000000e+00 2.139786336802481674e+04 2.139786336802481674e+04 2.076306739365672183e+04
7.934937414111559173e-02 2.191022709494771334e+04 1.653864677450946692e+04 2.029250144177092352e+01 2.025842515044459802e+01 0.000000000000000000e+00 2.102450809399413993e+04 2.102450809399413993e+04 2.040077158544749909e+04
8.040078549428707200e-02 2.155370330163592735e+04 1.609222489013667655e+04 1.940296359711365781e+01 1.937042366790249304e+01 0.000000000000000000e+00 2.065316101914280443e+04 2.065316101914280443e+04 2.004042554443044355e+04
8.145699586052382313e-02 2.120062869556512669e+04 1.564432505856867647e+04 1.855250223150761357e+01 1.852143064593707322e+01 0.000000000000000000e+00 2.028445069714069177e+04 2.028445069714069177e+04 1.968263911551545607e+04
8.251845586253345188e-02 2.085128242386213969e+04 1.519764290351111231e+04 1.773979165836158600e+01 1.771012225886062907e+01 0.000000000000000000e+00 1.991905472754270522e+04 1.991905472754270522e+04 1.932806973709977319e+04
8.358559430338077800e-02 2.050598589801483467e+04 1.475488252414586532e+04 1.696361194715338172e+01 1.693528031126158595e+01 0.000000000000000000e+00 1.955768740282108411e+04 1.955768740282108411e+04 1.897741045401898373e+04
8.465882061694929295e-02 2.016509311507681196e+04 1.431872864613090678e+04 1.622282662648726514e+01 1.619576998314550309e+01 0.000000000000000000e+00 1.920108703348800191e+04 1.920108703348800191e+04 1.863137761838732331e+04
8.573852701046634495e-02 1.982898673150711693e+04 1.389181998652635957e+04 1.551636225776049649e+01 1.549051943238132267e+01 0.000000000000000000e+00 1.885000827746622599e+04 1.885000827746622599e+04 1.829070344615027352e+04
8.682509034415866744e-02 1.949806256440630386e+04 1.347671178649118701e+04 1.484318408329870564e+01 1.481849548416697004e+01 0.000000000000000000e+00 1.850520301893629221e+04 1.850520301893629221e+04 1.795611746302507891e+04
8.791887378553944754e-02 1.917273045610430199e+04 1.307586048798273441e+04 1.420229149478513797e+01 1.417869910847124437e+01 0.000000000000000000e+00 1.816741856370614914e+04 1.816741856370614914e+04 1.762834475333496084e+04
8.902022826967818936e-02 1.885339673744969332e+04 1.269157169888219323e+04 1.359269187500825282e+01 1.357013930350985476e+01 0.000000000000000000e+00 1.783737441410380416e+04 1.783737441410380416e+04 1.730808342379607348e+04
9.012949379178589182e-02 1.854045865935715483e+04 1.232598714945868051e+04 1.301339629012818122e+01 1.299182879240801469e+01 0.000000000000000000e+00 1.751575546795953778e+04 1.751575546795953778e+04 1.699599800434289500e+04
9.124700055432508061e-02 1.823430339862020264e+04 1.198105760509008360e+04 1.246341411946697164e+01 1.244277866103085373e+01 0.000000000000000000e+00 1.720320672193293285e+04 1.720320672193293285e+04 1.669271430858323947e+04
9.237306998745833941e-02 1.793528402718147845e+04 1.165848858147036481e+04 1.194173188918378870e+01 1.192197722741228816e+01 0.000000000000000000e+00 1.690030425219570679e+04 1.690030425219570679e+04 1.639879127560281995e+04
9.350801565883032351e-02 1.764372868487914093e+04 1.135974965118853834e+04 1.144732392443406610e+01 1.142840066923561260e+01 0.000000000000000000e+00 1.660756440924572235e+04 1.660756440924572235e+04 1.611472989204884470e+04
9.465214408634033127e-02 1.735991893710145814e+04 1.108601320883463086e+04 1.097913406833529137e+01 1.096099477516752252e+01 0.000000000000000000e+00 1.632541564715269669e+04 1.632541564715269669e+04 1.584094585738374735e+04
9.580575546560238243e-02 1.708409402088102070e+04 1.083816845948082664e+04 1.053608558378392246e+01 1.051868482232061197e+01 0.000000000000000000e+00 1.605420437607303029e+04 1.605420437607303029e+04 1.557777526289994421e+04
9.696914432215195112e-02 1.681643513711256674e+04 1.061677184039978783e+04 1.011707026040052426e+01 1.010036470169857203e+01 0.000000000000000000e+00 1.579417366956646583e+04 1.579417366956646583e+04 1.532545393101449736e+04
9.814260009707681531e-02 1.655706561731130932e+04 1.042204619286400157e+04 9.720954507369828690e+00 9.704902995451089254e+00 0.000000000000000000e+00 1.554546326729583234e+04 1.554546326729583234e+04 1.508411741806944883e+04
9.932640767358384692e-02 1.630604058218542559e+04 1.025386578188264320e+04 9.346578080766599683e+00 9.331141701684556367e+00 0.000000000000000000e+00 1.530809846870266483e+04 1.530809846870266483e+04 1.485379023778260125e+04
1.005208478510268427e-01 1.606335397879199991e+04 1.011175531046654578e+04 8.992763315233613497e+00 8.977905447526122629e+00 0.000000000000000000e+00 1.508199584726996545e+04 1.508199584726996545e+04 1.463439140609276365e+04
1.017261977720800986e-01 1.582892046493110684e+04 9.994876841691473601e+03 8.658310584399412591e+00 8.643996951726188982e+00 0.000000000000000000e+00 1.486694596557673685e+04 1.486694596557673685e+04 1.442571766937009306e+04
1.029427313080285844e-01 1.560258499409428441e+04 9.902042882167272182e+03 8.342010497668860936e+00 8.328209196614226428e+00 0.000000000000000000e+00 1.466262353711697870e+04 1.466262353711697870e+04 1.422745336483495885e+04
1.041707194065331910e-01 1.538411655904430700e+04 9.831718867272356874e+03 8.042646570774577341e+00 8.029328089739767194e+00 0.000000000000000000e+00 1.446858261128944469e+04 1.446858261128944469e+04 1.403916574861086156e+04
1.054104304057084107e-01 1.517321067268899606e+04 9.782044016716614351e+03 7.759004018134290526e+00 7.746141235743078113e+00 0.000000000000000000e+00 1.428426208407094964e+04 1.428426208407094964e+04 1.386031034301724685e+04
1.066621303178974384e-01 1.496949376784472952e+04 9.750853814519241496e+03 7.489878483183423086e+00 7.477446647696382342e+00 0.000000000000000000e+00 1.410899307902346663e+04 1.410899307902346663e+04 1.369023809865001567e+04
1.079260830861467901e-01 1.477251880454670209e+04 9.735695830700024089e+03 7.234079552023794157e+00 7.222056250417141499e+00 0.000000000000000000e+00 1.394199788775037632e+04 1.394199788775037632e+04 1.352819436640573076e+04
1.092025508160464758e-01 1.458177858653006842e+04 9.733877009213059864e+03 6.990444692155304729e+00 6.978809790350545939e+00 0.000000000000000000e+00 1.378240888792485021e+04 1.378240888792485021e+04 1.337333725413990214e+04
1.104917939853168746e-01 1.439670454245734254e+04 9.742495100071520937e+03 6.757843864474991413e+00 6.746579435507686462e+00 0.000000000000000000e+00 1.362927270831838541e+04 1.362927270831838541e+04 1.322474166814839555e+04
1.117940716332728179e-01 1.421667916613209127e+04 9.758487405143405340e+03 6.535190794874300657e+00 6.524281023860787343e+00 0.000000000000000000e+00 1.348156865543601634e+04 1.348156865543601634e+04 1.308141719294357972e+04
1.131096415320818616e-01 1.404104249227124092e+04 9.778681311793232453e+03 6.321450499815474799e+00 6.310881571924356948e+00 0.000000000000000000e+00 1.333822245398346786e+04 1.333822245398346786e+04 1.294232142391458910e+04
1.144387603415471522e-01 1.386910138857938364e+04 9.799847480420470674e+03 6.115647087263541337e+00 6.105407058982585511e+00 0.000000000000000000e+00 1.319812277685737354e+04 1.319812277685737354e+04 1.280637600667540028e+04
1.157816837489836492e-01 1.370014420848354530e+04 9.818761506341201311e+03 5.916873035624762522e+00 5.906951687128603190e+00 0.000000000000000000e+00 1.306014364921060405e+04 1.306014364921060405e+04 1.267248837610185910e+04
1.171386665956163642e-01 1.353345061321143112e+04 9.832266051221327871e+03 5.724295308145198824e+00 5.714683982366368653e+00 0.000000000000000000e+00 1.292316289581149977e+04 1.292316289581149977e+04 1.253956965606566337e+04
1.185099629908079183e-01 1.336830461894378277e+04 9.837332406415776859e+03 5.537161388534234341e+00 5.527852818090447151e+00 0.000000000000000000e+00 1.278608318802231952e+04 1.278608318802231952e+04 1.240655508158452358e+04
1.198958264153183045e-01 1.320401268784195418e+04 9.831129769775960085e+03 5.354806323993575035e+00 5.345794444376654297e+00 0.000000000000000000e+00 1.264785857484173357e+04 1.264785857484173357e+04 1.227242974221607983e+04
1.212965098147064102e-01 1.303991651530217496e+04 9.811086674035301257e+03 5.176656026923589948e+00 5.167935783301032870e+00 0.000000000000000000e+00 1.250751529058723827e+04 1.250751529058723827e+04 1.213624877193810244e+04
1.227122656839060716e-01 1.287540508129316368e+04 9.774951449934400443e+03 5.002229487707283262e+00 4.993796638349039974e+00 0.000000000000000000e+00 1.236417178884452551e+04 1.236417178884452551e+04 1.199715678823977032e+04
1.241433461439387237e-01 1.270993529869238773e+04 9.720853655495240673e+03 4.831141869272465250e+00 4.822992782993012817e+00 0.000000000000000000e+00 1.221706611516592056e+04 1.221706611516592056e+04 1.185441445206367098e+04
1.255900030116675337e-01 1.254303879447386498e+04 9.647349861406588388e+03 4.663102638183117321e+00 4.655234098345531812e+00 0.000000000000000000e+00 1.206556911965395921e+04 1.206556911965395921e+04 1.170741128797073543e+04
1.270524878634444466e-01 1.237433703106245594e+04 9.553469511448522098e+03 4.497914231501177973e+00 4.490323243250548657e+00 0.000000000000000000e+00 1.190920464687593631e+04 1.190920464687593631e+04 1.155568527446406915e+04
1.285310520934598855e-01 1.220355212506696262e+04 9.438751147055898400e+03 4.335468907016448270e+00 4.328152513079594144e+00 0.000000000000000000e+00 1.174766454376023466e+04 1.174766454376023466e+04 1.139893740611963585e+04
1.300259469675646151e-01 1.203051513093509129e+04 9.303262618203812963e+03 4.175743142351309167e+00 4.168698252186509912e+00 0.000000000000000000e+00 1.158081890993035995e+04 1.158081890993035995e+04 1.123704163936390069e+04
1.315374236733026225e-01 1.185516912107603093e+04 9.147611383353529163e+03 4.018789923764194860e+00 4.012013160007206203e+00 0.000000000000000000e+00 1.140872036830302568e+04 1.140872036830302568e+04 1.107004903602285958e+04
1.330657333668637532e-01 1.167757300197321456e+04 8.972942990035668117e+03 3.864730628087498676e+00 3.858218191468006708e+00 0.000000000000000000e+00 1.123160700142629685e+04 1.123160700142629685e+04 1.089819061222175515e+04
1.346111272176433449e-01 1.149790564514487232e+04 8.780926065018924419e+03 3.713746453109322498e+00 3.707494007496603849e+00 0.000000000000000000e+00 1.104990332631813362e+04 1.104990332631813362e+04 1.072187828402257946e+04
1.361738564510736882e-01 1.131645572950361020e+04 8.573716287788947739e+03 3.566065195705895086e+00 3.560067780867980147e+00 0.000000000000000000e+00 1.086420587131043249e+04 1.086420587131043249e+04 1.054169087218218192e+04
1.377541723903755733e-01 1.113362210710222826e+04 8.353913895654701264e+03 3.421951430469800215e+00 3.416203397489405269e+00 0.000000000000000000e+00 1.067527647451102166e+04 1.067527647451102166e+04 1.035836759932424502e+04
1.393523264978633047e-01 1.094989681135730643e+04 8.124498972672636228e+03 3.281691798256354708e+00 3.276186775412804675e+00 0.000000000000000000e+00 1.048401742359977652e+04 1.048401742359977652e+04 1.017278396754542155e+04
1.409685704164243270e-01 1.076586492660698423e+04 7.888765278425618817e+03 3.145585801374257251e+00 3.140316681768049456e+00 0.000000000000000000e+00 1.029146043593315699e+04 1.029146043593315699e+04 9.985941065489561879e+03
1.426031560117830277e-01 1.058217455003097712e+04 7.650223668121758237e+03 3.013928622113916322e+00 3.008887585530842568e+00 0.000000000000000000e+00 1.009872564839420193e+04 1.009872564839420193e+04 9.798925775514722773e+03
1.442563354161495726e-01 1.039953325058672090e+04 7.412515681910306739e+03 2.887002779754357373e+00 2.882181334186057597e+00 0.000000000000000000e+00 9.907004411970565343e+03 9.907004411970565343e+03 9.612894078950861513e+03
1.459283610738478232e-01 1.021867738595678202e+04 7.179301785795344585e+03 2.765063223705492845e+00 2.760452276451634823e+00 0.000000000000000000e+00 9.717515240087943312e+03 9.717515240087943312e+03 9.429028312137046669e+03
1.476194857895077872e-01 1.004035581884781459e+04 6.954154939255481622e+03 2.648327941609024183e+00 2.643917890402927462e+00 0.000000000000000000e+00 9.531472660308070772e+03 9.531472660308070772e+03 9.248506942809248358e+03
1.493299627794037188e-01 9.865302614595073464e+03 6.740446349222585923e+03 2.536967415069943499e+00 2.532748260449383615e+00 0.000000000000000000e+00 9.350045575812971947e+03 9.350045575812971947e+03 9.072464167766602259e+03
1.510600457265141028e-01 9.694213001739484753e+03 6.541233987249772326e+03 2.431096186065892617e+00 2.427057659915954346e+00 0.000000000000000000e+00 9.174318807452624242e+03 9.174318807452624242e+03 8.901952596697274203e+03
1.528099888398734285e-01 9.527722684241383831e+03 6.359161301728106082e+03 2.330767655197005350e+00 2.326899359713564319e+00 0.000000000000000000e+00 9.005259115838342041e+03 9.005259115838342041e+03 8.737910283118852021e+03
1.545800469187849357e-01 9.366376144418183685e+03 6.196353057694866948e+03 2.235967517600933707e+00 2.232259075508226775e+00 0.000000000000000000e+00 8.843671555846889532e+03 8.843671555846889532e+03 8.581118374780546219e+03
1.563704754224564397e-01 9.210612734145783179e+03 6.054340023675725206e+03 2.146613613209912952e+00 2.143054817404407952e+00 0.000000000000000000e+00 8.690175442867137463e+03 8.690175442867137463e+03 8.432177793591474256e+03
1.581815305456209519e-01 9.060738806285604369e+03 5.933985706250511612e+03 2.062553993847862088e+00 2.059134958254052794e+00 0.000000000000000000e+00 8.545168998746057696e+03 8.545168998746057696e+03 8.291474931389415360e+03
1.600134693006991515e-01 8.916921909236029023e+03 5.835450918192694189e+03 1.983571814661702293e+00 1.980283113811658335e+00 0.000000000000000000e+00 8.408818661245941257e+03 8.408818661245941257e+03 8.159171276993266474e+03
1.618665496070595400e-01 8.779177331622944621e+03 5.758171409690848122e+03 1.909389563997270223e+00 1.906222361359934503e+00 0.000000000000000000e+00 8.281044158994482132e+03 8.281044158994482132e+03 8.035188934500809410e+03
1.637410303879281992e-01 8.647362898799274262e+03 5.700863987068586539e+03 1.839676238257865748e+00 1.836622397552506003e+00 0.000000000000000000e+00 8.161515174903382103e+03 8.161515174903382103e+03 7.919207385997064193e+03
1.656371716754996004e-01 8.521185651290366877e+03 5.661567076466122671e+03 1.774057840407674114e+00 1.771110013512910530e+00 0.000000000000000000e+00 8.049663611944791228e+03 8.049663611944791228e+03 7.810675393400951180e+03
1.675552347247972751e-01 8.400206592025113423e+03 5.637700702516202909e+03 1.712127663435666358e+00 1.709279354808567852e+00 0.000000000000000000e+00 7.944697447486330930e+03 7.944697447486330930e+03 7.708824441696680879e+03
1.694954821368324094e-01 8.283857352843080662e+03 5.626159559182288831e+03 1.653459135922893175e+00 1.650704738934590132e+00 0.000000000000000000e+00 7.845629998095885639e+03 7.845629998095885639e+03 7.612697135074293328e+03
1.714581779916071469e-01 8.171463488284641244e+03 5.623432127269873490e+03 1.597619572938868693e+00 1.594954376529066131e+00 0.000000000000000000e+00 7.751319013689454550e+03 7.751319013689454550e+03 7.521185130558190394e+03
1.734435879915103007e-01 8.062266582730550908e+03 5.625733034946545558e+03 1.544182690400675018e+00 1.541602858290918920e+00 0.000000000000000000e+00 7.660506964332619646e+03 7.660506964332619646e+03 7.433068228836684284e+03
1.754519796156535916e-01 7.955626173620821646e+03 5.629385758360017462e+03 1.492777584104682198e+00 1.490280038041056576e+00 0.000000000000000000e+00 7.572052771815201595e+03 7.572052771815201595e+03 7.347239225854421420e+03
1.774836222856967516e-01 7.851074282490286350e+03 5.631013038496465924e+03 1.443101279000195580e+00 1.440683556183335323e+00 0.000000000000000000e+00 7.485008746877943850e+03 7.485008746877943850e+03 7.262778565702220476e+03
1.795387875437157721e-01 7.747243895328756480e+03 5.626228029234463065e+03 1.394705210304551635e+00 1.392365724344550193e+00 0.000000000000000000e+00 7.397509935887478605e+03 7.397509935887478605e+03 7.177876662592731918e+03
1.816177492426701567e-01 7.643312843055422491e+03 5.611686771571890858e+03 1.347299395523100296e+00 1.345037116807999977e+00 0.000000000000000000e+00 7.308318352235110069e+03 7.308318352235110069e+03 7.091332284240899753e+03
1.837207837500307028e-01 7.538538271621845524e+03 5.584568283000310657e+03 1.300652966001339061e+00 1.298467292028279596e+00 0.000000000000000000e+00 7.216348479610334834e+03 7.216348479610334834e+03 7.002092142699154465e+03
1.858481701651400475e-01 7.432297882643921184e+03 5.542713220776106027e+03 1.254599890171206100e+00 1.252490505072174853e+00 0.000000000000000000e+00 7.120724576635866470e+03 7.120724576635866470e+03 6.909306497456678699e+03
1.880001905508830173e-01 7.324135904839025898e+03 5.484747046664488153e+03 1.209043690236895063e+00 1.207010417126163526e+00 0.000000000000000000e+00 7.020839376696529143e+03 7.020839376696529143e+03 6.812386112277566099e+03
1.901771301802606950e-01 7.213793575287966632e+03 5.410157239759839285e+03 1.163957097743021807e+00 1.161999753620693854e+00 0.000000000000000000e+00 6.916392274760230066e+03 6.916392274760230066e+03 6.711039308022355726e+03
1.923792777984734692e-01 7.101225538214773223e+03 5.319326075715196566e+03 1.119377775699854860e+00 1.117496037050132784e+00 0.000000000000000000e+00 6.807408427127423238e+03 6.807408427127423238e+03 6.605290495090068362e+03
1.946069259011371511e-01 6.986605784129814310e+03 5.213517418011986592e+03 1.075401061187226226e+00 1.073594346583524928e+00 0.000000000000000000e+00 6.694241533284515754e+03 6.694241533284515754e+03 6.495482872444837085e+03
1.968603710292781694e-01 6.870303665797282520e+03 5.094799206057268748e+03 1.032167300904863527e+00 1.030434680834758865e+00 0.000000000000000000e+00 6.577541025669574992e+03 6.577541025669574992e+03 6.382246591333078868e+03
1.991399140817780300e-01 6.752850727220096815e+03 4.965922953909903299e+03 9.898477211257673547e-01 9.881878579667676687e-01 0.000000000000000000e+00 6.458204498785153191e+03 6.458204498785153191e+03 6.266452596622420970e+03
2.014458606459659240e-01 6.634891064823333181e+03 4.830158118525827376e+03 9.486286032640418586e-01 9.470397249518778260e-01 0.000000000000000000e+00 6.337308944325095581e+03 6.337308944325095581e+03 6.149145903484762130e+03
2.037785213470935108e-01 6.517137581951349603e+03 4.691105356271292294e+03 9.086968760533706835e-01 9.071767800847586605e-01 0.000000000000000000e+00 6.216043426757480120e+03 6.216043426757480120e+03 6.031480271798505782e+03
2.061382122174636733e-01 6.400321524776927617e+03 4.552486934901224231e+03 8.702263854013969624e-01 8.687724722329109861e-01 0.000000000000000000e+00 6.095632381314835584e+03 6.095632381314835584e+03 5.914643781453365591e+03
2.085252550860303977e-01 6.285155614467942542e+03 4.417941780609931811e+03 8.333673755541164407e-01 8.319767045444793618e-01 0.000000000000000000e+00 5.977271030633500231e+03 5.977271030633500231e+03 5.799796166525084118e+03
2.109399779893369187e-01 6.172310650932819044e+03 4.290833046915908199e+03 7.982392297616764942e-01 7.969085910030433428e-01 0.000000000000000000e+00 5.862074116368551586e+03 5.862074116368551586e+03 5.688019069133598350e+03
2.133827156047180540e-01 6.062392348856577883e+03 4.174068648358473183e+03 7.649249407228824182e-01 7.636509387504858415e-01 0.000000000000000000e+00 5.751026962562647896e+03 5.751026962562647896e+03 5.580268555853645012e+03
2.158538097067558836e-01 5.955925667511574829e+03 4.069948638507887608e+03 7.334680515243495735e-01 7.322471952840692300e-01 0.000000000000000000e+00 5.644947223496752486e+03 5.644947223496752486e+03 5.477338001402695227e+03
2.183536096480528932e-01 5.853332016280230164e+03 3.980037005035829225e+03 7.038704882039499289e-01 7.026992846118597091e-01 0.000000000000000000e+00 5.544444708100628304e+03 5.544444708100628304e+03 5.379819106031208321e+03
2.208824728654668612e-01 5.754903776879654288e+03 3.905068315322270337e+03 6.760918341346897620e-01 6.749668816080007794e-01 0.000000000000000000e+00 5.449884710013048789e+03 5.449884710013048789e+03 5.288066314503383182e+03
2.234407654130450005e-01 5.660767941151700143e+03 3.844888130449966411e+03 6.500490798813994830e-01 6.489671598959746435e-01 0.000000000000000000e+00 5.361347816004007655e+03 5.361347816004007655e+03 5.202157818031864736e+03
2.260288625229950332e-01 5.570860764369214849e+03 3.798451575979485369e+03 6.256194508956874900e-01 6.245776113330864243e-01 0.000000000000000000e+00 5.278608503028477571e+03 5.278608503028477571e+03 5.121874786989563290e+03
2.286471491961460933e-01 5.484911770163231267e+03 3.763878068197504945e+03 6.026456026512776454e-01 6.016412280211884678e-01 0.000000000000000000e+00 5.201130804380681184e+03 5.201130804380681184e+03 5.046697165918066275e+03
2.312960208234778603e-01 5.402449314303181382e+03 3.738572934059988256e+03 5.809440252073225786e-01 5.799748873587374787e-01 0.000000000000000000e+00 5.128093009956044625e+03 5.128093009956044625e+03 4.975827640544184760e+03
2.339758838404358554e-01 5.322834255414395557e+03 3.719412599466925712e+03 5.603166829898691415e-01 5.593809667224862725e-01 0.000000000000000000e+00 5.058446320673945593e+03 5.058446320673945593e+03 4.908248550763397361e+03
2.366871564159064023e-01 5.245325346154015278e+03 3.702990523531136660e+03 5.405653148937072938e-01 5.396616136015566223e-01 0.000000000000000000e+00 4.991010009374691435e+03 4.991010009374691435e+03 4.842814226089668409e+03
2.394302691778943948e-01 5.169146858968458218e+03 3.685881386950723481e+03 5.215046031797367920e-01 5.206318870891429862e-01 0.000000000000000000e+00 4.924571457754446783e+03 4.924571457754446783e+03 4.778348052311314859e+03
2.422056659781402499e-01 5.093559497880523850e+03 3.664907466832517912e+03 5.029738324237539304e-01 5.021313929172575019e-01 0.000000000000000000e+00 4.857989298020440401e+03 4.857989298020440401e+03 4.713742550625291187e+03
2.450138046981154838e-01 5.017926628855338095e+03 3.637388824882041718e+03 4.848461303504744135e-01 4.840335057382857409e-01 0.000000000000000000e+00 4.790289976032448976e+03 4.790289976032448976e+03 4.648053073539431352e+03
2.478551580990742964e-01 4.941741591608956696e+03 3.601324543386650475e+03 4.670317707744480740e-01 4.662486651825649142e-01 0.000000000000000000e+00 4.720720443643373983e+03 4.720720443643373983e+03 4.580548932572283775e+03
2.507302147190875741e-01 4.864652356445531041e+03 3.555528691138422346e+03 4.494794488195880677e-01 4.487256489878127530e-01 0.000000000000000000e+00 4.648791169273356900e+03 4.648791169273356900e+03 4.510755131632667144e+03
2.536394798202715184e-01 4.786466287534261028e+03 3.499694522784577202e+03 4.321741421930093696e-01 4.314494395951155581e-01 0.000000000000000000e+00 4.574290701591172365e+03 4.574290701591172365e+03 4.438466498157899878e+03
2.565834763897325566e-01 4.707155205157504497e+03 3.434397103178408543e+03 4.151334565140927801e-01 4.144375782327298086e-01 0.000000000000000000e+00 4.497290329777865736e+03 4.497290329777865736e+03 4.363752204877731856e+03
2.595627461980927198e-01 4.626866200684858086e+03 3.361042026649329273e+03 3.984034365516039844e-01 3.977359868301240109e-01 0.000000000000000000e+00 4.418144659550357574e+03 4.418144659550357574e+03 4.286956328607087016e+03
2.625778509198421484e-01 4.545927823310080385e+03 3.281749261103942899e+03 3.820528701630261370e-01 3.814132856287566486e-01 0.000000000000000000e+00 4.337477626841122401e+03 4.337477626841122401e+03 4.208684279091176904e+03
2.656293733201834373e-01 4.464840611033340792e+03 3.199174731936589978e+03 3.661659497866022184e-01 3.655534717115094256e-01 0.000000000000000000e+00 4.256145171125418528e+03 4.256145171125418528e+03 4.129766580557491579e+03
2.687179185134981330e-01 4.384235047190402838e+03 3.116265359585868282e+03 3.508323271641406449e-01 3.502459951623755896e-01 0.000000000000000000e+00 4.175159732674233055e+03 4.175159732674233055e+03 4.051185610783768880e+03
2.718441152990812570e-01 4.304802399113154024e+03 3.035971185857189084e+03 3.361359596671620875e-01 3.355746286886858720e-01 0.000000000000000000e+00 4.095585027773151978e+03 4.095585027773151978e+03 3.973973500711807446e+03
2.750086175803603816e-01 4.227194104260212043e+03 2.960932381597125186e+03 3.221431418515273704e-01 3.216055231527013003e-01 0.000000000000000000e+00 4.018400415804038403e+03 4.018400415804038403e+03 3.899080528891888662e+03
2.782121058744521092e-01 4.151929592245694039e+03 2.893200827863009181e+03 3.088933504316074830e-01 3.083780704466845268e-01 0.000000000000000000e+00 3.944378012048975052e+03 3.944378012048975052e+03 3.827255883241701213e+03
2.814552889196117458e-01 4.079329515437244936e+03 2.834033214887839222e+03 2.963943186005771890e-01 2.958999870806003907e-01 0.000000000000000000e+00 3.873992812006212262e+03 3.873992812006212262e+03 3.758960454140333695e+03
2.847389053889186061e-01 4.009500222370888878e+03 2.783797360555356590e+03 2.846228734696515383e-01 2.841481493270040515e-01 0.000000000000000000e+00 3.807394277849777609e+03 3.807394277849777609e+03 3.694339264673336402e+03
2.880637257194144651e-01 3.942357018413961214e+03 2.741986523681126073e+03 2.735299492633073704e-01 2.730735956504803386e-01 0.000000000000000000e+00 3.744428123760074868e+03 3.744428123760074868e+03 3.633242609185268066e+03
2.914305540668892802e-01 3.877667150319402026e+03 2.707327947279579803e+03 2.630478645052697351e-01 2.626087882135019203e-01 0.000000000000000000e+00 3.684690110443609683e+03 3.684690110443609683e+03 3.575278250547571133e+03
2.948402303976010441e-01 3.815093619353079703e+03 2.677957223016737771e+03 2.530980009763749705e-01 2.526752750756366961e-01 0.000000000000000000e+00 3.627591384847016798e+03 3.627591384847016798e+03 3.519874819793591087e+03
2.982936327294399836e-01 3.754213432014330920e+03 2.651623343343846500e+03 2.435968522521968771e-01 2.431897246800612533e-01 0.000000000000000000e+00 3.572407532532061850e+03 3.572407532532061850e+03 3.466329412021848384e+03
3.017916795364184446e-01 3.694536217113192833e+03 2.625923502873502002e+03 2.344618062969452688e-01 2.340696951846290563e-01 0.000000000000000000e+00 3.518332841346591522e+03 3.518332841346591522e+03 3.413860238844913965e+03
3.053353323319120682e-01 3.635529881760288390e+03 2.598555192395022004e+03 2.256168105955404235e-01 2.252392870031406091e-01 0.000000000000000000e+00 3.464543294743413753e+03 3.464543294743413753e+03 3.361667751237450830e+03
3.089255984478103678e-01 3.576684381963270425e+03 2.567585652563942858e+03 2.169992189641934133e-01 2.166359756318269048e-01 0.000000000000000000e+00 3.410294257428342007e+03 3.410294257428342007e+03 3.309029424542684865e+03
3.125635340286965214e-01 3.517600747009279530e+03 2.531702405194142102e+03 2.085664848517723158e-01 2.082172921999501380e-01 0.000000000000000000e+00 3.355036130590578523e+03 3.355036130590578523e+03 3.255411979433494253e+03
3.162502472623841543e-01 3.458068712251478246e+03 2.490387222647063027e+03 2.003001338710832524e-01 1.999647890986517851e-01 0.000000000000000000e+00 3.298507869615924392e+03 3.298507869615924392e+03 3.200562122667050062e+03
3.199869018706461565e-01 3.398093782736884805e+03 2.443961353767344463e+03 1.922049384634908487e-01 1.918832173075529224e-01 0.000000000000000000e+00 3.240767042494572706e+03 3.240767042494572706e+03 3.144535712860238618e+03
3.237747208868114734e-01 3.337870125509863556e+03 2.393496505272666127e+03 1.843038104963604096e-01 1.839954302001721997e-01 0.000000000000000000e+00 3.182152513644170995e+03 3.182152513644170995e+03 3.087661552291406224e+03
3.276149907501340053e-01 3.277700059034033075e+03 2.340596688218201507e+03 1.766291961689143986e-01 1.763337963375740114e-01 0.000000000000000000e+00 3.123181237406973651e+03 3.123181237406973651e+03 3.030441244932387235e+03
3.315090657505219696e-01 3.217931894775193996e+03 2.287143038040597730e+03 1.692157612458631277e-01 1.689329004722165961e-01 0.000000000000000000e+00 3.064454272342765762e+03 3.064454272342765762e+03 2.973458001498275280e+03
3.354583728614135008e-01 3.158922628001581415e+03 2.235031631863022085e+03 1.620948885066050282e-01 1.618240531794591097e-01 0.000000000000000000e+00 3.006582392675251867e+03 3.006582392675251867e+03 2.917304459753911487e+03
3.394644170033982999e-01 3.101025482705156719e+03 2.185937568178432230e+03 1.552912460797963023e-01 1.550318671250779934e-01 0.000000000000000000e+00 2.950136786066776949e+03 2.950136786066776949e+03 2.862534846251885028e+03
3.435287867866991807e-01 3.044571658511998521e+03 2.141108447224376050e+03 1.488200301054187491e-01 1.485715057003931805e-01 0.000000000000000000e+00 2.895599757290443449e+03 2.895599757290443449e+03 2.809617143818416025e+03
3.476531607869726703e-01 2.989797903015632528e+03 2.101168018147757721e+03 1.426828571037339066e-01 1.424445829325479140e-01 0.000000000000000000e+00 2.843271866562649393e+03 2.843271866562649393e+03 2.758842987357366837e+03
3.518393144162010877e-01 2.936764894867426847e+03 2.065996714113715370e+03 1.368649461021977098e-01 1.366363499909026835e-01 0.000000000000000000e+00 2.793184071886004858e+03 2.793184071886004858e+03 2.710242415107161378e+03
3.560891274589038091e-01 2.885311349957030416e+03 2.034738928898570066e+03 1.313355823920259735e-01 1.311161566229290532e-01 0.000000000000000000e+00 2.745060602490390465e+03 2.745060602490390465e+03 2.663547844595492734e+03
3.604045923536899343e-01 2.835103084371879049e+03 2.005990069840547221e+03 1.260539569333950227e-01 1.258432780395090933e-01 0.000000000000000000e+00 2.698390774939562561e+03 2.698390774939562561e+03 2.618263756290725269e+03
3.647878233115592339e-01 2.785751830866264754e+03 1.978116460431383302e+03 1.209781429631405641e-01 1.207758732145138708e-01 0.000000000000000000e+00 2.652580966658096258e+03 2.652580966658096258e+03 2.573814154428886923e+03
3.692410663756289790e-01 2.736916120882038740e+03 1.949582764455640017e+03 1.160723527284147211e-01 1.158782265992808341e-01 0.000000000000000000e+00 2.607092852444991877e+03 2.607092852444991877e+03 2.529676698711144127e+03
3.737667105424696823e-01 2.688341772980407768e+03 1.919208712988594698e+03 1.113105109559526656e-01 1.111243138744752862e-01 0.000000000000000000e+00 2.561519548447286979e+03 2.561519548447286979e+03 2.485456587230591140e+03
3.783673000834207323e-01 2.639837059211003179e+03 1.886305836221778009e+03 1.066759557490865318e-01 1.064975028368832372e-01 0.000000000000000000e+00 2.515587419030832280e+03 2.515587419030832280e+03 2.440888309675495748e+03
3.830455482256427402e-01 2.591279488628463241e+03 1.850760186702975261e+03 1.021614695840563636e-01 1.019905846580923120e-01 0.000000000000000000e+00 2.469175381985454351e+03 2.469175381985454351e+03 2.395854379251204136e+03
3.878043523779081125e-01 2.542676296399597504e+03 1.813066930367441955e+03 9.777027844546332114e-02 9.760677224245088712e-02 0.000000000000000000e+00 2.422371127302610603e+03 2.422371127302610603e+03 2.350439882029856108e+03
3.926468111160231755e-01 2.494211307488856619e+03 1.774253660863533014e+03 9.351532395497612338e-02 9.335897518665313422e-02 0.000000000000000000e+00 2.375497608827111890e+03 2.375497608827111890e+03 2.304958181892599441e+03
3.975762431783006479e-01 2.446194405197332344e+03 1.735635517990660674e+03 8.941423787520885735e-02 8.926478511377307357e-02 0.000000000000000000e+00 2.329030466439729025e+03 2.329030466439729025e+03 2.259870794770655266e+03
4.025962087638847442e-01 2.398917210218099171e+03 1.698445812204299500e+03 8.548127450662866555e-02 8.533842421398030176e-02 0.000000000000000000e+00 2.283416595904522637e+03 2.283416595904522637e+03 2.215611345953122964e+03
4.077105334774830947e-01 2.352541135255893550e+03 1.663517402057419531e+03 8.172172470444789838e-02 8.158517038552969003e-02 0.000000000000000000e+00 2.238928124522385588e+03 2.238928124522385588e+03 2.172443881874107319e+03
4.129233353250920668e-01 2.307113237431885409e+03 1.631157386319063335e+03 7.813222203087678841e-02 7.800166312918305200e-02 0.000000000000000000e+00 2.195654987639295086e+03 2.195654987639295086e+03 2.130455667078503211e+03
4.182390552390012339e-01 2.262632353953336860e+03 1.601172138821958242e+03 7.470367534621361050e-02 7.457883035462850585e-02 0.000000000000000000e+00 2.153564287208148016e+03 2.153564287208148016e+03 2.089614780177609646e+03
4.236624916997566714e-01 2.219032023514524099e+03 1.572923551662210684e+03 7.142209438959502832e-02 7.130271137617136268e-02 0.000000000000000000e+00 2.112495303209096164e+03 2.112495303209096164e+03 2.049765273434552455e+03
4.291988401317030077e-01 2.176111523071096599e+03 1.545430057137465610e+03 6.826850040341421455e-02 6.815436632178922816e-02 0.000000000000000000e+00 2.072118559249772716e+03 2.072118559249772716e+03 2.010587453936681186e+03
4.348537378821216715e-01 2.133559954050839224e+03 1.517613441803252044e+03 6.522221039148815014e-02 6.511315302177127229e-02 0.000000000000000000e+00 2.031996634334108421e+03 2.031996634334108421e+03 1.971656889611133238e+03
4.406333157581772686e-01 2.091137064204278431e+03 1.488694609385185458e+03 6.226836449043057775e-02 6.216423976255093520e-02 0.000000000000000000e+00 1.991800426309445584e+03 1.991800426309445584e+03 1.932654250796311999e+03
4.465442572990704351e-01 2.048792758218557083e+03 1.458458434379553864e+03 5.940193837060667170e-02 5.930261011783268671e-02 0.000000000000000000e+00 1.951452628061734913e+03 1.951452628061734913e+03 1.893504525925746066e+03
4.525938672136380347e-01 2.006578017356737064e+03 1.427196276289324032e+03 5.662418710854576209e-02 5.652951368096337248e-02 0.000000000000000000e+00 1.911043856782721605e+03 1.911043856782721605e+03 1.854295641289159221e+03
4.587901507301848092e-01 1.964540429358047504e+03 1.395504988775538550e+03 5.393817145331999963e-02 5.384800146196226656e-02 0.000000000000000000e+00 1.870712268579694637e+03 1.870712268579694637e+03 1.815161650438842116e+03
4.651419060040608566e-01 1.922790841199838042e+03 1.364155153580962860e+03 5.134887630296759015e-02 5.126304543484205140e-02 0.000000000000000000e+00 1.830677493987628395e+03 1.830677493987628395e+03 1.776315661967294091e+03
4.716588322341268014e-01 1.881533332708780108e+03 1.333887644328717670e+03 4.886207987314091644e-02 4.878041082218424751e-02 0.000000000000000000e+00 1.791232124674540955e+03 1.791232124674540955e+03 1.738041578990142852e+03
4.783516567848810075e-01 1.840879773558156103e+03 1.305045481550185514e+03 4.647819320973269747e-02 4.640050733500448304e-02 0.000000000000000000e+00 1.752526144740921609e+03 1.752526144740921609e+03 1.700484931731011784e+03
4.852322854415471731e-01 1.800727400413489022e+03 1.277386106980501609e+03 4.418947093359298917e-02 4.411560479543075175e-02 0.000000000000000000e+00 1.714433740089073353e+03 1.714433740089073353e+03 1.663523642000413474e+03
4.923139810021477936e-01 1.760928492868015383e+03 1.250330860465101523e+03 4.198579257307945289e-02 4.191560311908661129e-02 0.000000000000000000e+00 1.676736132727662607e+03 1.676736132727662607e+03 1.626945428278160534e+03
4.996115768181261241e-01 1.721395034469864640e+03 1.223270851225985780e+03 3.985879024887205996e-02 3.979215140394033734e-02 0.000000000000000000e+00 1.639259419322330814e+03 1.639259419322330814e+03 1.590581551171447245e+03
5.071417337513152157e-01 1.681953271536486454e+03 1.195662496055703059e+03 3.779978316489505941e-02 3.773658521662567183e-02 0.000000000000000000e+00 1.601768865060621692e+03 1.601768865060621692e+03 1.554204246234464335e+03
5.149232514860682119e-01 1.642448829477642903e+03 1.167299887393614426e+03 3.580318011801615630e-02 3.574332256759348708e-02 0.000000000000000000e+00 1.564101598089231629e+03 1.564101598089231629e+03 1.517655478048473469e+03
5.229774484577489613e-01 1.602971624764697481e+03 1.138548777759809582e+03 3.387096807525428327e-02 3.381434477268027705e-02 0.000000000000000000e+00 1.526393017440508402e+03 1.526393017440508402e+03 1.481066624935489699e+03
5.313286291737053801e-01 1.563606916773208468e+03 1.109938599226579299e+03 3.200550260663785618e-02 3.195200089932024451e-02 0.000000000000000000e+00 1.488801622053366373e+03 1.488801622053366373e+03 1.444591479163703070e+03
5.400046639085995803e-01 1.524342053449708374e+03 1.081815574679440942e+03 3.020617735799121031e-02 3.015568431551306217e-02 0.000000000000000000e+00 1.451373934704362227e+03 1.451373934704362227e+03 1.408275181961457974e+03
5.490377143903834023e-01 1.485245851238112209e+03 1.054317122236174555e+03 2.847230962983749239e-02 2.842471345533070445e-02 0.000000000000000000e+00 1.414190083556200761e+03 1.414190083556200761e+03 1.372195482007810142e+03
5.584651512647583749e-01 1.446201013595285986e+03 1.027091367218839878e+03 2.679804472008714966e-02 2.675324509042151244e-02 0.000000000000000000e+00 1.377094092515445482e+03 1.377094092515445482e+03 1.336201034859428546e+03
5.683307265261017260e-01 1.406993990358186920e+03 9.995808603372846619e+02 2.517578439153860675e-02 2.513369558390035965e-02 0.000000000000000000e+00 1.339815705948201867e+03 1.339815705948201867e+03 1.300029610096442184e+03
5.786860893555081375e-01 1.367580423387970313e+03 9.715648037369834356e+02 2.360250408598750169e-02 2.356304578543852446e-02 0.000000000000000000e+00 1.302281472599747531e+03 1.302281472599747531e+03 1.263609937568375926e+03
5.895927710547318457e-01 1.327802055497766787e+03 9.430257991176148380e+02 2.207487779364641564e-02 2.203797461536428220e-02 0.000000000000000000e+00 1.264356361481991598e+03 1.264356361481991598e+03 1.226810996033661695e+03
6.011248206729128407e-01 1.287727688426500890e+03 9.143599660920949646e+02 2.059434272401295188e-02 2.055991529631374243e-02 0.000000000000000000e+00 1.226163145724594415e+03 1.226163145724594415e+03 1.189751912830626907e+03
6.133723584260153405e-01 1.247259229842867398e+03 8.856795376492052583e+02 1.915879624688803656e-02 1.912676831922475659e-02 0.000000000000000000e+00 1.187638413503898164e+03 1.187638413503898164e+03 1.152371159133705760e+03
6.264464474241963066e-01 1.206303625956417818e+03 8.568019531075269697e+02 1.776511286820056310e-02 1.773541403953885626e-02 0.000000000000000000e+00 1.148674352252833842e+03 1.148674352252833842e+03 1.114564123859281153e+03
6.404858968977706901e-01 1.164589555125214247e+03 8.272466983967349279e+02 1.640743361175252962e-02 1.638000435814413250e-02 0.000000000000000000e+00 1.108965146624143017e+03 1.108965146624143017e+03 1.076034072899529747e+03
6.556669568649511337e-01 1.121976640283772440e+03 7.968888905860230807e+02 1.508328701836854184e-02 1.505807174969534673e-02 0.000000000000000000e+00 1.068372974377675973e+03 1.068372974377675973e+03 1.036647276680300365e+03
6.722174428617101460e-01 1.078238075436672034e+03 7.657715860061077819e+02 1.379018933607086168e-02 1.376713593549611266e-02 0.000000000000000000e+00 1.026715527072854684e+03 1.026715527072854684e+03 9.962268404742632129e+02
6.904378176595635797e-01 1.033155072000757173e+03 7.338279569360582855e+02 1.252566713149750113e-02 1.250472745210286576e-02 0.000000000000000000e+00 9.837990729282552138e+02 9.837990729282552138e+02 9.545847854400910819e+02
7.107334805488427776e-01 9.863493348944841728e+02 7.006129641484430977e+02 1.128511342142199739e-02 1.126624758610177135e-02 0.000000000000000000e+00 9.392343114310289138e+02 9.392343114310289138e+02 9.113433715005903650e+02
7.336655648176484412e-01 9.373490031621465732e+02 6.657805428305963460e+02 1.006449211283715929e-02 1.004766693387048118e-02 0.000000000000000000e+00 8.925701241309313900e+02 8.925701241309313900e+02 8.660648763898660718e+02
7.600329304819130050e-01 8.856028612529350994e+02 6.290589005526626352e+02 8.860670228831260542e-03 8.845857457585716219e-03 0.000000000000000000e+00 8.433013695098909466e+02 8.433013695098909466e+02 8.182591590581105265e+02
7.910071285003500430e-01 8.303405983552880798e+02 5.898082295077166464e+02 7.669901626166549836e-03 7.657079529614396404e-03 0.000000000000000000e+00 7.906792553754469282e+02 7.906792553754469282e+02 7.671996631526251349e+02
8.283548141303789247e-01 7.706219985514518385e+02 5.474077248877697457e+02 6.490932700590138459e-03 6.480081510173151503e-03 0.000000000000000000e+00 7.338162334555212283e+02 7.338162334555212283e+02 7.120251967837185703e+02
8.747859098714200199e-01 7.053117388509125476e+02 5.010245175496095271e+02 5.326960155711680037e-03 5.318054829632711498e-03 0.000000000000000000e+00 6.716268523250402041e+02 6.716268523250402041e+02 6.516825419231541900e+02
9.343879363827503060e-01 6.334443506725829138e+02 4.499855043682753148e+02 4.193343847134201746e-03 4.186333640018774505e-03 0.000000000000000000e+00 6.031938514951846173e+02 6.031938514951846173e+02 5.852816772835232086e+02
1.012688454011021255e+00 5.552133048364762544e+02 3.944252053504459923e+02 3.129101705604952089e-03 3.123870635712771432e-03 0.000000000000000000e+00 5.287009813959936082e+02 5.287009813959936082e+02 5.130008978452925703e+02
1.114919305540001293e+00 4.738638056499355571e+02 3.366469366818287767e+02 2.203352025504256694e-03 2.199668572999569777e-03 0.000000000000000000e+00 4.512381385564027596e+02 4.512381385564027596e+02 4.378383453686709004e+02
1.242146967141251279e+00 3.961625690222487606e+02 2.814558812510222765e+02 1.484056025942492602e-03 1.481575054580696032e-03 0.000000000000000000e+00 3.772486020265668003e+02 3.772486020265668003e+02 3.660459628649477395e+02
1.391351099188344431e+00 3.278735110312923098e+02 2.329476609631266513e+02 9.789516104633079821e-04 9.773150480682103042e-04 0.000000000000000000e+00 3.122212031309267104e+02 3.122212031309267104e+02 3.029495868816895836e+02
1.560699637115468663e+00 2.703950427462229413e+02 1.921162018009896428e+02 6.416428985476091418e-04 6.405702323860813265e-04 0.000000000000000000e+00 2.574876574588781182e+02 2.574876574588781182e+02 2.498413853274304870e+02
1.751082208977622345e+00 2.226528640865665238e+02 1.581998550951608991e+02 4.197136402437283659e-04 4.190119846700841887e-04 0.000000000000000000e+00 2.120252179700021600e+02 2.120252179700021600e+02 2.057289808547401719e+02
1.964742314066945772e+00 1.831345461226939904e+02 1.301243965367915223e+02 2.742212291960228945e-04 2.737628010140821431e-04 0.000000000000000000e+00 1.743937112229573927e+02 1.743937112229573927e+02 1.692149659085477253e+02
2.204476908906850774e+00 1.504768101055515217e+02 1.069222471645670112e+02 1.789798816894224895e-04 1.786806733720125179e-04 0.000000000000000000e+00 1.432951053420061100e+02 1.432951053420061100e+02 1.390398538765478520e+02
2.473463766461531765e+00 1.235228434368409438e+02 8.777171577959582294e+01 1.167038721273188869e-04 1.165087737357295970e-04 0.000000000000000000e+00 1.176278458416164199e+02 1.176278458416164199e+02 1.141348012555844917e+02
2.775271991873284883e+00 1.013035803833073487e+02 7.198468271486665060e+01 7.602664119623141171e-05 7.589954489900451145e-05 0.000000000000000000e+00 9.646919213947063554e+01 9.646919213947063554e+01 9.360446860705896199e+01
3.113906390587630746e+00 8.300780802601504149e+01 5.898486914379098778e+01 4.948375603469225547e-05 4.940103273937586370e-05 0.000000000000000000e+00 7.904666956071584138e+01 7.904666956071584138e+01 7.669932025557747579e+01
3.493860435208130166e+00 6.795963507467399722e+01 4.829240493115896271e+01 3.218082315400929723e-05 3.212702591793060877e-05 0.000000000000000000e+00 6.471670871127990665e+01 6.471670871127990665e+01 6.279489794284148729e+01
3.920175885059011822e+00 5.559480283469154216e+01 3.950630973456086537e+01 2.091136216658701034e-05 2.087640452910094298e-05 0.000000000000000000e+00 5.294197383737078155e+01 5.294197383737078155e+01 5.136982241238890623e+01
4.398509687145742753e+00 4.544528844155351521e+01 3.229427056820418329e+01 1.357809155557801066e-05 1.355539318737664401e-05 0.000000000000000000e+00 4.327681925419243214e+01 4.327681925419243214e+01 4.199168170362415253e+01
4.935209040403478298e+00 3.712143191853716928e+01 2.637932526500619446e+01 8.809997980199894919e-06 8.795270553607993159e-06 0.000000000000000000e+00 3.535016770843113676e+01 3.535016770843113676e+01 3.430041794285128987e+01
5.537395619170586869e+00 3.030079882902223787e+01 2.153241301697122978e+01 5.712232709290045347e-06 5.702683867482073211e-06 0.000000000000000000e+00 2.885498112582690311e+01 2.885498112582690311e+01 2.799811075761076395e+01
6.213060073480245471e+00 2.471711507119419338e+01 1.756449112143416613e+01 3.701262593039398229e-06 3.695075497102265194e-06 0.000000000000000000e+00 2.353772007734605864e+01 2.353772007734605864e+01 2.283874974709114625e+01
6.971168060131548216e+00 2.014944664201938096e+01 1.431850382512294573e+01 2.396706939141657088e-06 2.392700653181531566e-06 0.000000000000000000e+00 1.918798343411605600e+01 1.918798343411605600e+01 1.861818179214314384e+01
7.821779211508014917e+00 1.641593512560391943e+01 1.166528024932070196e+01 1.551016440442815250e-06 1.548423867431705737e-06 0.000000000000000000e+00 1.563260041963540026e+01 1.563260041963540026e+01 1.516837854640134609e+01
8.776180620787451758e+00 1.336613219653114548e+01 9.497836890485665151e+00 1.003123470779034611e-06 1.001446779113165534e-06 0.000000000000000000e+00 1.272828961586124308e+01 1.272828961586124308e+01 1.235031343735671427e+01
9.847036614810782851e+00 1.087696831268155861e+01 7.728840208192778505e+00 6.484156625381880776e-07 6.473319041374480745e-07 0.000000000000000000e+00 1.035787398415178018e+01 1.035787398415178018e+01 1.005028908425146739e+01
1.104855680200483192e+01 8.846556578727620135e+00 6.285834716154199420e+00 4.189049954775521858e-07 4.182048803547736021e-07 0.000000000000000000e+00 8.424319569404923769e+00 8.424319569404923769e+00 8.174153026822876811e+00
1.239668462525290593e+01 7.191406042159092848e+00 5.109498133329632985e+00 2.704885823248403911e-07 2.700365480019633954e-07 0.000000000000000000e+00 6.848120587398300430e+00 6.848120587398300430e+00 6.644760464068693473e+00
1.390930892169518174e+01 5.843071707654745595e+00 4.151214342872595608e+00 1.745694868674609954e-07 1.742777769960535467e-07 0.000000000000000000e+00 5.564101623340986791e+00 5.564101623340986791e+00 5.398871413698532962e+00
1.560650129672893627e+01 4.745353149300592932e+00 3.371048693285807030e+00 1.126121954003373596e-07 1.124240393496096169e-07 0.000000000000000000e+00 4.518744312203627267e+00 4.518744312203627267e+00 4.384556778553455381e+00
1.751078246201738864e+01 3.852091259749547358e+00 2.736176346617401833e+00 7.261058711358633558e-08 7.248928459067829937e-08 0.000000000000000000e+00 3.668088232139981919e+00 3.668088232139981919e+00 3.559161574478550527e+00
1.964742107165066898e+01 3.125384004615233469e+00 2.219620616089315490e+00 4.679379707369429515e-08 4.671563809238601257e-08 0.000000000000000000e+00 2.976032827544861536e+00 2.976032827544861536e+00 2.887657279006033306e+00
2.204476902183331077e+01 2.534777609150829836e+00 1.799820758154480060e+00 3.014406274369608082e-08 3.009372513042780052e-08 0.000000000000000000e+00 2.413590694132241588e+00 2.413590694132241588e+00 2.341917290644751404e+00
2.473463766332121594e+01 2.054858469994443659e+00 1.458672288882282730e+00 1.940948546765157306e-08 1.937708291498705060e-08 0.000000000000000000e+00 1.956553428048443788e+00 1.956553428048443788e+00 1.898452092348111186e+00
2.775271991871879607e+01 1.665265650750707760e+00 1.181751417487185707e+00 1.249335153183951948e-08 1.247250249220865394e-08 0.000000000000000000e+00 1.585539067867170138e+00 1.585539067867170138e+00 1.538455284664640432e+00
3.113906390587617423e+01 1.348932189127796555e+00 9.568742011835822403e-01 8.037815122823949155e-09 8.024407679532086270e-09 0.000000000000000000e+00 1.284285811584756187e+00 1.284285811584756187e+00 1.246147972088832656e+00
3.493860435208124926e+01 1.092203046134534228e+00 7.743463508620725966e-01 5.168805045863842718e-09 5.160188217824862895e-09 0.000000000000000000e+00 1.039791707610574711e+00 1.039791707610574711e+00 1.008914305812779411e+00
3.920175885059005338e+01 8.842771400419132677e-01 6.265646743594917023e-01 3.323553065224848442e-09 3.318016452597049121e-09 0.000000000000000000e+00 8.417829737033759585e-01 8.417829737033759585e-01 8.167855913304333804e-01
4.398509687145734404e+01 7.154450753128023255e-01 5.065072161954835561e-01 2.135469267546857882e-09 2.131915102999261677e-09 0.000000000000000000e+00 6.809933458776794568e-01 6.809933458776794568e-01 6.607707333785397541e-01
4.935209040403469061e+01 5.788050933394119912e-01 4.093682480128394419e-01 1.371927842323940906e-09 1.369647107450803339e-09 0.000000000000000000e+00 5.508666796110787134e-01 5.508666796110787134e-01 5.345082771097919849e-01
5.537395619170576566e+01 4.680276635927141382e-01 3.305903953568878895e-01 8.808839406854144047e-10 8.794216553193367763e-10 0.000000000000000000e+00 4.453656548999553322e-01 4.453656548999553322e-01 4.321401853096611401e-01
6.213060073480234280e+01 3.783842039997891704e-01 2.668458436631799269e-01 5.654461295896725836e-10 5.645091913857007769e-10 0.000000000000000000e+00 3.599926619968799035e-01 3.599926619968799035e-01 3.493024081593725794e-01
6.971168060131535071e+01 3.057785833311244539e-01 2.152023788270273352e-01 3.627651704166032810e-10 3.621654537710017951e-10 0.000000000000000000e+00 2.908434877767886451e-01 2.908434877767886451e-01 2.822066710998112904e-01
7.821779211508003016e+01 2.470514603551650368e-01 1.734287037599748227e-01 2.326514847395378504e-10 2.322679827230772453e-10 0.000000000000000000e+00 2.349118160551763035e-01 2.349118160551763035e-01 2.279359327835109583e-01
8.776180620787438613e+01 1.995265053950006917e-01 1.396142070221867704e-01 1.491215995022659259e-10 1.488766833199537568e-10 0.000000000000000000e+00 1.896475763100732848e-01 1.896475763100732848e-01 1.840158489644011242e-01
9.847036614810762956e+01 1.611240006729682261e-01 1.122898062402206132e-01 9.554924275086902399e-11 9.539303350285338810e-11 0.000000000000000000e+00 1.530717383357987627e-01 1.530717383357987627e-01 1.485261582386266654e-01
1.104855680200481487e+02 1.299940751347934131e-01 9.012242976438865349e-02 6.114907438203253748e-11 6.104968097159376656e-11 0.000000000000000000e+00 1.234196460474203394e-01 1.234196460474203394e-01 1.197546073198917232e-01
1.239668462525288106e+02 1.049084002563890061e-01 7.226620421061011323e-02 3.913197909346513757e-11 3.906883535900323604e-11 0.000000000000000000e+00 9.952603388636720172e-02 9.952603388636720172e-02 9.657053409445637282e-02
1.390930892169515687e+02 8.469674935279927763e-02 5.788254253438786245e-02 2.504157400618536479e-11 2.500153730967666230e-11 0.000000000000000000e+00 8.027535917378615660e-02 8.027535917378615660e-02 7.789152276837134348e-02
1.560650129672890500e+02 6.824854962829404736e-02 4.616047027192532459e-02 1.598510618827294429e-11 1.595984296245453584e-11 0.000000000000000000e+00 6.460644983392478669e-02 6.460644983392478669e-02 6.268791357159578248e-02
1.751078246201736022e+02 5.502705436647017251e-02 3.674416120654964979e-02 1.020341304935970261e-11 1.018752126462479850e-11 0.000000000000000000e+00 5.201239110200566590e-02 5.201239110200566590e-02 5.046784495966445683e-02
1.964742107165063771e+02 4.437541576991226033e-02 2.915991311784626658e-02 6.508882766792843225e-12 6.498930541260101706e-12 0.000000000000000000e+00 4.186653402486655018e-02 4.186653402486655018e-02 4.062327679352560617e-02
2.204476902183326388e+02 3.575978779389910045e-02 2.302650558237081049e-02 4.144946798068811751e-12 4.138754764218263586e-12 0.000000000000000000e+00 3.366019897152911639e-02 3.366019897152911639e-02 3.266063506719037862e-02
2.473463766332117473e+02 2.877379244318854085e-02 1.805908384344748208e-02 2.632450175970502433e-12 2.628631006797666119e-12 0.000000000000000000e+00 2.700704589369321354e-02 2.700704589369321354e-02 2.620505239076008699e-02
2.775271991871874206e+02 2.316934652085390900e-02 1.408294762833232384e-02 1.670665941765532995e-12 1.668330145837031114e-12 0.000000000000000000e+00 2.167109169280486206e-02 2.167109169280486206e-02 2.102755336359678554e-02
3.113906390587612805e+02 1.866747846147849207e-02 1.089899974073634849e-02 1.059073264952899411e-12 1.057660156602965044e-12 0.000000000000000000e+00 1.738653527511588998e-02 1.738653527511588998e-02 1.687023005500868506e-02
3.493860435208117678e+02 1.500435688701837016e-02 8.328695390311264754e-03 6.684817955619947893e-13 6.676406605542760660e-13 0.000000000000000000e+00 1.390360815408585478e-02 1.390360815408585478e-02 1.349073103881805701e-02
