1.002652904000539215e-05 1.206194126223264029e+05 1.206194084262979886e+05 1.608251961407600029e+05 1.608251159903456573e+05 0.000000000000000000e+00 1.206194119304439519e+05 1.206194119304439519e+05 1.218132389588167716e+05
1.124995061548059461e-05 1.206194041742810950e+05 1.206193988917945826e+05 1.608250069033096079e+05 1.608249060000476602e+05 0.000000000000000000e+00 1.206194033032527514e+05 1.206194033032527514e+05 1.218132247152655327e+05
1.262265220055495281e-05 1.206193936394908378e+05 1.206193869892342336e+05 1.608247688019666530e+05 1.608246417724946223e+05 0.000000000000000000e+00 1.206193925429311203e+05 1.206193925429311203e+05 1.218132068853800738e+05
1.416284871125793714e-05 1.206193803368589288e+05 1.206193719646819809e+05 1.608244689970750187e+05 1.608243090767744579e+05 0.000000000000000000e+00 1.206193789563720347e+05 1.206193789563720347e+05 1.218131843983841391e+05
1.589097761951820481e-05 1.206193636261056672e+05 1.206193530861604377e+05 1.608240916141095513e+05 1.608238902869058657e+05 0.000000000000000000e+00 1.206193618881758157e+05 1.206193618881758157e+05 1.218131561255800625e+05
1.782997014599890340e-05 1.206193426186340221e+05 1.206193293496297847e+05 1.608236165583365655e+05 1.608233631032355479e+05 0.000000000000000000e+00 1.206193404307101009e+05 1.206193404307101009e+05 1.218131205626811279e+05
2.000555554346383411e-05 1.206193161690008710e+05 1.206192994643092243e+05 1.608230184965883382e+05 1.608226994167801749e+05 0.000000000000000000e+00 1.206193134145669901e+05 1.206193134145669901e+05 1.218130757888814260e+05
2.244660250832935578e-05 1.206192828924194619e+05 1.206192618624691677e+05 1.608222656127185328e+05 1.608218639172132243e+05 0.000000000000000000e+00 1.206192794247943966e+05 1.206192794247943966e+05 1.218130194438416802e+05
2.518550225072631297e-05 1.206192409639566322e+05 1.206192144888244511e+05 1.608213177447802154e+05 1.608208120434209122e+05 0.000000000000000000e+00 1.206192365984764037e+05 1.206192365984764037e+05 1.218129484737003368e+05
2.825859830617854306e-05 1.206191881993098796e+05 1.206191548690998170e+05 1.608201244833926903e+05 1.608194878483586072e+05 0.000000000000000000e+00 1.206191827034970047e+05 1.206191827034970047e+05 1.218128591481732874e+05
3.170666879223851971e-05 1.206191217424211063e+05 1.206190797821817978e+05 1.608186222268487036e+05 1.608178207591615792e+05 0.000000000000000000e+00 1.206191148236041045e+05 1.206191148236041045e+05 1.218127466639197810e+05
3.557546750933174800e-05 1.206190380954035354e+05 1.206189852706086676e+05 1.608167310378747061e+05 1.608157220630332304e+05 0.000000000000000000e+00 1.206190293851317401e+05 1.206190293851317401e+05 1.218126050726176472e+05
3.991633106589011101e-05 1.206189327976840432e+05 1.206188662952340528e+05 1.608143502090916445e+05 1.608130800060216570e+05 0.000000000000000000e+00 1.206189218321059161e+05 1.206189218321059161e+05 1.218124268283368147e+05
4.478686008395552759e-05 1.206188002184087964e+05 1.206187164968194847e+05 1.608113529428422044e+05 1.608097538851042045e+05 0.000000000000000000e+00 1.206187864135696145e+05 1.206187864135696145e+05 1.218122024160256697e+05
5.025168352443806286e-05 1.206186333509237156e+05 1.206185279517801246e+05 1.608075797288819740e+05 1.608055666871814756e+05 0.000000000000000000e+00 1.206186159716761613e+05 1.206186159716761613e+05 1.218119199402497034e+05
5.638331627416140696e-05 1.206184232222974242e+05 1.206182905327187618e+05 1.608028295681509189e+05 1.608002953819898830e+05 0.000000000000000000e+00 1.206184013431344938e+05 1.206184013431344938e+05 1.218115642724224163e+05
6.326312137435328368e-05 1.206181587396830728e+05 1.206179916935959773e+05 1.607968497109067102e+05 1.607936594919806812e+05 0.000000000000000000e+00 1.206181311954810808e+05 1.206181311954810808e+05 1.218111165729888889e+05
7.098238965876946282e-05 1.206178257450479286e+05 1.206176154467765300e+05 1.607893217448470241e+05 1.607853057067890186e+05 0.000000000000000000e+00 1.206177910690003191e+05 1.206177910690003191e+05 1.218105529306927056e+05
7.964355112759215433e-05 1.206174065487283078e+05 1.206171417993133509e+05 1.607798450489955721e+05 1.607747894886060676e+05 0.000000000000000000e+00 1.206173628942405339e+05 1.206173628942405339e+05 1.218098433805439417e+05
8.936153413130031985e-05 1.206168788141838158e+05 1.206165455151121569e+05 1.607679152745215106e+05 1.607615512273568893e+05 0.000000000000000000e+00 1.206168238565543579e+05 1.206168238565543579e+05 1.218089501346945763e+05
1.002652904000536844e-04 1.206162144729565625e+05 1.206157948753476085e+05 1.607528976986337220e+05 1.607448866719794460e+05 0.000000000000000000e+00 1.206161452855754324e+05 1.206161452855754324e+05 1.218078256779845542e+05
1.124995061548058614e-04 1.206153781213169423e+05 1.206148498810018209e+05 1.607339933933185239e+05 1.607239094302576559e+05 0.000000000000000000e+00 1.206152910198577301e+05 1.206152910198577301e+05 1.218064101317864697e+05
1.262265220055494434e-04 1.206143252879191859e+05 1.206136602753010520e+05 1.607101970678478247e+05 1.606975042042805871e+05 0.000000000000000000e+00 1.206142156340972870e+05 1.206142156340972870e+05 1.218046282257993153e+05
1.416284871125792833e-04 1.206129998773114639e+05 1.206121626803310937e+05 1.606802435669387633e+05 1.606642675180610386e+05 0.000000000000000000e+00 1.206128618320382375e+05 1.206128618320382375e+05 1.218023851092598488e+05
1.589097761951816618e-04 1.206113313725822518e+05 1.206102774109282327e+05 1.606425412151485216e+05 1.606224338207620312e+05 0.000000000000000000e+00 1.206111575850174122e+05 1.206111575850174122e+05 1.217995615068019979e+05
1.782997014599886003e-04 1.206092309968503978e+05 1.206079041486242204e+05 1.605950876636211178e+05 1.605697822886278154e+05 0.000000000000000000e+00 1.206090122130632662e+05 1.206090122130632662e+05 1.217960073066832847e+05
2.000555554346382056e-04 1.206065870127818926e+05 1.206049166268376284e+05 1.605353644492038002e+05 1.605035200744325703e+05 0.000000000000000000e+00 1.206063115831165778e+05 1.206063115831165778e+05 1.217915336325955868e+05
2.244660250832934223e-04 1.206032587893204472e+05 1.206011559249796555e+05 1.604602047187524731e+05 1.604201359459981031e+05 0.000000000000000000e+00 1.206029120483630541e+05 1.206029120483630541e+05 1.217859028632629343e+05
2.518550225072624859e-04 1.205990693541911460e+05 1.205964220475048642e+05 1.603656275251308398e+05 1.603152170695871173e+05 0.000000000000000000e+00 1.205986328402244108e+05 1.205986328402244108e+05 1.217788161162037286e+05
2.825859830617847191e-04 1.205937960489277903e+05 1.205904633563278185e+05 1.602466304977677937e+05 1.601832199923768931e+05 0.000000000000000000e+00 1.205932465217897698e+05 1.205932465217897698e+05 1.217698975635334646e+05
3.170666879223849803e-04 1.205871587458690337e+05 1.205829632416507229e+05 1.600969307998259901e+05 1.600171848389161751e+05 0.000000000000000000e+00 1.205864669498643052e+05 1.205864669498643052e+05 1.217586747329071077e+05
3.557546750933172496e-04 1.205788050909679587e+05 1.205735234354740678e+05 1.599086421721985389e+05 1.598083795975297107e+05 0.000000000000000000e+00 1.205779341996569419e+05 1.205779341996569419e+05 1.217445538903050328e+05
3.991633106589007984e-04 1.205682919687304384e+05 1.205616430295536993e+05 1.596718734021443815e+05 1.595458586920004454e+05 0.000000000000000000e+00 1.205671956262364838e+05 1.205671956262364838e+05 1.217267892540409375e+05
4.478686008395540833e-04 1.205550622869287035e+05 1.205466921982150379e+05 1.593742306956229149e+05 1.592159173708935559e+05 0.000000000000000000e+00 1.205536821443689405e+05 1.205536821443689405e+05 1.217044446170875599e+05
5.025168352443797884e-04 1.205384159034029872e+05 1.205278792667796661e+05 1.590002036938732490e+05 1.588014207456619770e+05 0.000000000000000000e+00 1.205366785191125819e+05 1.205366785191125819e+05 1.216763455933683872e+05
5.638331627416131751e-04 1.205174732773078867e+05 1.205042095170555112e+05 1.585304121379805438e+05 1.582809841656296048e+05 0.000000000000000000e+00 1.205152862180480734e+05 1.205152862180480734e+05 1.216410203953267483e+05
6.326312137435324574e-04 1.204911301250460965e+05 1.204744337503479474e+05 1.579406884010246431e+05 1.576279807740722317e+05 0.000000000000000000e+00 1.204883770625514298e+05 1.204883770625514298e+05 1.215966267045209242e+05
7.098238965876929206e-04 1.204580009450468933e+05 1.204369841617268685e+05 1.572009709805891034e+05 1.568093537780589249e+05 0.000000000000000000e+00 1.204545354910808383e+05 1.204545354910808383e+05 1.215408618036207627e+05
7.964355112759203235e-04 1.204163490139889473e+05 1.203898947382924816e+05 1.562739875764852040e+05 1.557842177991741046e+05 0.000000000000000000e+00 1.204119869727937912e+05 1.204119869727937912e+05 1.214708530170723243e+05
8.936153413130015722e-04 1.203639996563580353e+05 1.203307024962841097e+05 1.551137156405520218e+05 1.545022480340641923e+05 0.000000000000000000e+00 1.203585092930764658e+05 1.203585092930764658e+05 1.213830250526067393e+05
1.002652904000536031e-03 1.202982337177557929e+05 1.202563258463601233e+05 1.536636291276709235e+05 1.529018853079179826e+05 0.000000000000000000e+00 1.202913235356919904e+05 1.202913235356919904e+05 1.212729416590643377e+05
1.124995061548055876e-03 1.202156572490468970e+05 1.201629154064231116e+05 1.518547766137080034e+05 1.509084346474793274e+05 0.000000000000000000e+00 1.202069606552382902e+05 1.202069606552382902e+05 1.211351193548157316e+05
1.262265220055492319e-03 1.201120435158129840e+05 1.200456724468816683e+05 1.496038004298237502e+05 1.484322189626461477e+05 0.000000000000000000e+00 1.201010996011064417e+05 1.201010996011064417e+05 1.209628131996608136e+05
1.416284871125790502e-03 1.199814127665874839e+05 1.198977518440965359e+05 1.468099862350788899e+05 1.453679352856831101e+05 0.000000000000000000e+00 1.199676179307538550e+05 1.199676179307538550e+05 1.207470360453548783e+05
1.589097761951815697e-03 1.198179028398895607e+05 1.197125266821957048e+05 1.433572398902174318e+05 1.415916507025109604e+05 0.000000000000000000e+00 1.198005273824730830e+05 1.198005273824730830e+05 1.204784349335066800e+05
1.782997014599884810e-03 1.196135456139301386e+05 1.194809041982199269e+05 1.391108785806042433e+05 1.369638877097333607e+05 0.000000000000000000e+00 1.195916743925763731e+05 1.195916743925763731e+05 1.201450411582763627e+05
2.000555554346377177e-03 1.193585000992792775e+05 1.191916208041748905e+05 1.339204676316568220e+05 1.313329318990032189e+05 0.000000000000000000e+00 1.193309833995890076e+05 1.193309833995890076e+05 1.197325964782638184e+05
2.244660250832930699e-03 1.190408063788435829e+05 1.188309412468998780e+05 1.276255337514148414e+05 1.245431017736225331e+05 0.000000000000000000e+00 1.190062017515436746e+05 1.190062017515436746e+05 1.192245065349330107e+05
2.518550225072621173e-03 1.186460628363957803e+05 1.183822514877415088e+05 1.200667854377352633e+05 1.164498767643430620e+05 0.000000000000000000e+00 1.186025630262409832e+05 1.186025630262409832e+05 1.186018951007284777e+05
2.825859830617845781e-03 1.181571314549894450e+05 1.178256620553332905e+05 1.111055574063402892e+05 1.069444596431632963e+05 0.000000000000000000e+00 1.181024755198649218e+05 1.181024755198649218e+05 1.178439416657329421e+05
3.170666879223841671e-03 1.175539256961578067e+05 1.171376739201567252e+05 1.006544052783477964e+05 9.599027598437592678e+04 0.000000000000000000e+00 1.174852900088569877e+05 1.174852900088569877e+05 1.169286364937703329e+05
3.557546750933166749e-03 1.168133621838031977e+05 1.162909869213333877e+05 8.872128201460291166e+04 8.367242883380544663e+04 0.000000000000000000e+00 1.167272278121663694e+05 1.167272278121663694e+05 1.158340865702708979e+05
3.991633106589002021e-03 1.159095848160650494e+05 1.152545573326957528e+05 7.546741930165192753e+04 7.025706761820007523e+04 0.000000000000000000e+00 1.158015774414085463e+05 1.158015774414085463e+05 1.145404423455175420e+05
4.478686008395538556e-03 1.148145923994539044e+05 1.139940386586107197e+05 6.127337349468503817e+04 5.624941363091656967e+04 0.000000000000000000e+00 1.146792914272608468e+05 1.146792914272608468e+05 1.130323384611537913e+05
5.025168352443790294e-03 1.134993973508790077e+05 1.124727355290835840e+05 4.679690019825980562e+04 4.242573719884656020e+04 0.000000000000000000e+00 1.133301112509098748e+05 1.133301112509098748e+05 1.113013854086123465e+05
5.638331627416128498e-03 1.119357538802360505e+05 1.106530873539660097e+05 3.298961995929539989e+04 2.979769813399798659e+04 0.000000000000000000e+00 1.117242552063947805e+05 1.117242552063947805e+05 1.093476613016542688e+05
6.326312137435314599e-03 1.100985398319124361e+05 1.084989655463109666e+05 2.102056585896284378e+04 1.945630265620508362e+04 0.000000000000000000e+00 1.098347862894393911e+05 1.098347862894393911e+05 1.071787680149583030e+05
7.098238965876919014e-03 1.079680918649035157e+05 1.059777455539677176e+05 1.204656974145266395e+04 1.225993831959671479e+04 0.000000000000000000e+00 1.076399039870519919e+05 1.076399039870519919e+05 1.048042382006467815e+05
7.964355112759190225e-03 1.055321364418995945e+05 1.030622242122160242e+05 6.804586376066022240e+03 8.410448417507484919e+03 0.000000000000000000e+00 1.051248730180995917e+05 1.051248730180995917e+05 1.022251198509540991e+05
8.936153413130002929e-03 1.027861244047881919e+05 9.973108611052487686e+04 5.117162840053576474e+03 7.123209396708695749e+03 0.000000000000000000e+00 1.022823796398492559e+05 1.022823796398492559e+05 9.942167051345056097e+04
1.002652904000534556e-02 9.973122840633010492e+04 9.596734685196976352e+04 5.612172031263266035e+03 6.766894250376075433e+03 0.000000000000000000e+00 9.911060259210721415e+04 9.911060259210721415e+04 9.634829826548325946e+04
1.124995061548053968e-02 9.637015846457170846e+04 9.175513941260578576e+04 6.129078803792603139e+03 5.762215423433793148e+03 0.000000000000000000e+00 9.560918872750269657e+04 9.560918872750269657e+04 9.294768258060925291e+04
1.262265220055481391e-02 9.270294384925368649e+04 8.707729818614051328e+04 5.046192029070034550e+03 3.840730329689144583e+03 0.000000000000000000e+00 9.177533205547809484e+04 9.177533205547809484e+04 8.918543298427281843e+04
1.416284871124143079e-02 8.872618038824139512e+04 8.191763193491002312e+04 2.743184142032000636e+03 2.248848131749796266e+03 0.000000000000000000e+00 8.760351994675389142e+04 8.760351994675389142e+04 8.507786508965874964e+04
1.589097761778909476e-02 8.443734787693280668e+04 7.626995110798739188e+04 1.259498110146893623e+03 1.906833265847807979e+03 0.000000000000000000e+00 8.309062715881246550e+04 8.309062715881246550e+04 8.066872756164698512e+04
1.782997004293444127e-02 7.984137938042270252e+04 7.015148597006799537e+04 1.450691922938509833e+03 1.797554950790870407e+03 0.000000000000000000e+00 7.824361443998043251e+04 7.824361443998043251e+04 7.596755257480054570e+04
2.000555187335173110e-02 7.495439326392208750e+04 6.361578763030472328e+04 1.526485173885700988e+03 1.056966083700364152e+03 0.000000000000000000e+00 7.308477243449831440e+04 7.308477243449831440e+04 7.095429812296219461e+04
2.244652048885419776e-02 6.980640474515604728e+04 5.676666386055391195e+04 6.830128614216159804e+02 7.649658853001977832e+02 0.000000000000000000e+00 6.765628400227922248e+04 6.765628400227922248e+04 6.566868792826961726e+04
2.518429678413983477e-02 6.445039807613056473e+04 4.977933347393230360e+04 5.569171535848090571e+02 6.813371964036075497e+02 0.000000000000000000e+00 6.203128863212914439e+04 6.203128863212914439e+04 6.020741573115992651e+04
2.824644538989986783e-02 5.898249869623351697e+04 4.293038351370321470e+04 5.106849437389448667e+02 3.664561543883350510e+02 0.000000000000000000e+00 5.633566804779924132e+04 5.633566804779924132e+04 5.467633146437355754e+04
3.162021648644421090e-02 5.359384926117733266e+04 3.664431787308931234e+04 2.455359712421398797e+02 3.527900553191666404e+02 0.000000000000000000e+00 5.079904380130780919e+04 5.079904380130780919e+04 4.929925397158494161e+04
3.514352007894637475e-02 4.866376883655516576e+04 3.150521593132567432e+04 2.745214861357766267e+02 1.967106187191197080e+02 0.000000000000000000e+00 4.583449785289258580e+04 4.583449785289258580e+04 4.448075544547929167e+04
3.844466367228751430e-02 4.466321416206857975e+04 2.794593921003722789e+04 1.297829619628185185e+02 1.913745205586619988e+02 0.000000000000000000e+00 4.190670542797385860e+04 4.190670542797385860e+04 4.066697113504593290e+04
4.125634510424119883e-02 4.169610780311837880e+04 2.577323753138679240e+04 1.669923138501982578e+02 1.195635348984142325e+02 0.000000000000000000e+00 3.907058832689824339e+04 3.907058832689824339e+04 3.791484658271629451e+04
4.361291578103233119e-02 3.949538783234923903e+04 2.447523181664291405e+04 1.260487091567616176e+02 1.253820842939722411e+02 0.000000000000000000e+00 3.701871676223987743e+04 3.701871676223987743e+04 3.592327041911298875e+04
4.563953775259425860e-02 3.779271607546438463e+04 2.367832787488313261e+04 7.730039981037880636e+01 1.132875426850404352e+02 0.000000000000000000e+00 3.546539691232660698e+04 3.546539691232660698e+04 3.441505615837203368e+04
4.743504222191337327e-02 3.641737864055862156e+04 2.317483280588291746e+04 8.264380301556656150e+01 8.059425767223274306e+01 0.000000000000000000e+00 3.423381742261635372e+04 3.423381742261635372e+04 3.321974288499823160e+04
4.906487289724551643e-02 3.526718682385290595e+04 2.285021768163939123e+04 8.316821497039528310e+01 8.302985708522220420e+01 0.000000000000000000e+00 3.321975481177506299e+04 3.321975481177506299e+04 3.223583231513063583e+04
5.057209654185890191e-02 3.427866047969309875e+04 2.263743259512627628e+04 7.636149652251026509e+01 7.623420953990127202e+01 0.000000000000000000e+00 3.235914031677944877e+04 3.235914031677944877e+04 3.140056997235899689e+04
5.198592652177531220e-02 3.341063119290078612e+04 2.249493231382832164e+04 7.068597078731046679e+01 7.056791456734943324e+01 0.000000000000000000e+00 3.161074338910205552e+04 3.161074338910205552e+04 3.067422669977886471e+04
5.332689970520466949e-02 3.263507478280033320e+04 2.239548846542171304e+04 6.584625321354421601e+01 6.573607422007381729e+01 0.000000000000000000e+00 3.094667106877627884e+04 3.094667106877627884e+04 3.002972899479106854e+04
5.460994285852168589e-02 3.193212203851689264e+04 2.232042779658040672e+04 6.164406906913956163e+01 6.154073922346774594e+01 0.000000000000000000e+00 3.034725134617199728e+04 3.034725134617199728e+04 2.944798308297971744e+04
5.584622812556702676e-02 3.128720066362856960e+04 2.225646397560619880e+04 5.794099118252204761e+01 5.784370882653659862e+01 0.000000000000000000e+00 2.979812396738039024e+04 2.979812396738039024e+04 2.891505100017878431e+04
5.704433264683388821e-02 3.068931288093498006e+04 2.219388586298571317e+04 5.463719730513171413e+01 5.454532346686183075e+01 0.000000000000000000e+00 2.928850330867895173e+04 2.928850330867895173e+04 2.842046441687263723e+04
5.821098775531079184e-02 3.012996160387068812e+04 2.212543990710969592e+04 5.165873756496303315e+01 5.157175334709224757e+01 0.000000000000000000e+00 2.881009732977789827e+04 2.881009732977789827e+04 2.795617531301310737e+04
5.935157826741879056e-02 2.960245003101876500e+04 2.204564239411098606e+04 4.894957889391633188e+01 4.886705602278384220e+01 0.000000000000000000e+00 2.835640925506808344e+04 2.835640925506808344e+04 2.751587815830574618e+04
6.047048470073692478e-02 2.910141018338752110e+04 2.195032322809656034e+04 4.646644176042542540e+01 4.638802166472715527e+01 0.000000000000000000e+00 2.792226862430613619e+04 2.792226862430613619e+04 2.709455473413222717e+04
6.157132379257183180e-02 2.862248161717361654e+04 2.183631877483610879e+04 4.417535003273432181e+01 4.410072861481518203e+01 0.000000000000000000e+00 2.750351233542358386e+04 2.750351233542358386e+04 2.668816454474724378e+04
6.265712136486216444e-02 2.816208956493319056e+04 2.170127975093650821e+04 4.204927223630802757e+01 4.197818851995448597e+01 0.000000000000000000e+00 2.709676769084134139e+04 2.709676769084134139e+04 2.629343423558038921e+04
6.373043906864353514e-02 2.771726964949567628e+04 2.154350412707280702e+04 4.006642679661388939e+01 3.999865436950770459e+01 0.000000000000000000e+00 2.669927846171877172e+04 2.669927846171877172e+04 2.590768877184862140e+04
6.479346898632507012e-02 2.728555587326888417e+04 2.136184432270940670e+04 3.820909484519322064e+01 3.814443524622314641e+01 0.000000000000000000e+00 2.630879604403661506e+04 2.630879604403661506e+04 2.552874579129837366e+04
6.584810538342711350e-02 2.686488708680231139e+04 2.115562509440400390e+04 3.646273073468728398e+01 3.640100830163049039e+01 0.000000000000000000e+00 2.592348781015952045e+04 2.592348781015952045e+04 2.515482665068329516e+04
6.689599992075857815e-02 2.645354016715864782e+04 2.092458938184521321e+04 3.481530536997785674e+01 3.475636316201055820e+01 0.000000000000000000e+00 2.554187237597690182e+04 2.554187237597690182e+04 2.478449359552436727e+04
6.793860469841549177e-02 2.605007372093796948e+04 2.066884664856661402e+04 3.325679997887050376e+01 3.320049652983185950e+01 0.000000000000000000e+00 2.516276406863508601e+04 2.516276406863508601e+04 2.441659586173350181e+04
6.897720621408315322e-02 2.565329175796995332e+04 2.038884352607379697e+04 3.177882827152936684e+01 3.172503496040510740e+01 0.000000000000000000e+00 2.478523774958337890e+04 2.478523774958337890e+04 2.405023553195171189e+04
7.001295244501333503e-02 2.526220689985754871e+04 2.008532880611096698e+04 3.037432939517814745e+01 3.032292831910572772e+01 0.000000000000000000e+00 2.440859231723550693e+04 2.440859231723550693e+04 2.368473211281099793e+04
7.104687466107516280e-02 2.487601398900224376e+04 1.975933133119617560e+04 2.903733215066602469e+01 2.898821438369913750e+01 0.000000000000000000e+00 2.403232502197238864e+04 2.403232502197238864e+04 2.331959760560590803e+04
7.207990515446435764e-02 2.449407127529213176e+04 1.941213632191590659e+04 2.776276704192570222e+01 2.771583120060171979e+01 0.000000000000000000e+00 2.365611185156556166e+04 2.365611185156556166e+04 2.295451746854642624e+04
7.311289177164149999e-02 2.411588147273419600e+04 1.904526594974298860e+04 2.654631259419709721e+01 2.650146365546003224e+01 0.000000000000000000e+00 2.327978850803344540e+04 2.327978850803344540e+04 2.258933215391306658e+04
7.414660991672331058e-02 2.374107270899038849e+04 1.866045414251112379e+04 2.538426543404793279e+01 2.534141376612363317e+01 0.000000000000000000e+00 2.290333034408407184e+04 2.290333034408407184e+04 2.222401763638341436e+04
7.518177253753946521e-02 2.336939262975942984e+04 1.825963629001883965e+04 2.427344600855681023e+01 2.423250655488273253e+01 0.000000000000000000e+00 2.252684574218315538e+04 2.252684574218315538e+04 2.185867898590328332e+04
7.621903848878711085e-02 2.300068957201009835e+04 1.784491720001791327e+04 2.321110362430977858e+01 2.317199524582220249e+01 0.000000000000000000e+00 2.215055510839802082e+04 2.215055510839802082e+04 2.149352998243950060e+04
7.725901957945667531e-02 2.263490754674722848e+04 1.741856208536400663e+04 2.219485232426610821e+01 2.215749724513319308e+01 0.000000000000000000e+00 2.177478519632724783e+04 2.177478519632724783e+04 2.112888760655014630e+04
7.830228654582595260e-02 2.227207483156063608e+04 1.698296840976701060e+04 2.122260694471056652e+01 2.118693030471046512e+01 0.000000000000000000e+00 2.139995493827270184e+04 2.139995493827270184e+04 2.076515828937212427e+04
7.934937414111559173e-02 2.191229362017415406e+04 1.654064328776510592e+04 2.029253055687661700e+01 2.025846005096251545e+01 0.000000000000000000e+00 2.102656307495816509e+04 2.102656307495816509e+04 2.040282590808800524e+04
8.040078549428707200e-02 2.155573398305733645e+04 1.609418224008677316e+04 1.940299318052828070e+01 1.937045876632216235e+01 0.000000000000000000e+00 2.065517960894989665e+04 2.065517960894989665e+04 2.004244349189488275e+04
8.145699586052382313e-02 2.120262379355720623e+04 1.564624350577876794e+04 1.855253226043947734e+01 1.852146593153207021e+01 0.000000000000000000e+00 2.028643315619785790e+04 2.028643315619785790e+04 1.968462094794337827e+04
8.251845586253345188e-02 2.085324225675797425e+04 1.519952282157658556e+04 1.773982208887997203e+01 1.771015769953639563e+01 0.000000000000000000e+00 1.992100138329522815e+04 1.992100138329522815e+04 1.933001578162895385e+04
8.358559430338077800e-02 2.050791084604557182e+04 1.475672440188403198e+04 1.696364271727907180e+01 1.693531585665458294e+01 0.000000000000000000e+00 1.955959865340486431e+04 1.955959865340486431e+04 1.897932110843462942e+04
8.465882061694929295e-02 2.016698362293638638e+04 1.432053308809456394e+04 1.622285765852322470e+01 1.619580556695567708e+01 0.000000000000000000e+00 1.920296334995607322e+04 1.920296334995607322e+04 1.863325335335127238e+04
8.573852701046634495e-02 1.983084331038709570e+04 1.389358771239677844e+04 1.551639346118275142e+01 1.549055497526005176e+01 0.000000000000000000e+00 1.885185020538797835e+04 1.885185020538797835e+04 1.829254480679959306e+04
8.682509034415866744e-02 1.949988579221398322e+04 1.347844362812158215e+04 1.484321535762659572e+01 1.481853089657756328e+01 0.000000000000000000e+00 1.850701117809213611e+04 1.850701117809213611e+04 1.795792506866777330e+04
8.791887378553944754e-02 1.917452097746595973e+04 1.307755738607694548e+04 1.420232273130740630e+01 1.417873429240412264e+01 0.000000000000000000e+00 1.816919364754253911e+04 1.816919364754253911e+04 1.763011929690802208e+04
8.902022826967818936e-02 1.885515526163315735e+04 1.269323469656111774e+04 1.359272295947413411e+01 1.357017415515535319e+01 0.000000000000000000e+00 1.783911718693755392e+04 1.783911718693755392e+04 1.730982566907290675e+04
9.012949379178589182e-02 1.854218595749846281e+04 1.232761738521472216e+04 1.301342710489986843e+01 1.299186320429100938e+01 0.000000000000000000e+00 1.751746676150000712e+04 1.751746676150000712e+04 1.699770878245937638e+04
9.124700055432508061e-02 1.823600030053330556e+04 1.198265630468350719e+04 1.246344454562538751e+01 1.244281252409740013e+01 0.000000000000000000e+00 1.720488743128159695e+04 1.720488743128159695e+04 1.669439451404140709e+04
9.237306998745833941e-02 1.793695141542174679e+04 1.166005704642236924e+04 1.194176180857911618e+01 1.192201043305490593e+01 0.000000000000000000e+00 1.690195532899114551e+04 1.690195532899114551e+04 1.640044185942152762e+04
9.350801565883032351e-02 1.764536748969001928e+04 1.136128924831304721e+04 1.144735322149626811e+01 1.142843311108428139e+01 0.000000000000000000e+00 1.660918685571741298e+04 1.660918685571741298e+04 1.611635185582250961e+04
9.465214408634033127e-02 1.736153012873562329e+04 1.108752535625909331e+04 1.097916263194312769e+01 1.096102635093330058e+01 0.000000000000000000e+00 1.632701050740331630e+04 1.632701050740331630e+04 1.584254024457104788e+04
9.580575546560238243e-02 1.708567860244798794e+04 1.083965461353994760e+04 1.053611330881943609e+01 1.051871543533055231e+01 0.000000000000000000e+00 1.605577272794431701e+04 1.605577272794431701e+04 1.557934315069554214e+04
9.696914432215195112e-02 1.681799413544694471e+04 1.061823347985830333e+04 1.011709704933635123e+01 1.010039426246027183e+01 0.000000000000000000e+00 1.579571661441171636e+04 1.579571661441171636e+04 1.532699642012832919e+04
9.814260009707681531e-02 1.655860007384010896e+04 1.042348480321494571e+04 9.720980271676268103e+00 9.704931423040861205e+00 0.000000000000000000e+00 1.554698191976402813e+04 1.554698191976402813e+04 1.508563562251737494e+04
9.932640767358384692e-02 1.630755154270938510e+04 1.025528283863165962e+04 9.346602742120589724e+00 9.331168924938914699e+00 0.000000000000000000e+00 1.530959394544852330e+04 1.530959394544852330e+04 1.485528527360289263e+04
1.005208478510268427e-01 1.606484248384579041e+04 1.011315226284857090e+04 8.992786806615967521e+00 8.977931406125437164e+00 0.000000000000000000e+00 1.508346925621867013e+04 1.508346925621867013e+04 1.463586438061723675e+04
1.017261977720800986e-01 1.583038753841342623e+04 9.996255094988115161e+03 8.658332850970291261e+00 8.644021597057387041e+00 0.000000000000000000e+00 1.486839839351316004e+04 1.486839839351316004e+04 1.442716966881976805e+04
1.029427313080285844e-01 1.560403163287040479e+04 9.903403781180688384e+03 8.342031497440782317e+00 8.328232492436269396e+00 0.000000000000000000e+00 1.466405603827764207e+04 1.466405603827764207e+04 1.422888544291791732e+04
1.041707194065331910e-01 1.538554372202536797e+04 9.833063679596480142e+03 8.042666275107892560e+00 8.029350012674111525e+00 0.000000000000000000e+00 1.446999619548414375e+04 1.446999619548414375e+04 1.404057891464980275e+04
1.054104304057084107e-01 1.517461927036901579e+04 9.783373917086953952e+03 7.759022411967486654e+00 7.746161775503769498e+00 0.000000000000000000e+00 1.428565770536443961e+04 1.428565770536443961e+04 1.386170555063635766e+04
1.066621303178974384e-01 1.497088465248359716e+04 9.752169870297288071e+03 7.489895565075840089e+00 7.477465807136781883e+00 0.000000000000000000e+00 1.411037162514370902e+04 1.411037162514370902e+04 1.369161623518795204e+04
1.079260830861467901e-01 1.477389276014913776e+04 9.736998987793343986e+03 7.234095333971802155e+00 7.222074045352925964e+00 0.000000000000000000e+00 1.394336016939821820e+04 1.394336016939821820e+04 1.352955624222995357e+04
1.092025508160464758e-01 1.458313632054703703e+04 9.735168080615998406e+03 6.990459199168215676e+00 6.978826249148576188e+00 0.000000000000000000e+00 1.378375562995428663e+04 1.378375562995428663e+04 1.337468359383029383e+04
1.104917939853168746e-01 1.439804667776359383e+04 9.743774755529531831e+03 6.757857133974422226e+00 6.746594598501419071e+00 0.000000000000000000e+00 1.363060454133267558e+04 1.363060454133267558e+04 1.322607310209642674e+04
1.117940716332728179e-01 1.421800623465900389e+04 9.759756163436353745e+03 6.535202875846746196e+00 6.524294942523813035e+00 0.000000000000000000e+00 1.348288610919798339e+04 1.348288610919798339e+04 1.308273425076464082e+04
1.131096415320818616e-01 1.404235492983362747e+04 9.779939535287463514e+03 6.321461451824138322e+00 6.310894307907090273e+00 0.000000000000000000e+00 1.333952595219701834e+04 1.333952595219701834e+04 1.294362452923030287e+04
1.144387603415471522e-01 1.387039953114464515e+04 9.801095372153720746e+03 6.115656979272538152e+00 6.105418682965011001e+00 0.000000000000000000e+00 1.319941263357116077e+04 1.319941263357116077e+04 1.280766547351741610e+04
1.157816837489836492e-01 1.370142829047240593e+04 9.819999110268703589e+03 5.916881944679365901e+00 5.906962277533020611e+00 0.000000000000000000e+00 1.306142006743952879e+04 1.306142006743952879e+04 1.267376440753196403e+04
1.171386665956163642e-01 1.353472076742532226e+04 9.833493255297660653e+03 5.724303317944119840e+00 5.714693623965142244e+00 0.000000000000000000e+00 1.292442596798422710e+04 1.292442596798422710e+04 1.254083234462068867e+04
1.185099629908079183e-01 1.336956087837837731e+04 9.838548948692903650e+03 5.537168587883246396e+00 5.527861600497622874e+00 0.000000000000000000e+00 1.278733289850131041e+04 1.278733289850131041e+04 1.240780441179268200e+04
1.198958264153183045e-01 1.320525498994012196e+04 9.832335248064415282e+03 5.354812805233494899e+00 5.345802460516678067e+00 0.000000000000000000e+00 1.264909480506793807e+04 1.264909480506793807e+04 1.227366559573627819e+04
1.212965098147064102e-01 1.304114470808123042e+04 9.812280558513692085e+03 5.176661884292167670e+00 5.167943127812643311e+00 0.000000000000000000e+00 1.250873782627620494e+04 1.250873782627620494e+04 1.213747093474953545e+04
1.227122656839060716e-01 1.287661893125271490e+04 9.776133098561744191e+03 5.002234815623928021e+00 4.993803405912633941e+00 0.000000000000000000e+00 1.236538032913167262e+04 1.236538032913167262e+04 1.199836495978033417e+04
1.241433461439387237e-01 1.271113450136969914e+04 9.722022332840000672e+03 4.831146760935721929e+00 4.822999066971683568e+00 0.000000000000000000e+00 1.221826028452613718e+04 1.221826028452613718e+04 1.185560825713906706e+04
1.255900030116675337e-01 1.254422298604915886e+04 9.648504759351799294e+03 4.663107183773664843e+00 4.655239989030100389e+00 0.000000000000000000e+00 1.206674848100737654e+04 1.206674848100737654e+04 1.170859028985240002e+04
1.270524878634444466e-01 1.237550580194012946e+04 9.554609772344667363e+03 4.497918516763189878e+00 4.490328826481983171e+00 0.000000000000000000e+00 1.191036871674741633e+04 1.191036871674741633e+04 1.155684899003794271e+04
1.285310520934598855e-01 1.220470503483846915e+04 9.439875888636322998e+03 4.335473011861681769e+00 4.328157868892046345e+00 0.000000000000000000e+00 1.174881280888331821e+04 1.174881280888331821e+04 1.140008532247959556e+04
1.300259469675646151e-01 1.203165172433549196e+04 9.304370959552563363e+03 4.175747139610180625e+00 4.168703453594175379e+00 0.000000000000000000e+00 1.158195084485458028e+04 1.158195084485458028e+04 1.123817323140826920e+04
1.315374236733026225e-01 1.185628894435254551e+04 9.148702471199383581e+03 4.018793878088346538e+00 4.012018271938800673e+00 0.000000000000000000e+00 1.140983545339907505e+04 1.140983545339907505e+04 1.107116378444923430e+04
1.330657333668637532e-01 1.167867561959099294e+04 8.974016025009324949e+03 3.864734595043655574e+00 3.858223269888292783e+00 0.000000000000000000e+00 1.123270474116672267e+04 1.123270474116672267e+04 1.089928802179764352e+04
1.346111272176433449e-01 1.149899065669177617e+04 8.781980327379951632e+03 3.713750478513066611e+00 3.707499098763142875e+00 0.000000000000000000e+00 1.105098326763680416e+04 1.105098326763680416e+04 1.072295790193531866e+04
1.361738564510736882e-01 1.131752278530586591e+04 8.574751161027117632e+03 3.566069315131234152e+00 3.560072921257693590e+00 0.000000000000000000e+00 1.086526762053495622e+04 1.086526762053495622e+04 1.054275230496277800e+04
1.377541723903755733e-01 1.113467092334603331e+04 8.354928888334177827e+03 3.421955669047746174e+00 3.416208613008908657e+00 0.000000000000000000e+00 1.067631971359283489e+04 1.067631971359283489e+04 1.035941052907045741e+04
1.393523264978633047e-01 1.095092718298950967e+04 8.125493736734772028e+03 3.281696170727828932e+00 3.276192081856577509e+00 0.000000000000000000e+00 1.048504192390557364e+04 1.048504192390557364e+04 1.017380816570725983e+04
1.409685704164243270e-01 1.076687673941844696e+04 7.889739624897493741e+03 3.145590312414654477e+00 3.140322085043127043e+00 0.000000000000000000e+00 1.029246607092600789e+04 1.029246607092600789e+04 9.986946405545766538e+03
1.426031560117830277e-01 1.058316778897666882e+04 7.651177577384426513e+03 3.013933266875070238e+00 3.008893082191843593e+00 0.000000000000000000e+00 1.009971240227489034e+04 1.009971240227489034e+04 9.799912241611649733e+03
1.442563354161495726e-01 1.040050800673502454e+04 7.413449310508790404e+03 2.887007544634955014e+00 2.882186912194009132e+00 0.000000000000000000e+00 9.907972386603905761e+03 9.907972386603905761e+03 9.613861772827835011e+03
1.459283610738478232e-01 1.021963385941316847e+04 7.180215467276175332e+03 2.765068087344446202e+00 2.760457916149686941e+00 0.000000000000000000e+00 9.718464657582477230e+03 9.718464657582477230e+03 9.429977455707610716e+03
1.476194857895077872e-01 1.004129431895063681e+04 6.955049180128239641e+03 2.648332876085220722e+00 2.643923565694048516e+00 0.000000000000000000e+00 9.532403862513681815e+03 9.532403862513681815e+03 9.249437877662330720e+03
1.493299627794037188e-01 9.866223556338096387e+03 6.741321819191980467e+03 2.536972387201533063e+00 2.532753940069236709e+00 0.000000000000000000e+00 9.350959019722673474e+03 9.350959019722673474e+03 9.073377350573919102e+03
1.510600457265141028e-01 9.695116898729818786e+03 6.542091503995023231e+03 2.431101158854494848e+00 2.427063308847344114e+00 0.000000000000000000e+00 9.175215056811926843e+03 9.175215056811926843e+03 8.902848590830350076e+03
1.528099888398734285e-01 9.528610138578997066e+03 6.360001810882294194e+03 2.330772589345153634e+00 2.326904940672054334e+00 0.000000000000000000e+00 9.006138829392333719e+03 9.006138829392333719e+03 8.738789746905991706e+03
1.545800469187849357e-01 9.367247832555516652e+03 6.197177607365651966e+03 2.235972373015159942e+00 2.232264550411402482e+00 0.000000000000000000e+00 8.844535471330178552e+03 8.844535471330178552e+03 8.581982045507713337e+03
1.563704754224564397e-01 9.211469390529240627e+03 6.055149735528037127e+03 2.146618350466440450e+00 2.143060148803974219e+00 0.000000000000000000e+00 8.691024358574528378e+03 8.691024358574528378e+03 8.433026469086558791e+03
1.581815305456209519e-01 9.061581203703000938e+03 5.934781742614443829e+03 2.062558575618618217e+00 2.059140110728551853e+00 0.000000000000000000e+00 8.546003751696925974e+03 8.546003751696925974e+03 8.292309448199877806e+03
1.600134693006991515e-01 8.917750838133537400e+03 5.836234447748464845e+03 1.983576207031396033e+00 1.980288055252808155e+00 0.000000000000000000e+00 8.409640104253412574e+03 8.409640104253412574e+03 8.159992487470247397e+03
1.618665496070595400e-01 8.779993577987970639e+03 5.758943571915568100e+03 1.909393737627462784e+00 1.906227064108817260e+00 0.000000000000000000e+00 8.281853136332818394e+03 8.281853136332818394e+03 8.035997682480265212e+03
1.637410303879281992e-01 8.648167221598487231e+03 5.701625856937488606e+03 1.839680169273720356e+00 1.836626839262407884e+00 0.000000000000000000e+00 8.162312497645855728e+03 8.162312497645855728e+03 7.920004482151501179e+03
1.656371716754996004e-01 8.521978760953566962e+03 5.662319631335414670e+03 1.774061511184047424e+00 1.771114177916805366e+00 0.000000000000000000e+00 8.050450034534652332e+03 8.050450034534652332e+03 7.811461591822881019e+03
1.675552347247972751e-01 8.400989130060263051e+03 5.638444791857587006e+03 1.712131063072965143e+00 1.709283232181754153e+00 0.000000000000000000e+00 7.945473645722649962e+03 7.945473645722649962e+03 7.709600417894727798e+03
1.694954821368324094e-01 8.284629873978927208e+03 5.626895878976451058e+03 1.653462260433617770e+00 1.650708326274249682e+00 0.000000000000000000e+00 7.846396549998417868e+03 7.846396549998417868e+03 7.613463466846886149e+03
1.714581779916071469e-01 8.172226446082106122e+03 5.624161200384422955e+03 1.597622425232067433e+00 1.594957677538305196e+00 0.000000000000000000e+00 7.752076384247094211e+03 7.752076384247094211e+03 7.521942282747819263e+03
1.734435879915103007e-01 8.063020318733972090e+03 5.626455197904881970e+03 1.544185279945821110e+00 1.541605883048319248e+00 0.000000000000000000e+00 7.661255494261798049e+03 7.661255494261798049e+03 7.433816542090828989e+03
1.754519796156535916e-01 7.956370928796010048e+03 5.630101175109193719e+03 1.492779926611038199e+00 1.490282802704533394e+00 0.000000000000000000e+00 7.572792689382120443e+03 7.572792689382120443e+03 7.347978928431291024e+03
1.774836222856967516e-01 7.851810215722228349e+03 5.631721724434032694e+03 1.443103395888946761e+00 1.440686082492317999e+00 0.000000000000000000e+00 7.485740187307969791e+03 7.485740187307969791e+03 7.263509792859453228e+03
1.795387875437157721e-01 7.747970992272013973e+03 5.626929757987817538e+03 1.394707126248829310e+00 1.392368037115238710e+00 0.000000000000000000e+00 7.398232849874050771e+03 7.398232849874050771e+03 7.178599365177013169e+03
1.816177492426701567e-01 7.644030976345829913e+03 5.612381150000518574e+03 1.347301138188576886e+00 1.345039243738331169e+00 0.000000000000000000e+00 7.309032568590240771e+03 7.309032568590240771e+03 7.092046291279688376e+03
1.837207837500307028e-01 7.539247213967584685e+03 5.585254776596703778e+03 1.300654564744641917e+00 1.298469262425312909e+00 0.000000000000000000e+00 7.217053720385463748e+03 7.217053720385463748e+03 7.002797176510537611e+03
1.858481701651400475e-01 7.432997325287406966e+03 5.543391186379550163e+03 1.254601374809992453e+00 1.252492348653158283e+00 0.000000000000000000e+00 7.121420477933730581e+03 7.121420477933730581e+03 6.910002194445930400e+03
1.880001905508830173e-01 7.324825481561097149e+03 5.485415772092640509e+03 1.209045089837305076e+00 1.207012162838039249e+00 0.000000000000000000e+00 7.021525515252154946e+03 7.021525515252154946e+03 6.813072049500229696e+03
1.901771301802606950e-01 7.214472890064423154e+03 5.410815987724457045e+03 1.163958439510327736e+00 1.162001428561890259e+00 0.000000000000000000e+00 6.917068198278443560e+03 6.917068198278443560e+03 6.711715033502014194e+03
1.923792777984734692e-01 7.101894194759232050e+03 5.319974129480125157e+03 1.119379084004836766e+00 1.117497665525491124e+00 0.000000000000000000e+00 6.808073686482933226e+03 6.808073686482933226e+03 6.605955559998305944e+03
1.946069259011371511e-01 6.987263415835373053e+03 5.214154126432795238e+03 1.075402356750137400e+00 1.073595949312861064e+00 0.000000000000000000e+00 6.694895714953071547e+03 6.694895714953071547e+03 6.496136863513408571e+03
1.968603710292781694e-01 6.870949962693883208e+03 5.095424023871046302e+03 1.032168600168947625e+00 1.030436274345086112e+00 0.000000000000000000e+00 6.578183780883719919e+03 6.578183780883719919e+03 6.382889159993705107e+03
1.991399140817780300e-01 6.753485458607690816e+03 4.966535475138056427e+03 9.898490358450298121e-01 9.881894541922257025e-01 0.000000000000000000e+00 6.458835567943187016e+03 6.458835567943187016e+03 6.267083483404016079e+03
2.014458606459659240e-01 6.635514095555997301e+03 4.830758100421713607e+03 9.486299402549561721e-01 9.470413309903805699e-01 0.000000000000000000e+00 6.337928174538829808e+03 6.337928174538829808e+03 6.149764955555644519e+03
2.037785213470935108e-01 6.517748882714988213e+03 4.691692733511498773e+03 9.086982372822950405e-01 9.071783982837489102e-01 0.000000000000000000e+00 6.216650782775252083e+03 6.216650782775252083e+03 6.032087453887123957e+03
2.061382122174636733e-01 6.400921175372670405e+03 4.553061822893508179e+03 8.702277682361697630e-01 8.687741004329208039e-01 0.000000000000000000e+00 6.096227948808941619e+03 6.096227948808941619e+03 5.915239179139779480e+03
2.085252550860303977e-01 6.285743801382363017e+03 4.418504469064969271e+03 8.333687732921621905e-01 8.319783365942090558e-01 0.000000000000000000e+00 5.977855013111123299e+03 5.977855013111123299e+03 5.800379983159686162e+03
2.109399779893369187e-01 6.172887660561941630e+03 4.291383985158562609e+03 7.982406323844801754e-01 7.969102174971618435e-01 0.000000000000000000e+00 5.862646827091021805e+03 5.862646827091021805e+03 5.688591617765134288e+03
2.133827156047180540e-01 6.062958556466024675e+03 4.174608422962427539e+03 7.649263358077692532e-01 7.636525479220663826e-01 0.000000000000000000e+00 5.751588811638139305e+03 5.751588811638139305e+03 5.580830246333328432e+03
2.158538097067558836e-01 5.956481522956884874e+03 4.070477944795969051e+03 7.334694253129026009e-01 7.322487740522546362e-01 0.000000000000000000e+00 5.645498701255866763e+03 5.645498701255866763e+03 5.477889323771697491e+03
2.183536096480528932e-01 5.853878026128889360e+03 3.980556613007629949e+03 7.038718266861370143e-01 7.027008196445962973e-01 0.000000000000000000e+00 5.544986364548127312e+03 5.544986364548127312e+03 5.380360609985345945e+03
2.208824728654668612e-01 5.755440483116054565e+03 3.905579031140384814e+03 6.760931240798134789e-01 6.749683603318714642e-01 0.000000000000000000e+00 5.450417130693626859e+03 5.450417130693626859e+03 5.288598585272954551e+03
2.234407654130450005e-01 5.661295895928892605e+03 3.845390754062595988e+03 6.500503097442745792e-01 6.489685713821655710e-01 0.000000000000000000e+00 5.361871593929617120e+03 5.361871593929617120e+03 5.202681448324502526e+03
2.260288625229950332e-01 5.571380502452931978e+03 3.798946857623018332e+03 6.256206115424712833e-01 6.245789470052424130e-01 0.000000000000000000e+00 5.279124208493770311e+03 5.279124208493770311e+03 5.122390346822337960e+03
2.286471491961460933e-01 5.485423780586712383e+03 3.764366666396094843e+03 6.026466878410358108e-01 6.016424821222737807e-01 0.000000000000000000e+00 5.201638954366227154e+03 5.201638954366227154e+03 5.047205172037199191e+03
2.312960208234778603e-01 5.402954013951990419e+03 3.739055378823519277e+03 5.809450318653585077e-01 5.799760572142094173e-01 0.000000000000000000e+00 5.128594040000459245e+03 5.128594040000459245e+03 4.976328528311260015e+03
2.339758838404358554e-01 5.323331967741937660e+03 3.719889264605141307e+03 5.603176112302252765e-01 5.593820527581790936e-01 0.000000000000000000e+00 5.058940562533880438e+03 5.058940562533880438e+03 4.908742651826138172e+03
2.366871564159064023e-01 5.245816288597739913e+03 3.703461612165902807e+03 5.405661678505961909e-01 5.396626191768775227e-01 0.000000000000000000e+00 4.991497678127103427e+03 4.991497678127103427e+03 4.843301755488048912e+03
2.394302691778943948e-01 5.169631139486347820e+03 3.686346930892759701e+03 5.215053866594978604e-01 5.206328181566344249e-01 0.000000000000000000e+00 4.925052648801406576e+03 4.925052648801406576e+03 4.778829105479647296e+03
2.422056659781402499e-01 5.094037120930874153e+03 3.665367339923092459e+03 5.029745543946376740e-01 5.021322575250098952e-01 0.000000000000000000e+00 4.858463994282824387e+03 4.858463994282824387e+03 4.714217110577010317e+03
2.450138046981154838e-01 5.018397510231841807e+03 3.637842769222366314e+03 4.848468003053237330e-01 4.840343134090934196e-01 0.000000000000000000e+00 4.790758064663825280e+03 4.790758064663825280e+03 4.648521027566898738e+03
2.478551580990742964e-01 4.942205577903880112e+03 3.601772203429389265e+03 4.670323989913221507e-01 4.662494261925606565e-01 0.000000000000000000e+00 4.721181737905243608e+03 4.721181737905243608e+03 4.581010094106072756e+03
2.507302147190875741e-01 4.865109248384537750e+03 3.555969653677489077e+03 4.494800455960372698e-01 4.487263736191282604e-01 0.000000000000000000e+00 4.649245434616210332e+03 4.649245434616210332e+03 4.511209266305391793e+03
2.536394798202715184e-01 4.786915864541153496e+03 3.500128358936799486e+03 4.321747170744760225e-01 4.314501373814496055e-01 0.000000000000000000e+00 4.574737683091110739e+03 4.574737683091110739e+03 4.438913351225202859e+03
2.565834763897325566e-01 4.707597250475818328e+03 3.434823410164973211e+03 4.151340176405221016e-01 4.144382573210446674e-01 0.000000000000000000e+00 4.497729780005231078e+03 4.497729780005231078e+03 4.364191529071832520e+03
2.595627461980927198e-01 4.627300526863971754e+03 3.361460467802693074e+03 3.984039901506168380e-01 3.977366534862554204e-01 0.000000000000000000e+00 4.418576366450171918e+03 4.418576366450171918e+03 4.287387912003494421e+03
2.625778509198421484e-01 4.546354296911620622e+03 3.282159601580429808e+03 3.820534202881847863e-01 3.814139439847967772e-01 0.000000000000000000e+00 4.337901440254309819e+03 4.337901440254309819e+03 4.209107971616323084e+03
2.656293733201834373e-01 4.465259174360547149e+03 3.199576867016289725e+03 3.661664982602169660e-01 3.655541237137442390e-01 0.000000000000000000e+00 4.256561025601578876e+03 4.256561025601578876e+03 4.130182316790823279e+03
2.687179185134981330e-01 4.384645733406775435e+03 3.116659331295396441e+03 3.508328737325596691e-01 3.502466407269663740e-01 0.000000000000000000e+00 4.175567662838302567e+03 4.175567662838302567e+03 4.051593425317865240e+03
2.718441152990812570e-01 4.305205337817706095e+03 3.036357184796573165e+03 3.361365023179006539e-01 3.355752660142203303e-01 0.000000000000000000e+00 4.095985173282594133e+03 4.095985173282594133e+03 3.974373533109733671e+03
2.750086175803603816e-01 4.227589514428026632e+03 2.961310731307947663e+03 3.221436772362284984e-01 3.216061491336805189e-01 0.000000000000000000e+00 4.018793012875888962e+03 4.018793012875888962e+03 3.899473015223433777e+03
2.782121058744521092e-01 4.152317763712131637e+03 2.893571953709969421e+03 3.088938743561601141e-01 3.083786811505743186e-01 0.000000000000000000e+00 3.944763372866003920e+03 3.944763372866003920e+03 3.827641135505508828e+03
2.814552889196117458e-01 4.079710781965558908e+03 2.834397601786555697e+03 2.963948265468960286e-01 2.959005782547606267e-01 0.000000000000000000e+00 3.874371295255161840e+03 3.874371295255161840e+03 3.759338830823149237e+03
2.847389053889186061e-01 4.009874932152364181e+03 2.784155506972527292e+03 2.846233611218134674e-01 2.841487169105123001e-01 0.000000000000000000e+00 3.807766256500820418e+03 3.807766256500820418e+03 3.694711138550725991e+03
2.880637257194144651e-01 3.942725506731537735e+03 2.742338898323780541e+03 2.735304130037910508e-01 2.730741362583526399e-01 0.000000000000000000e+00 3.744793955096426998e+03 3.744793955096426998e+03 3.633608337368309094e+03
2.914305540668892802e-01 3.878029717216776589e+03 2.707674953082740103e+03 2.630483018262719241e-01 2.626092995393770058e-01 0.000000000000000000e+00 3.685050111474703044e+03 3.685050111474703044e+03 3.575638149907831121e+03
2.948402303976010441e-01 3.815450513209561450e+03 2.678299170708567090e+03 2.530984107496178637e-01 2.526757561566536081e-01 0.000000000000000000e+00 3.627945814232851717e+03 3.627945814232851717e+03 3.520229148893720321e+03
2.982936327294399836e-01 3.754564837139044812e+03 2.651960433934600132e+03 2.435972348107845464e-01 2.431901759770968563e-01 0.000000000000000000e+00 3.572756577335610928e+03 3.572756577335610928e+03 3.466678357871782737e+03
3.017916795364184446e-01 3.694882245830246575e+03 2.626255819916639666e+03 2.344621633161138030e-01 2.340701184645360144e-01 0.000000000000000000e+00 3.518676609147974432e+03 3.518676609147974432e+03 3.414203909016607213e+03
3.053353323319120682e-01 3.635870571762708096e+03 2.598882704862999617e+03 2.256171448060171614e-01 2.252396850564910014e-01 0.000000000000000000e+00 3.464881811904333972e+03 3.464881811904333972e+03 3.362006172128210437e+03
3.089255984478103678e-01 3.577019702565844000e+03 2.567908231158892249e+03 2.169995337664151203e-01 2.166363518944488531e-01 0.000000000000000000e+00 3.410627477003361037e+03 3.410627477003361037e+03 3.309362549279645918e+03
3.125635340286965214e-01 3.517930616271939471e+03 2.532019852803394315e+03 2.085667839002049162e-01 2.082176503470457574e-01 0.000000000000000000e+00 3.355363951648838338e+03 3.355363951648838338e+03 3.255739707182065104e+03
3.162502472623841543e-01 3.458393023074809207e+03 2.490699315357959222e+03 2.003004206845393487e-01 1.999651326661052442e-01 0.000000000000000000e+00 3.298830165796693109e+03 3.298830165796693109e+03 3.200884327167767879e+03
3.199869018706461565e-01 3.398412431944403579e+03 2.444267884561375922e+03 1.922052160871996485e-01 1.918835493642499779e-01 0.000000000000000000e+00 3.241083693498872890e+03 3.241083693498872890e+03 3.144852273900883119e+03
3.237747208868114734e-01 3.338183039537846980e+03 2.393797322107919626e+03 1.843040812325379696e-01 1.839957530863630675e-01 0.000000000000000000e+00 3.182463432968022062e+03 3.182463432968022062e+03 3.087972383425118551e+03
3.276149907501340053e-01 3.278007209982636141e+03 2.340891718671322451e+03 1.766294613949048187e-01 1.763341114870434767e-01 0.000000000000000000e+00 3.123486389809057982e+03 3.123486389809057982e+03 3.030746310938407532e+03
3.315090657505219696e-01 3.218233307952000814e+03 2.287432300456310713e+03 1.692160213561022253e-01 1.689332083548246988e-01 0.000000000000000000e+00 3.064753681982561829e+03 3.064753681982561829e+03 2.973757326520104471e+03
3.354583728614135008e-01 3.159218383039780292e+03 2.235315234653249263e+03 1.620951430064961896e-01 1.618243533928218902e-01 0.000000000000000000e+00 3.006876143931269326e+03 3.006876143931269326e+03 2.917598128121152968e+03
3.394644170033982999e-01 3.101315710703927380e+03 2.186215700041188029e+03 1.552914938237668907e-01 1.550321586285293152e-01 0.000000000000000000e+00 2.950425019535657157e+03 2.950425019535657157e+03 2.862822998484377422e+03
3.435287867866991807e-01 3.044856535064777290e+03 2.141381359189335399e+03 1.488202696288889459e-01 1.485717871414928282e-01 0.000000000000000000e+00 2.895882661004292459e+03 2.895882661004292459e+03 2.809899967848957658e+03
3.476531607869726703e-01 2.990077632443708353e+03 2.101435994568388196e+03 1.426830869584020667e-01 1.424448529755016901e-01 0.000000000000000000e+00 2.843549658039249152e+03 2.843549658039249152e+03 2.759120700592644880e+03
3.518393144162010877e-01 2.937039685793548870e+03 2.066260034822405032e+03 1.368651651279167436e-01 1.366366075809594960e-01 0.000000000000000000e+00 2.793456971489849366e+03 2.793456971489849366e+03 2.710515237805027482e+03
3.560891274589038091e-01 2.885581386879205184e+03 2.034997829378089136e+03 1.313357898951809932e-01 1.311164011580539246e-01 0.000000000000000000e+00 2.745328803126355979e+03 2.745328803126355979e+03 2.663815969577061878e+03
3.604045923536899343e-01 2.835368505764833117e+03 2.006244711765781631e+03 1.260541527826545272e-01 1.258435094621404848e-01 0.000000000000000000e+00 2.698654418907846321e+03 2.698654418907846321e+03 2.618527325807501256e+03
3.647878233115592339e-01 2.786012721506942398e+03 1.978366921542258069e+03 1.209783276112972872e-01 1.207760920331977655e-01 0.000000000000000000e+00 2.652840137575310109e+03 2.652840137575310109e+03 2.574073252085406693e+03
3.692410663756289790e-01 2.737172516996762170e+03 1.949829046680796182e+03 1.160725271501700240e-01 1.158784338294082672e-01 0.000000000000000000e+00 2.607347580882118109e+03 2.607347580882118109e+03 2.529931355094463470e+03
3.737667105424696823e-01 2.688593674057124190e+03 1.919450762063769389e+03 1.113106764822553857e-01 1.111245108773131207e-01 0.000000000000000000e+00 2.561769825029080039e+03 2.561769825029080039e+03 2.485706792998453693e+03
3.783673000834207323e-01 2.640084439344613656e+03 1.886543564158287836e+03 1.066761138173251966e-01 1.064976910746452954e-01 0.000000000000000000e+00 2.515833207615240553e+03 2.515833207615240553e+03 2.441134028727335135e+03
3.830455482256427402e-01 2.591522309519490136e+03 1.850993496984151079e+03 1.021616214770198067e-01 1.019907654376897427e-01 0.000000000000000000e+00 2.469416634673577391e+03 2.469416634673577391e+03 2.396095563730781578e+03
3.878043523779081125e-01 2.542914526137476059e+03 1.813295747548767849e+03 9.777042510588981883e-02 9.760694653472015703e-02 0.000000000000000000e+00 2.422607805005577575e+03 2.422607805005577575e+03 2.350676492881384092e+03
3.926468111160231755e-01 2.494444942572529726e+03 1.774477959862128500e+03 9.351546591313630863e-02 9.335914355772208240e-02 0.000000000000000000e+00 2.375729704485242564e+03 2.375729704485242564e+03 2.305190212066548156e+03
3.975762431783006479e-01 2.446423485193230590e+03 1.735855341023814617e+03 8.941437526370495104e-02 8.926494774127148590e-02 0.000000000000000000e+00 2.329258020056553505e+03 2.329258020056553505e+03 2.260098284250139386e+03
4.025962087638847442e-01 2.399141815304642478e+03 1.698661263271205144e+03 8.548140712395793650e-02 8.533858094874223477e-02 0.000000000000000000e+00 2.283639691586264689e+03 2.283639691586264689e+03 2.215834378798679154e+03
4.077105334774830947e-01 2.352761370076063031e+03 1.663728623173842152e+03 8.172185212511738628e-02 8.158532085758506136e-02 0.000000000000000000e+00 2.239146873074417726e+03 2.239146873074417726e+03 2.172662568834644389e+03
4.129233353250920668e-01 2.307329214765165489e+03 1.631364530812423482e+03 7.813234377715858048e-02 7.800180691532068722e-02 0.000000000000000000e+00 2.195869508527044673e+03 2.195869508527044673e+03 2.130670127564272207e+03
4.182390552390012339e-01 2.262844184419734120e+03 1.601375350421982830e+03 7.470379108495943388e-02 7.457896717212966764e-02 0.000000000000000000e+00 2.153774696511079128e+03 2.153774696511079128e+03 2.089825130218894628e+03
4.236624916997566714e-01 2.219239804407687643e+03 1.573122945163578834e+03 7.142220406511080866e-02 7.130284121333083092e-02 0.000000000000000000e+00 2.112701701106597739e+03 2.112701701106597739e+03 2.049971613171838271e+03
4.291988401317030077e-01 2.176315322320111136e+03 1.545625698689870660e+03 6.826860424697549223e-02 6.815448944566433742e-02 0.000000000000000000e+00 2.072321013377526924e+03 2.072321013377526924e+03 2.010789850986251622e+03
4.348537378821216715e-01 2.133759799278725950e+03 1.517805339734554082e+03 6.522230884345005253e-02 6.511326990021089334e-02 0.000000000000000000e+00 2.032195169133560285e+03 2.032195169133560285e+03 1.971855368420575587e+03
4.406333157581772686e-01 2.091332952441277030e+03 1.488882730473917945e+03 6.226845810796459435e-02 6.216435097471526700e-02 0.000000000000000000e+00 1.991995033822636060e+03 1.991995033822636060e+03 1.932848803430111502e+03
4.465442572990704351e-01 2.048984679340870571e+03 1.458642736666380642e+03 5.940202772992081437e-02 5.930271626064304719e-02 0.000000000000000000e+00 1.951643292915510301e+03 1.951643292915510301e+03 1.893695137031259264e+03
4.525938672136380347e-01 2.006765969093637523e+03 1.427376733489739763e+03 5.662427267674423337e-02 5.652961524389583936e-02 0.000000000000000000e+00 1.911230572746726239e+03 1.911230572746726239e+03 1.854482304645517161e+03
4.587901507301848092e-01 1.964724420772761277e+03 1.395681600209740282e+03 5.393825347908454138e-02 5.384809871879506910e-02 0.000000000000000000e+00 1.870895043110628421e+03 1.870895043110628421e+03 1.815344373502858389e+03
4.651419060040608566e-01 1.922970900444451445e+03 1.364327953251999133e+03 5.134895481900458164e-02 5.126313844663540203e-02 0.000000000000000000e+00 1.830856356202341203e+03 1.830856356202341203e+03 1.776494473843944206e+03
4.716588322341268014e-01 1.881709514945356887e+03 1.334056704710888880e+03 4.886215479678418516e-02 4.878049953755825285e-02 0.000000000000000000e+00 1.791407132589708908e+03 1.791407132589708908e+03 1.738216537666956583e+03
4.783516567848810075e-01 1.841052148128964518e+03 1.305210892798335408e+03 4.647826443615719894e-02 4.640059168078769503e-02 0.000000000000000000e+00 1.752697371130595002e+03 1.752697371130595002e+03 1.700656109945725575e+03
4.852322854415471731e-01 1.800896024941735959e+03 1.277547942289825642e+03 4.418953840013199047e-02 4.411568473757707110e-02 0.000000000000000000e+00 1.714601245144121776e+03 1.714601245144121776e+03 1.663691099919635008e+03
4.923139810021477936e-01 1.761093405191074680e+03 1.250489161894906829e+03 4.198585634009679296e-02 4.191567874235885977e-02 0.000000000000000000e+00 1.676899954981614201e+03 1.676899954981614201e+03 1.627109204425509461e+03
4.996115768181261241e-01 1.721556257404599592e+03 1.223425633485132266e+03 3.985885053208899215e-02 3.979222294486665923e-02 0.000000000000000000e+00 1.639419580255120991e+03 1.639419580255120991e+03 1.590741667023596619e+03
5.071417337513152157e-01 1.682110806069074897e+03 1.195813744336837317e+03 3.779984024470620096e-02 3.773665297322409407e-02 0.000000000000000000e+00 1.601925363054235504e+03 1.601925363054235504e+03 1.554360700181430957e+03
5.149232514860682119e-01 1.642602660518732591e+03 1.167447571130356437e+03 3.580323423957495338e-02 3.574338680113830352e-02 0.000000000000000000e+00 1.564254415502312213e+03 1.564254415502312213e+03 1.517808252464665429e+03
5.229774484577489613e-01 1.603121749509862639e+03 1.138692886315726128e+03 3.387101941969000024e-02 3.381440568186976081e-02 0.000000000000000000e+00 1.526542150177211624e+03 1.526542150177211624e+03 1.481215715727767247e+03
5.313286291737053801e-01 1.563753346377468006e+03 1.110079146573940307e+03 3.200555125093033221e-02 3.195205858038276808e-02 0.000000000000000000e+00 1.488947081733247387e+03 1.488947081733247387e+03 1.444736897943197164e+03
5.400046639085995803e-01 1.524484802325991723e+03 1.081952585580215782e+03 3.020622328720365055e-02 3.015573877314077500e-02 0.000000000000000000e+00 1.451515737446801950e+03 1.451515737446801950e+03 1.408416944839194457e+03
5.490377143903834023e-01 1.485384941734370614e+03 1.054450629533382880e+03 2.847235285010362230e-02 2.842476471507164593e-02 0.000000000000000000e+00 1.414328253439680338e+03 1.414328253439680338e+03 1.372333613047873996e+03
5.584651512647583749e-01 1.446336453734651059e+03 1.027221382752659792e+03 2.679808529157062455e-02 2.675329322954221600e-02 0.000000000000000000e+00 1.377228638192489143e+03 1.377228638192489143e+03 1.336335542709749461e+03
5.683307265261017260e-01 1.407125762850879482e+03 9.997073623978016030e+02 2.517582242920595945e-02 2.513374073158880506e-02 0.000000000000000000e+00 1.339946609400194347e+03 1.339946609400194347e+03 1.300160476749102827e+03
5.786860893555081375e-01 1.367708504471648212e+03 9.716877607087935758e+02 2.360253974922374084e-02 2.356308811426996441e-02 0.000000000000000000e+00 1.302408708769457462e+03 1.302408708769457462e+03 1.263737137974801726e+03
5.895927710547318457e-01 1.327926407441070296e+03 9.431451695401109419e+02 2.207491118361541022e-02 2.203801423903248638e-02 0.000000000000000000e+00 1.264479892023143520e+03 1.264479892023143520e+03 1.226934491862781442e+03
6.011248206729128407e-01 1.287848284534890354e+03 9.144757271620611618e+02 2.059437389850028721e-02 2.055995228614329248e-02 0.000000000000000000e+00 1.226282944584288771e+03 1.226282944584288771e+03 1.189871678032578529e+03
6.133723584260153405e-01 1.247376036517264311e+03 8.857916635360928694e+02 1.915882522312626138e-02 1.912680270557237314e-02 0.000000000000000000e+00 1.187754448364007885e+03 1.187754448364007885e+03 1.152487161397201589e+03
6.264464474241963066e-01 1.206416599622743433e+03 8.569104046930915501e+02 1.776513969711638122e-02 1.773544588531225999e-02 0.000000000000000000e+00 1.148786580274001835e+03 1.148786580274001835e+03 1.114676320354404425e+03
6.404858968977706901e-01 1.164698622984632721e+03 8.273514020480027966e+02 1.640745836880887557e-02 1.638003374871804460e-02 0.000000000000000000e+00 1.109073494869993056e+03 1.109073494869993056e+03 1.076142390714177282e+03
6.556669568649511337e-01 1.122081716115147628e+03 7.969897598554391607e+02 1.508330978518916850e-02 1.505809877596539850e-02 0.000000000000000000e+00 1.068477356589737155e+03 1.068477356589737155e+03 1.036751629579827522e+03
6.722174428617101460e-01 1.078339054210019867e+03 7.658685215894118983e+02 1.379021014711640479e-02 1.376716064077846552e-02 0.000000000000000000e+00 1.026815839165257330e+03 1.026815839165257330e+03 9.963271244020838822e+02
6.904378176595635797e-01 1.033251829467939160e+03 7.339208424232816697e+02 1.252568601468881555e-02 1.250474987253610143e-02 0.000000000000000000e+00 9.838951919452948687e+02 9.838951919452948687e+02 9.546808774733837026e+02
7.107334805488427776e-01 9.864417091845584764e+02 7.007016426380369012e+02 1.128513042432876569e-02 1.126626777594454988e-02 0.000000000000000000e+00 9.393260763211660560e+02 9.393260763211660560e+02 9.114351106331586152e+02
7.336655648176484412e-01 9.374367879744592074e+02 6.658648150944609370e+02 1.006450727280496643e-02 1.004768493604238540e-02 0.000000000000000000e+00 8.926573297597045666e+02 8.926573297597045666e+02 8.661520575451900186e+02
7.600329304819130050e-01 8.856858001989126024e+02 6.291385219587868960e+02 8.860683564540039123e-03 8.845873295575524750e-03 0.000000000000000000e+00 8.433837614272644032e+02 8.433837614272644032e+02 8.183415278568292024e+02
7.910071285003500430e-01 8.304183617590048243e+02 5.898828827284437466e+02 7.669913162734917113e-03 7.657093232189960200e-03 0.000000000000000000e+00 7.907565059415987889e+02 7.907565059415987889e+02 7.672768920470396097e+02
8.283548141303789247e-01 7.706941692839483267e+02 5.474770098373086284e+02 6.490942456679180128e-03 6.480093099341628811e-03 0.000000000000000000e+00 7.338879283517375143e+02 7.338879283517375143e+02 7.120968715704840406e+02
8.747859098714200199e-01 7.053777930945115031e+02 5.010879311060805321e+02 5.326968155862456256e-03 5.318064334158092640e-03 0.000000000000000000e+00 6.716924711461701918e+02 6.716924711461701918e+02 6.517481423432681140e+02
9.343879363827503060e-01 6.335036743576745266e+02 4.500424570304143117e+02 4.193350138161695828e-03 4.186341115286577701e-03 0.000000000000000000e+00 6.032527842226892290e+02 6.032527842226892290e+02 5.853405934895389464e+02
1.012688454011021255e+00 5.552653020146951803e+02 3.944751249374364193e+02 3.129106394891896514e-03 3.123876208695910636e-03 0.000000000000000000e+00 5.287526360005344941e+02 5.287526360005344941e+02 5.130525379727459949e+02
1.114919305540001293e+00 4.739081842613691151e+02 3.366895426753046650e+02 2.203355323410843836e-03 2.199672493165405820e-03 0.000000000000000000e+00 4.512822248811509098e+02 4.512822248811509098e+02 4.378824193412513637e+02
1.242146967141251279e+00 3.961996707213882019e+02 2.814915014616346980e+02 1.484058244420420006e-03 1.481577692181952795e-03 0.000000000000000000e+00 3.772854594433051716e+02 3.772854594433051716e+02 3.660828099580256207e+02
1.391351099188344431e+00 3.279042172829739457e+02 2.329771414612938543e+02 9.789530720040932974e-04 9.773167860842460822e-04 0.000000000000000000e+00 3.122517072683116908e+02 3.122517072683116908e+02 3.029800824775014689e+02
1.560699637115468663e+00 2.704203659845180141e+02 1.921405144354259562e+02 6.416438553989530684e-04 6.405713704513954065e-04 0.000000000000000000e+00 2.575128140588681163e+02 2.575128140588681163e+02 2.498665348851012595e+02
1.751082208977622345e+00 2.226737161440474893e+02 1.582198751768098930e+02 4.197142654718806032e-04 4.190127284353063427e-04 0.000000000000000000e+00 2.120459328431241488e+02 2.120459328431241488e+02 2.057496899303366149e+02
1.964742314066945772e+00 1.831516971790109380e+02 1.301408634162650060e+02 2.742216372704501170e-04 2.737632865354622962e-04 0.000000000000000000e+00 1.744107494654664663e+02 1.744107494654664663e+02 1.692319993836202343e+02
2.204476908906850774e+00 1.504909026758250263e+02 1.069357776562378035e+02 1.789801477846392327e-04 1.786809900158576952e-04 0.000000000000000000e+00 1.433091052312306601e+02 1.433091052312306601e+02 1.390538498493139627e+02
2.473463766461531765e+00 1.235344116936185230e+02 8.778282269876123678e+01 1.167040454842136035e-04 1.165089800529844492e-04 0.000000000000000000e+00 1.176393380285105650e+02 1.176393380285105650e+02 1.141462902281816412e+02
2.775271991873284883e+00 1.013130677447195751e+02 7.199379175945334453e+01 7.602675403721628593e-05 7.589967921204466639e-05 0.000000000000000000e+00 9.647861712028334580e+01 9.647861712028334580e+01 9.361389095226354584e+01
3.113906390587630746e+00 8.301558193524985541e+01 5.899233307724435349e+01 4.948382942063557374e-05 4.940112010093188874e-05 0.000000000000000000e+00 7.905439235809471654e+01 7.905439235809471654e+01 7.670704089378585877e+01
3.493860435208130166e+00 6.796599968071298292e+01 4.829851575689559695e+01 3.218087084345199698e-05 3.212708269614687908e-05 0.000000000000000000e+00 6.472303147152632619e+01 6.472303147152632619e+01 6.280121893569938152e+01
3.920175885059011822e+00 5.560000943850380395e+01 3.951130872162310226e+01 2.091139313250030201e-05 2.087644140096267070e-05 0.000000000000000000e+00 5.294714620729106969e+01 5.294714620729106969e+01 5.137499333679778601e+01
4.398509687145742753e+00 4.544954451547665997e+01 3.229835690893700928e+01 1.357811164804715387e-05 1.355541711466151567e-05 0.000000000000000000e+00 4.328104734083756711e+01 4.328104734083756711e+01 4.199590860892379141e+01
4.935209040403478298e+00 3.712490843957722575e+01 2.638266311496574446e+01 8.810011007876659771e-06 8.795286069449188837e-06 0.000000000000000000e+00 3.535362136401939637e+01 3.535362136401939637e+01 3.430387063371381373e+01
5.537395619170586869e+00 3.030363657692509705e+01 2.153513754099245148e+01 5.712241149977429648e-06 5.702693921433260657e-06 0.000000000000000000e+00 2.885780020426242487e+01 2.885780020426242487e+01 2.800092904881064015e+01
6.213060073480245471e+00 2.471942989113211553e+01 1.756671354478545410e+01 3.701268058189536749e-06 3.695082007560168351e-06 0.000000000000000000e+00 2.354001966202591234e+01 2.354001966202591234e+01 2.284104868981960834e+01
6.971168060131548216e+00 2.015133368637170008e+01 1.432031550675873710e+01 2.396710475268681658e-06 2.392704866173743875e-06 0.000000000000000000e+00 1.918985805192237137e+01 1.918985805192237137e+01 1.862005588683884127e+01
7.821779211508014917e+00 1.641747251612622449e+01 1.166675619688834864e+01 1.551018727014385282e-06 1.548426592023827223e-06 0.000000000000000000e+00 1.563412767883895427e+01 1.563412767883895427e+01 1.516990537962108121e+01
8.776180620787451758e+00 1.336738396328825118e+01 9.499038582402951292e+00 1.003124948283306952e-06 1.001448539900369611e-06 0.000000000000000000e+00 1.272953312578619567e+01 1.272953312578619567e+01 1.235155660063833594e+01
9.847036614810782851e+00 1.087798696196000314e+01 7.729818058533028946e+00 6.484166166594781859e-07 6.473330413653460958e-07 0.000000000000000000e+00 1.035888590609997628e+01 1.035888590609997628e+01 1.005130072430887722e+01
1.104855680200483192e+01 8.847385073779671316e+00 6.286629976536523223e+00 4.189056111974865762e-07 4.182056143641860596e-07 0.000000000000000000e+00 8.425142584397717016e+00 8.425142584397717016e+00 8.174975812744181169e+00
1.239668462525290593e+01 7.192079527248903759e+00 5.110144548131255071e+00 2.704889793826948168e-07 2.700370214353339544e-07 0.000000000000000000e+00 6.848789608872717594e+00 6.848789608872717594e+00 6.645429299527314981e+00
1.390930892169518174e+01 5.843618917190348760e+00 4.151739502076001287e+00 1.745697427350542102e-07 1.742780821516523556e-07 0.000000000000000000e+00 5.564645197000918309e+00 5.564645197000918309e+00 5.399414836419358821e+00
1.560650129672893627e+01 4.745797554407467089e+00 3.371475133351943931e+00 1.126123601612810935e-07 1.124242359025149224e-07 0.000000000000000000e+00 4.519185755057870679e+00 4.519185755057870679e+00 4.384998099027898277e+00
1.751078246201738864e+01 3.852452008298230979e+00 2.736522453002138811e+00 7.261069311919753251e-08 7.248941109280334188e-08 0.000000000000000000e+00 3.668446566344646609e+00 3.668446566344646609e+00 3.559519809544689828e+00
1.964742107165066898e+01 3.125676694081108042e+00 2.219901365344579158e+00 4.679386520832993248e-08 4.671571943397635709e-08 0.000000000000000000e+00 2.976323548191360580e+00 2.976323548191360580e+00 2.887947919425371879e+00
2.204476902183331077e+01 2.535014986284986005e+00 1.800048389604633092e+00 3.014410649462931911e-08 3.009377738751713304e-08 0.000000000000000000e+00 2.413826464302155639e+00 2.413826464302155639e+00 2.342152995959629003e+00
2.473463766332121594e+01 2.055050900753078391e+00 1.458856755923727766e+00 1.940951352634126405e-08 1.937711644939385227e-08 0.000000000000000000e+00 1.956744545671052826e+00 1.956744545671052826e+00 1.898643157610089949e+00
2.775271991871879607e+01 1.665421594996181254e+00 1.181900843259548806e+00 1.249336950335929140e-08 1.247252398722655197e-08 0.000000000000000000e+00 1.585693937282678156e+00 1.585693937282678156e+00 1.538610111865207575e+00
3.113906390587617423e+01 1.349058507428139375e+00 9.569951732978556613e-01 8.037826614133201221e-09 8.024421436877142645e-09 0.000000000000000000e+00 1.284411248353352075e+00 1.284411248353352075e+00 1.246273374884072638e+00
3.493860435208124926e+01 1.092305320399157287e+00 7.744442291918683940e-01 5.168812378419941012e-09 5.160197006876916054e-09 0.000000000000000000e+00 1.039893257030222617e+00 1.039893257030222617e+00 1.009015827951142974e+00
3.920175885059005338e+01 8.843599418360926778e-01 6.266438484424906585e-01 3.323557734430537423e-09 3.318022057762617229e-09 0.000000000000000000e+00 8.418651773248519987e-01 8.418651773248519987e-01 8.168677730939977177e-01
4.398509687145734404e+01 7.155120648759900615e-01 5.065712008957378165e-01 2.135472230965642454e-09 2.131918667335832695e-09 0.000000000000000000e+00 6.810598399695093619e-01 6.810598399695093619e-01 6.608372100194980225e-01
4.935209040403469061e+01 5.788592861810181178e-01 4.094199387873869167e-01 1.371929716651616546e-09 1.369649367463548472e-09 0.000000000000000000e+00 5.509204598872565750e-01 5.509204598872565750e-01 5.345620435056054331e-01
5.537395619170576566e+01 4.680714814747811703e-01 3.306321178168772912e-01 8.808851204128964264e-10 8.794230823850025381e-10 0.000000000000000000e+00 4.454091272682184632e-01 4.454091272682184632e-01 4.321836466953866696e-01
6.213060073480234280e+01 3.784196263820250317e-01 2.668794985490661742e-01 5.654468677987160131e-10 5.645100881192031853e-10 0.000000000000000000e+00 3.600277929369316010e-01 3.600277929369316010e-01 3.493375304653316138e-01
6.971168060131535071e+01 3.058072057063010996e-01 2.152294983791425420e-01 3.627656286996347011e-10 3.621660135595571245e-10 0.000000000000000000e+00 2.908718623517163593e-01 2.908718623517163593e-01 2.822350389456920738e-01
7.821779211508003016e+01 2.470745825698783538e-01 1.734505362400042827e-01 2.326517663491591574e-10 2.322683292721801886e-10 0.000000000000000000e+00 2.349347256057484901e-01 2.349347256057484901e-01 2.279588371490225418e-01
8.776180620787438613e+01 1.995451765045264669e-01 1.396317600334713305e-01 1.491217701323137673e-10 1.488768954459248011e-10 0.000000000000000000e+00 1.896660630565628336e-01 1.896660630565628336e-01 1.840343317778279086e-01
9.847036614810762956e+01 1.611390751145089506e-01 1.123039004020562476e-01 9.554934416471399864e-11 9.539316140178037926e-11 0.000000000000000000e+00 1.530866511391791585e-01 1.530866511391791585e-01 1.485410681232944008e-01
1.104855680200481487e+02 1.300062337683570435e-01 9.013371960931587656e-02 6.114913295781625787e-11 6.104975641430197875e-11 0.000000000000000000e+00 1.234316614265677237e-01 1.234316614265677237e-01 1.197666206033352054e-01
1.239668462525288106e+02 1.049182093928993365e-01 7.227523358852309954e-02 3.913201153287540754e-11 3.906887852546341358e-11 0.000000000000000000e+00 9.953571444860986883e-02 9.953571444860986883e-02 9.658021322645769791e-02
1.390930892169515687e+02 8.470466559768351222e-02 5.788974999098890628e-02 2.504159075128355869e-11 2.500156086534196321e-11 0.000000000000000000e+00 8.028315854668623130e-02 8.028315854668623130e-02 7.789932124917839373e-02
1.560650129672890500e+02 6.825492511747592583e-02 4.616619569596547290e-02 1.598511369300187879e-11 1.595985477176718432e-11 0.000000000000000000e+00 6.461271813397172215e-02 6.461271813397172215e-02 6.269418141445322334e-02
1.751078246201736022e+02 5.503219149022415407e-02 3.674869524041229213e-02 1.020341533119364639e-11 1.018752625961679955e-11 0.000000000000000000e+00 5.201742878236604445e-02 5.201742878236604445e-02 5.047288253245888617e-02
1.964742107165063771e+02 4.437955526441576815e-02 2.916348768108436781e-02 6.508882257067334739e-12 6.498931734643960470e-12 0.000000000000000000e+00 4.187058036794605309e-02 4.187058036794605309e-02 4.062732330893187305e-02
2.204476902183326388e+02 3.576312031680971976e-02 2.302930535773290571e-02 4.144944944502871413e-12 4.138753973221073960e-12 0.000000000000000000e+00 3.366344364978354764e-02 3.366344364978354764e-02 3.266388013920688838e-02
2.473463766332117473e+02 2.877647061100820775e-02 1.806125774949568843e-02 2.632447819944922080e-12 2.628629308263988580e-12 0.000000000000000000e+00 2.700964091387181645e-02 2.700964091387181645e-02 2.620764797585561912e-02
2.775271991871874206e+02 2.317149982519038642e-02 1.408462134101764324e-02 1.670663552664038865e-12 1.668328160243902614e-12 0.000000000000000000e+00 2.167316591735237927e-02 2.167316591735237927e-02 2.102962828302931339e-02
3.113906390587612805e+02 1.866921022508090042e-02 1.090027436984495474e-02 1.059071084478798212e-12 1.057658221061664810e-12 0.000000000000000000e+00 1.738819166188634510e-02 1.738819166188634510e-02 1.687188723079083991e-02
3.493860435208117678e+02 1.500574572553333569e-02 8.329650425337273290e-03 6.684799308888339369e-13 6.676389421025240708e-13 0.000000000000000000e+00 1.390492546281443809e-02 1.390492546281443809e-02 1.349204919557315911e-02
