    0.99961E-05    0.82292E-02
    0.11037E-04    0.90612E-02
    0.12187E-04    0.99773E-02
    0.13456E-04    0.10986E-01
    0.14858E-04    0.12097E-01
    0.16406E-04    0.13320E-01
    0.18114E-04    0.14666E-01
    0.20001E-04    0.16149E-01
    0.22085E-04    0.17782E-01
    0.24385E-04    0.19580E-01
    0.26925E-04    0.21559E-01
    0.29729E-04    0.23739E-01
    0.32826E-04    0.26139E-01
    0.36245E-04    0.28781E-01
    0.40021E-04    0.31691E-01
    0.44189E-04    0.34895E-01
    0.48792E-04    0.38423E-01
    0.53874E-04    0.42308E-01
    0.59486E-04    0.46585E-01
    0.65682E-04    0.51294E-01
    0.72523E-04    0.56480E-01
    0.80078E-04    0.62190E-01
    0.88418E-04    0.68477E-01
    0.97628E-04    0.75399E-01
    0.10780E-03    0.83021E-01
    0.11903E-03    0.91413E-01
    0.13142E-03    0.10065E+00
    0.14511E-03    0.11083E+00
    0.16023E-03    0.12203E+00
    0.17692E-03    0.13436E+00
    0.19534E-03    0.14794E+00
    0.21569E-03    0.16289E+00
    0.23816E-03    0.17935E+00
    0.26297E-03    0.19747E+00
    0.29036E-03    0.21742E+00
    0.32060E-03    0.23937E+00
    0.35399E-03    0.26354E+00
    0.39087E-03    0.29014E+00
    0.43158E-03    0.31942E+00
    0.47653E-03    0.35163E+00
    0.52617E-03    0.38708E+00
    0.58097E-03    0.42607E+00
    0.64149E-03    0.46895E+00
    0.70831E-03    0.51611E+00
    0.78208E-03    0.56795E+00
    0.86355E-03    0.62491E+00
    0.95350E-03    0.68748E+00
    0.10528E-02    0.75616E+00
    0.11625E-02    0.83151E+00
    0.12836E-02    0.91411E+00
    0.14173E-02    0.10046E+01
    0.15649E-02    0.11035E+01
    0.17279E-02    0.12116E+01
    0.19079E-02    0.13294E+01
    0.21066E-02    0.14576E+01
    0.23260E-02    0.15968E+01
    0.25683E-02    0.17474E+01
    0.28358E-02    0.19097E+01
    0.31312E-02    0.20840E+01
    0.34573E-02    0.22700E+01
    0.38174E-02    0.24675E+01
    0.42151E-02    0.26755E+01
    0.46541E-02    0.28927E+01
    0.51389E-02    0.31173E+01
    0.56741E-02    0.33469E+01
    0.62652E-02    0.35784E+01
    0.69178E-02    0.38083E+01
    0.76383E-02    0.40326E+01
    0.84339E-02    0.42469E+01
    0.93124E-02    0.44464E+01
    0.10282E-01    0.46261E+01
    0.11353E-01    0.47803E+01
    0.12536E-01    0.49028E+01
    0.13842E-01    0.49867E+01
    0.15284E-01    0.50252E+01
    0.16875E-01    0.50244E+01
    0.18633E-01    0.49573E+01
    0.20574E-01    0.48302E+01
    0.22717E-01    0.46320E+01
    0.25083E-01    0.43856E+01
    0.27696E-01    0.40988E+01
    0.30581E-01    0.37737E+01
    0.33766E-01    0.34322E+01
    0.37283E-01    0.31028E+01
    0.41167E-01    0.28043E+01
    0.45283E-01    0.25597E+01
    0.49400E-01    0.23825E+01
    0.53517E-01    0.22497E+01
    0.57633E-01    0.21421E+01
    0.61750E-01    0.20423E+01
    0.65867E-01    0.19380E+01
    0.69983E-01    0.18226E+01
    0.74100E-01    0.17004E+01
    0.78217E-01    0.15664E+01
    0.82334E-01    0.14319E+01
    0.86450E-01    0.13041E+01
    0.92595E-01    0.11391E+01
    0.98740E-01    0.10165E+01
    0.10489E+00    0.93590E+00
    0.11103E+00    0.88430E+00
    0.11718E+00    0.84484E+00
    0.12332E+00    0.80432E+00
    0.12947E+00    0.75474E+00
    0.13561E+00    0.69490E+00
    0.14176E+00    0.63064E+00
    0.14790E+00    0.57035E+00
    0.15405E+00    0.52010E+00
    0.16019E+00    0.48222E+00
    0.16634E+00    0.45572E+00
    0.17248E+00    0.43701E+00
    0.17863E+00    0.42127E+00
    0.18477E+00    0.40434E+00
    0.19092E+00    0.38396E+00
    0.19706E+00    0.36034E+00
    0.20321E+00    0.33554E+00
    0.20935E+00    0.31210E+00
    0.21550E+00    0.29185E+00
    0.22164E+00    0.27561E+00
    0.22779E+00    0.26318E+00
    0.23393E+00    0.25336E+00
    0.24008E+00    0.24456E+00
    0.24622E+00    0.23557E+00
    0.25237E+00    0.22577E+00
    0.25851E+00    0.21504E+00
    0.26466E+00    0.20388E+00
    0.27080E+00    0.19316E+00
    0.27695E+00    0.18355E+00
    0.28309E+00    0.17530E+00
    0.28924E+00    0.16835E+00
    0.29538E+00    0.16242E+00
    0.30153E+00    0.15701E+00
    0.30767E+00    0.15170E+00
    0.31382E+00    0.14625E+00
    0.31996E+00    0.14061E+00
    0.32611E+00    0.13491E+00
    0.33225E+00    0.12936E+00
    0.33840E+00    0.12418E+00
    0.34454E+00    0.11950E+00
    0.35069E+00    0.11532E+00
    0.35683E+00    0.11156E+00
    0.36298E+00    0.10807E+00
    0.36912E+00    0.10471E+00
    0.37527E+00    0.10139E+00
    0.38141E+00    0.98071E-01
    0.38756E+00    0.94783E-01
    0.39370E+00    0.91579E-01
    0.39985E+00    0.88524E-01
    0.40119E+00    0.87877E-01
    0.41479E+00    0.81942E-01
    0.42885E+00    0.76620E-01
    0.44339E+00    0.71531E-01
    0.45842E+00    0.66580E-01
    0.47395E+00    0.61974E-01
    0.49002E+00    0.57778E-01
    0.50663E+00    0.53838E-01
    0.52380E+00    0.50088E-01
    0.54155E+00    0.46597E-01
    0.55991E+00    0.43368E-01
    0.57889E+00    0.40334E-01
    0.59851E+00    0.37490E-01
    0.61880E+00    0.34849E-01
    0.63977E+00    0.32384E-01
    0.66146E+00    0.30080E-01
    0.68388E+00    0.27935E-01
    0.70706E+00    0.25936E-01
    0.73102E+00    0.24073E-01
    0.75580E+00    0.22338E-01
    0.78142E+00    0.20722E-01
    0.80790E+00    0.19218E-01
    0.83529E+00    0.17818E-01
    0.86360E+00    0.16517E-01
    0.89287E+00    0.15307E-01
    0.92314E+00    0.14182E-01
    0.95443E+00    0.13136E-01
    0.98678E+00    0.12165E-01
    0.10202E+01    0.11263E-01
    0.10548E+01    0.10425E-01
    0.10906E+01    0.96476E-02
    0.11275E+01    0.89261E-02
    0.11657E+01    0.82568E-02
    0.12053E+01    0.76361E-02
    0.12461E+01    0.70605E-02
    0.12883E+01    0.65269E-02
    0.13320E+01    0.60323E-02
    0.13772E+01    0.55741E-02
    0.14238E+01    0.51497E-02
    0.14721E+01    0.47567E-02
    0.15220E+01    0.43929E-02
    0.15736E+01    0.40560E-02
    0.16269E+01    0.37443E-02
    0.16821E+01    0.34560E-02
    0.17391E+01    0.31892E-02
    0.17980E+01    0.29425E-02
    0.18590E+01    0.27144E-02
    0.19220E+01    0.25036E-02
    0.19871E+01    0.23087E-02
    0.20545E+01    0.21286E-02
    0.21241E+01    0.19622E-02
    0.21961E+01    0.18086E-02
    0.22705E+01    0.16667E-02
    0.23475E+01    0.15357E-02
    0.24271E+01    0.14148E-02
    0.25093E+01    0.13032E-02
    0.25944E+01    0.12002E-02
    0.26823E+01    0.11052E-02
    0.27733E+01    0.10175E-02
    0.28673E+01    0.93668E-03
    0.29644E+01    0.86215E-03
    0.30649E+01    0.79343E-03
    0.31688E+01    0.73008E-03
    0.32762E+01    0.67170E-03
    0.33873E+01    0.61790E-03
    0.35021E+01    0.56833E-03
    0.36208E+01    0.52267E-03
    0.37435E+01    0.48062E-03
    0.38704E+01    0.44189E-03
    0.40016E+01    0.40623E-03
    0.41372E+01    0.37340E-03
    0.42774E+01    0.34318E-03
    0.44224E+01    0.31536E-03
    0.45723E+01    0.28977E-03
    0.47273E+01    0.26622E-03
    0.48875E+01    0.24456E-03
    0.50532E+01    0.22463E-03
    0.52245E+01    0.20630E-03
    0.54016E+01    0.18945E-03
    0.55846E+01    0.17395E-03
    0.57739E+01    0.15970E-03
    0.59697E+01    0.14661E-03
    0.61720E+01    0.13457E-03
    0.63812E+01    0.12351E-03
    0.65975E+01    0.11334E-03
    0.68211E+01    0.10400E-03
    0.70523E+01    0.95423E-04
    0.72913E+01    0.87543E-04
    0.75385E+01    0.80305E-04
    0.77940E+01    0.73658E-04
    0.80582E+01    0.67555E-04
    0.83313E+01    0.61951E-04
    0.86137E+01    0.56807E-04
    0.89057E+01    0.52085E-04
    0.92075E+01    0.47751E-04
    0.95196E+01    0.43774E-04
    0.98423E+01    0.40124E-04
    0.10176E+02    0.36775E-04
    0.10521E+02    0.33703E-04
    0.10877E+02    0.30884E-04
    0.11246E+02    0.28299E-04
    0.11627E+02    0.25928E-04
    0.12021E+02    0.23754E-04
    0.12429E+02    0.21760E-04
    0.12850E+02    0.19932E-04
    0.13286E+02    0.18256E-04
    0.13736E+02    0.16719E-04
    0.14202E+02    0.15311E-04
    0.14683E+02    0.14020E-04
    0.15181E+02    0.12837E-04
    0.15695E+02    0.11752E-04
    0.16227E+02    0.10759E-04
    0.16777E+02    0.98488E-05
    0.17346E+02    0.90149E-05
    0.17934E+02    0.82510E-05
    0.18542E+02    0.75512E-05
    0.19170E+02    0.69104E-05
    0.19820E+02    0.63234E-05
    0.20492E+02    0.57859E-05
    0.21186E+02    0.52936E-05
    0.21904E+02    0.48430E-05
    0.22647E+02    0.44303E-05
    0.23414E+02    0.40526E-05
    0.24208E+02    0.37068E-05
    0.25029E+02    0.33902E-05
    0.25877E+02    0.31005E-05
    0.26754E+02    0.28354E-05
    0.27661E+02    0.25928E-05
    0.28599E+02    0.23707E-05
    0.29568E+02    0.21676E-05
    0.30570E+02    0.19817E-05
    0.31606E+02    0.18116E-05
    0.32678E+02    0.16561E-05
    0.33785E+02    0.15138E-05
    0.34930E+02    0.13836E-05
    0.36114E+02    0.12646E-05
    0.37338E+02    0.11557E-05
    0.38604E+02    0.10561E-05
    0.39912E+02    0.96504E-06
    0.41265E+02    0.88179E-06
    0.42664E+02    0.80567E-06
    0.44110E+02    0.73607E-06
    0.45605E+02    0.67245E-06
    0.47151E+02    0.61428E-06
    0.48749E+02    0.56112E-06
    0.50402E+02    0.51252E-06
    0.52110E+02    0.46811E-06
    0.53876E+02    0.42752E-06
    0.55702E+02    0.39042E-06
    0.57590E+02    0.35652E-06
    0.59542E+02    0.32555E-06
    0.61561E+02    0.29724E-06
    0.63647E+02    0.27139E-06
    0.65805E+02    0.24776E-06
    0.68035E+02    0.22618E-06
    0.70341E+02    0.20647E-06
    0.72725E+02    0.18846E-06
    0.75190E+02    0.17201E-06
    0.77739E+02    0.15699E-06
    0.80374E+02    0.14327E-06
    0.83098E+02    0.13075E-06
    0.85915E+02    0.11930E-06
    0.88827E+02    0.10886E-06
    0.91838E+02    0.99319E-07
    0.94950E+02    0.90609E-07
    0.98169E+02    0.82658E-07
    0.10150E+03    0.75400E-07
    0.10494E+03    0.68773E-07
    0.10849E+03    0.62725E-07
    0.11217E+03    0.57204E-07
    0.11597E+03    0.52165E-07
    0.11990E+03    0.47567E-07
    0.12397E+03    0.43370E-07
    0.12817E+03    0.39540E-07
    0.13251E+03    0.36046E-07
    0.13701E+03    0.32857E-07
    0.14165E+03    0.29948E-07
    0.14645E+03    0.27294E-07
    0.15141E+03    0.24872E-07
    0.15655E+03    0.22664E-07
    0.16185E+03    0.20649E-07
    0.16734E+03    0.18812E-07
    0.17301E+03    0.17136E-07
    0.17888E+03    0.15607E-07
    0.18494E+03    0.14214E-07
    0.19121E+03    0.12943E-07
    0.19769E+03    0.11784E-07
    0.20439E+03    0.10728E-07
