1.700000
150.000000
6.000000e+00 0.000000e+00 0.000000e+00
5.939394e+00 6.044668e-04 1.540679e-18
5.878788e+00 1.279432e-03 2.129502e-18
5.818182e+00 2.034403e-03 2.559581e-18
5.757576e+00 2.880063e-03 2.961855e-18
5.696970e+00 3.828475e-03 3.361674e-18
5.636364e+00 4.893234e-03 3.773499e-18
5.575758e+00 6.089647e-03 4.223218e-18
5.515152e+00 7.435022e-03 4.696067e-18
5.454545e+00 8.948759e-03 5.213597e-18
5.393939e+00 1.065267e-02 5.769346e-18
5.333333e+00 1.257135e-02 6.366684e-18
5.272727e+00 1.473244e-02 7.037104e-18
5.212121e+00 1.716700e-02 7.749140e-18
5.151515e+00 1.990993e-02 8.538871e-18
5.090909e+00 2.300048e-02 9.390756e-18
5.030303e+00 2.648277e-02 1.031302e-17
4.969697e+00 3.040600e-02 1.134269e-17
4.909091e+00 3.482548e-02 1.244909e-17
4.848485e+00 3.980323e-02 1.366832e-17
4.787879e+00 4.540866e-02 1.499483e-17
4.727273e+00 5.171950e-02 1.642945e-17
4.666667e+00 5.882265e-02 1.803026e-17
4.606061e+00 6.681589e-02 1.975427e-17
4.545455e+00 7.580729e-02 2.164761e-17
4.484848e+00 8.591807e-02 2.373318e-17
4.424242e+00 9.728340e-02 2.599226e-17
4.363636e+00 1.100540e-01 2.852374e-17
4.303030e+00 1.243977e-01 3.125432e-17
4.242424e+00 1.405012e-01 3.427351e-17
4.181818e+00 1.585731e-01 3.764895e-17
4.121212e+00 1.788438e-01 4.132666e-17
4.060606e+00 2.015690e-01 4.548755e-17
4.000000e+00 2.270325e-01 5.007568e-17
3.939394e+00 2.555484e-01 5.518742e-17
3.878788e+00 2.874642e-01 6.107877e-17
3.818182e+00 3.231637e-01 6.765188e-17
3.757576e+00 3.630711e-01 7.527502e-17
3.696970e+00 4.076539e-01 8.400627e-17
3.636364e+00 4.574230e-01 9.418399e-17
3.575758e+00 5.129411e-01 1.064400e-16
3.515152e+00 5.748244e-01 1.210666e-16
3.454545e+00 6.437467e-01 1.392577e-16
3.393939e+00 7.204426e-01 1.621346e-16
3.333333e+00 8.057114e-01 1.920573e-16
3.272727e+00 9.004260e-01 2.331048e-16
3.212121e+00 1.000000e+00 2.905475e-16
3.151515e+00 1.000000e+00 2.521564e-16
3.090909e+00 1.000000e+00 2.240095e-16
3.030303e+00 1.000000e+00 2.051577e-16
2.969697e+00 1.000000e+00 1.920044e-16
2.909091e+00 1.000000e+00 1.824209e-16
2.848485e+00 1.000000e+00 1.751121e-16
2.787879e+00 1.000000e+00 1.692575e-16
