#File parameters for this input file: Emax = 150, alpha_q = 1.7, Clumping factor = 3, Simple linear history or QSO history = <__main__.LinearHistory object at 0x115ea4710>
#Units of heating rate (3rd column) are erg/s/cm^3 
1.700000 
150.000000 
4.000000e+00 -0.000000e+00 0.000000e+00 
3.985615e+00 1.198765e-02 1.648665e-33 
3.971281e+00 2.393219e-02 1.649839e-33 
3.956999e+00 3.583377e-02 3.235220e-33 
3.942769e+00 4.769255e-02 3.246617e-33 
3.928590e+00 5.950869e-02 3.255478e-33 
3.914461e+00 7.128233e-02 3.261897e-33 
3.900384e+00 8.301362e-02 3.265966e-33 
3.886357e+00 9.470273e-02 4.073241e-33 
3.872380e+00 1.063498e-01 4.080254e-33 
3.858454e+00 1.179550e-01 4.084650e-33 
3.844578e+00 1.295184e-01 4.086525e-33 
3.830752e+00 1.410403e-01 4.085970e-33 
3.816975e+00 1.525207e-01 4.083077e-33 
3.803248e+00 1.639599e-01 4.077931e-33 
3.789571e+00 1.753579e-01 4.486089e-33 
3.775942e+00 1.867149e-01 4.487642e-33 
3.762363e+00 1.980310e-01 4.479301e-33 
3.748832e+00 2.093065e-01 4.468757e-33 
3.735350e+00 2.205414e-01 4.456091e-33 
3.721917e+00 2.317360e-01 4.441381e-33 
3.708532e+00 2.428902e-01 4.424704e-33 
3.695195e+00 2.540044e-01 4.406131e-33 
3.681906e+00 2.650785e-01 4.385734e-33 
3.668665e+00 2.761129e-01 4.363581e-33 
3.655471e+00 2.871076e-01 4.339737e-33 
3.642325e+00 2.980627e-01 4.515927e-33 
3.629226e+00 3.089784e-01 4.489262e-33 
3.616174e+00 3.198549e-01 4.460947e-33 
3.603169e+00 3.306922e-01 4.431042e-33 
3.590211e+00 3.414906e-01 4.399606e-33 
3.577300e+00 3.522502e-01 4.366696e-33 
3.564435e+00 3.629710e-01 4.350083e-33 
3.551616e+00 3.736533e-01 4.314828e-33 
3.538843e+00 3.842972e-01 4.278249e-33 
3.526117e+00 3.949028e-01 4.240395e-33 
3.513436e+00 4.054703e-01 4.201528e-33 
3.500800e+00 4.159997e-01 4.161274e-33 
3.488210e+00 4.264913e-01 4.119877e-33 
3.475666e+00 4.369452e-01 4.174874e-33 
3.463166e+00 4.473615e-01 4.131030e-33 
3.450712e+00 4.577403e-01 4.086086e-33 
3.438302e+00 4.680817e-01 4.040083e-33 
3.425937e+00 4.783860e-01 3.993052e-33 
3.413616e+00 4.886533e-01 3.945029e-33 
3.401340e+00 4.988836e-01 3.896044e-33 
3.389107e+00 5.090771e-01 3.846128e-33 
3.376919e+00 5.192340e-01 3.795310e-33 
3.364775e+00 5.293543e-01 3.743616e-33 
3.352674e+00 5.394382e-01 3.691072e-33 
3.340617e+00 5.494859e-01 3.637700e-33 
3.328603e+00 5.594974e-01 3.583524e-33 
3.316632e+00 5.694730e-01 3.529626e-33 
3.304705e+00 5.794126e-01 3.473916e-33 
3.292820e+00 5.893165e-01 3.417455e-33 
3.280978e+00 5.991848e-01 3.360067e-33 
3.269179e+00 6.090176e-01 3.302141e-33 
3.257422e+00 6.188151e-01 3.291598e-33 
3.245707e+00 6.285773e-01 3.231853e-33 
3.234035e+00 6.383044e-01 3.171320e-33 
3.222404e+00 6.479965e-01 3.110063e-33 
3.210815e+00 6.576538e-01 3.048052e-33 
3.199268e+00 6.672763e-01 2.985370e-33 
3.187763e+00 6.768642e-01 2.921977e-33 
3.176299e+00 6.864177e-01 2.857874e-33 
3.164876e+00 6.959368e-01 2.793061e-33 
3.153494e+00 7.054216e-01 2.727534e-33 
3.142153e+00 7.148724e-01 2.661288e-33 
3.130853e+00 7.242891e-01 2.594316e-33 
3.119594e+00 7.336720e-01 2.526611e-33 
3.108375e+00 7.430212e-01 2.458159e-33 
3.097196e+00 7.523367e-01 2.388950e-33 
3.086058e+00 7.616187e-01 2.318966e-33 
3.074959e+00 7.708674e-01 2.248420e-33 
3.063901e+00 7.800827e-01 2.176605e-33 
3.052882e+00 7.892650e-01 2.104184e-33 
3.041903e+00 7.984142e-01 2.030905e-33 
3.030963e+00 8.075305e-01 1.956740e-33 
3.020063e+00 8.166140e-01 1.880918e-33 
3.009202e+00 8.256649e-01 1.817502e-33 
2.998380e+00 8.346832e-01 1.739995e-33 
2.987597e+00 8.436691e-01 1.661448e-33 
2.976853e+00 8.526227e-01 1.582188e-33 
2.966147e+00 8.615440e-01 1.501067e-33 
2.955480e+00 8.704333e-01 1.419128e-33 
2.944851e+00 8.792906e-01 1.335954e-33 
2.934261e+00 8.881161e-01 1.251680e-33 
2.923708e+00 8.969098e-01 1.165670e-33 
2.913194e+00 9.056719e-01 1.078433e-33 
2.902717e+00 9.144025e-01 9.896988e-34 
2.892278e+00 9.231017e-01 8.993929e-34 
2.881876e+00 9.317696e-01 8.074323e-34 
2.871512e+00 9.404063e-01 7.137278e-34 
2.861186e+00 9.490120e-01 6.181835e-34 
2.850896e+00 9.575867e-01 5.211204e-34 
2.840643e+00 9.661306e-01 4.215065e-34 
2.830427e+00 9.746438e-01 3.197181e-34 
2.820248e+00 9.831263e-01 2.156285e-34 
2.810106e+00 9.915784e-01 1.091043e-34 
2.800000e+00 1.000000e+00 0.000000e+00 
