0.000000000000000000e+00 6.060000000000000179e-14 3.030000000000000090e-14 1.099999999999999928e-15 3.652962695424000621e-25 3.989419785792000249e-25 3.332527371264000532e-26
1.040844351445357682e-02 6.721083209594782665e-14 3.380992163956520970e-14 1.210356804737990690e-15 4.076821249794159191e-25 4.445918205571937370e-25 3.672845989403108471e-26
2.081688702890715365e-02 7.442771715433510043e-14 3.766484745589506636e-14 1.325810222107454827e-15 4.525201380459679202e-25 4.928042333671754101e-25 4.026245853221357019e-26
3.130210300032945647e-02 8.228738560379617478e-14 4.179989803950746861e-14 1.454916867292940534e-15 5.007032354551264249e-25 5.455371936023875615e-25 4.410406493665705792e-26
4.178731897175176624e-02 9.097423267176728771e-14 4.638767532802323339e-14 1.596311478991318693e-15 5.538707855803951902e-25 6.037963510318319286e-25 4.830397143175954648e-26
5.218465159995744340e-02 1.001447993333815835e-13 5.138381177936707117e-14 1.744896209017660807e-15 6.112381291093607068e-25 6.672254187336408782e-25 5.283625474111369310e-26
6.258198422816312056e-02 1.102402364015812944e-13 5.691768550544227148e-14 1.907205778897235221e-15 6.745438820942706995e-25 7.373317382044520328e-25 5.779410389592608550e-26
7.286306368560768743e-02 1.216857938908771834e-13 6.292108300072070244e-14 2.080015107228264947e-15 7.434598176518432611e-25 8.138445096946037280e-25 6.310455357013238260e-26
8.314414314305226816e-02 1.343172687132943558e-13 6.955622400852792136e-14 2.268357127373173026e-15 8.193066716357982064e-25 8.981755390096686620e-25 6.889373865992533744e-26
9.364484684853020824e-02 1.472527335525573662e-13 7.671536013896849122e-14 2.474806748611302150e-15 9.006999074812383127e-25 9.887218337134652863e-25 7.506497735635930321e-26
1.041455505540081483e-01 1.614324340310461102e-13 8.460960006842405440e-14 2.700021488425972197e-15 9.900719468802463232e-25 1.088265190924305903e-24 8.178046935220790851e-26
1.144878499839336594e-01 1.772282020212722350e-13 9.302615427961277696e-14 2.940404343442605381e-15 1.086119577025551276e-24 1.195023326814451512e-24 8.888564913480946618e-26
1.248301494138591844e-01 1.945644921791397901e-13 1.022776668484688615e-13 3.201887412989386549e-15 1.191280743805547889e-24 1.312024697003307039e-24 9.659519566603024661e-26
1.353239319528433959e-01 2.123513659641323176e-13 1.123306501412755936e-13 3.481114246306526719e-15 1.302983248052946923e-24 1.436737503558015833e-24 1.048664672912935136e-25
1.458177144918276213e-01 2.317561529380342248e-13 1.233664807396140087e-13 3.784421583059743534e-15 1.424908636762528467e-24 1.573170402414405245e-24 1.138325224245106741e-25
1.562718850359396672e-01 2.529094771184634989e-13 1.344306038292941917e-13 4.102800068969770847e-15 1.552376534280349110e-24 1.721753701061314450e-24 1.231383149300554946e-25
1.667260555800517130e-01 2.759911437923913123e-13 1.464851577633015818e-13 4.447634056685576563e-15 1.690972923982510289e-24 1.883982045936021908e-24 1.331843052494778537e-25
1.771233882082574040e-01 2.996321632121264162e-13 1.599411333263044145e-13 4.805445737132277613e-15 1.837891518489578472e-24 2.046665423023167589e-24 1.437408626564532931e-25
1.875207208364630673e-01 3.252955797968230051e-13 1.746298098467138303e-13 5.191785731429146052e-15 1.997501023753769028e-24 2.222975688065223781e-24 1.551140684364282183e-25
1.978466237517923776e-01 3.528233186259647139e-13 1.895886143748530581e-13 5.593975061004128756e-15 2.167880916938747803e-24 2.409046565706920095e-24 1.665799522735021654e-25
2.081725266671216878e-01 3.826681033845851592e-13 2.058158261760004793e-13 6.026546635440402796e-15 2.352209812652393320e-24 2.610149159178170928e-24 1.788590578949857428e-25
2.186711146031113107e-01 4.127401233839642759e-13 2.222818244866023873e-13 6.464094003654509132e-15 2.538995821899980821e-24 2.820002621169476775e-24 1.921000810163294549e-25
2.291697025391009335e-01 4.451615882126016090e-13 2.400569165680511030e-13 6.933034209619867455e-15 2.740221206989638032e-24 3.046404390787001643e-24 2.062886906951749995e-25
2.395507295866479147e-01 4.791646520700652327e-13 2.584969741771936197e-13 7.410716251040779427e-15 2.950649566633360519e-24 3.280295885389897702e-24 2.196589964691690417e-25
2.499317566341949237e-01 5.157525525678880597e-13 2.783482205055235380e-13 7.920589842777612791e-15 3.176562099880585366e-24 3.531266077653234151e-24 2.338330491909478946e-25
2.603052963894506577e-01 5.523361906638981576e-13 2.987845369726511642e-13 8.424559551548404439e-15 3.403513691365448484e-24 3.781804604961646552e-24 2.487402565800194218e-25
2.706788361447063918e-01 5.914955481136771261e-13 3.207103921687583591e-13 8.959718648345169225e-15 3.645718741717027834e-24 4.049174189556881104e-24 2.645542475082447107e-25
2.811348309013537161e-01 6.311253173660341221e-13 3.422157753983039888e-13 9.480457180591778943e-15 3.881936432745081408e-24 4.316517569345475405e-24 2.795900148833144117e-25
2.915908256580010960e-01 6.733998104423104066e-13 3.651519256809740307e-13 1.003066131330923535e-14 4.132615205608393038e-24 4.600509814576855887e-24 2.953812181450054183e-25
3.016723433568776480e-01 7.146686010720218560e-13 3.872432553582378422e-13 1.053934522274853461e-14 4.384760788009237121e-24 4.876711841375384377e-24 3.097085634741628521e-25
3.117538610557542555e-01 7.584332469014140284e-13 4.106512406453052861e-13 1.107176548748962970e-14 4.651068266345387370e-24 5.167882451181896614e-24 3.246074986742027599e-25
3.220961604856797944e-01 8.004232261063661660e-13 4.333404184611764785e-13 1.152003569743562236e-14 4.905113863993087361e-24 5.445866903088276552e-24 3.382237461628725599e-25
3.324384599156053333e-01 8.446754143550067154e-13 4.572482580026567760e-13 1.198463722804060631e-14 5.171259277044134803e-24 5.736531994228799648e-24 3.522772603444059011e-25
3.432734495315030721e-01 8.864159243788155759e-13 4.795779216201713958e-13 1.238607948277122931e-14 5.426782574322097533e-24 6.001034602203841248e-24 3.644200569190343920e-25
3.541084391474008664e-01 9.301668813851631304e-13 5.029607753478176867e-13 1.279835616888312034e-14 5.692996145571918579e-24 6.275156520935273048e-24 3.767905788815535408e-25
3.644283925787523692e-01 9.692021455677299773e-13 5.229716597382398171e-13 1.305394115256365502e-14 5.925967712727042694e-24 6.508926123539530776e-24 3.850405946836286125e-25
3.747483460101038721e-01 1.009787319411693346e-12 5.437230799088121529e-13 1.331044042567086400e-14 6.166173228349029117e-24 6.748784716931880545e-24 3.932143603101555498e-25
3.854738465529201075e-01 1.045112951256725310e-12 5.613784589925728511e-13 1.336731479414470971e-14 6.369488214933521005e-24 6.944905674371856047e-24 3.959585314131759614e-25
3.961993470957363428e-01 1.081650289519322465e-12 5.795812112571044159e-13 1.342084561262241696e-14 6.619116531953939075e-24 7.189455062614394486e-24 4.010019340458251443e-25
4.064199272170087029e-01 1.112186573144193004e-12 5.933577019017821274e-13 1.327505297020570543e-14 6.740671699328066746e-24 7.284292645599916934e-24 3.962835363681279903e-25
4.166405073382810076e-01 1.143535088152090129e-12 6.074287332844131969e-13 1.312786257770304355e-14 6.906632248180992164e-24 7.425016743604734690e-24 3.938902569577605848e-25
4.271955350793344985e-01 1.164379938577886916e-12 6.168216372703276557e-13 1.282803299040930341e-14 7.039526072191237719e-24 7.510747321301737400e-24 3.860189145700092811e-25
4.377505628203879895e-01 1.185529276883296267e-12 6.263145530275431262e-13 1.253068577990761578e-14 7.172372457701164948e-24 7.593929330117577680e-24 3.780244237846371916e-25
4.478162297771901557e-01 1.201448153851298040e-12 6.317379110034271105e-13 1.207353912444094090e-14 7.257090707324121329e-24 7.614722015598735455e-24 3.659219116472939420e-25
4.578818967339923773e-01 1.217502082710772085e-12 6.371585717603241781e-13 1.162942026578214563e-14 7.337473957652666044e-24 7.629400232348604491e-24 3.538391315723811342e-25
4.682241961639178607e-01 1.223496794622703167e-12 6.370797996081562369e-13 1.106469246547454627e-14 7.368685472100477941e-24 7.579743835794105941e-24 3.375794290818945674e-25
4.785664955938433440e-01 1.229500143763004107e-12 6.369689672655787216e-13 1.052026038247568476e-14 7.438757656069553584e-24 7.568803808022909570e-24 3.236061191602903608e-25
4.891267891061236162e-01 1.230433542588568005e-12 6.317955027003468831e-13 9.746102197471908212e-15 7.343970033622643030e-24 7.359019526433477792e-24 2.988677440454184515e-25
4.996870826184038328e-01 1.231434094532252422e-12 6.266629005229197488e-13 9.021111205025330473e-15 7.342370082493983770e-24 7.244147987048986499e-24 2.792812172356928089e-25
5.104125831612200681e-01 1.227412583450219845e-12 6.163858375844584345e-13 8.122209488510595104e-15 7.266412607895584099e-24 7.028150834826216264e-24 2.537801491197626794e-25
5.211380837040362479e-01 1.223368732349378510e-12 6.062293106417854441e-13 7.293881668233808080e-15 7.171219325402866434e-24 6.797617777009866651e-24 2.296043747164899553e-25
5.313586638253086081e-01 1.209068149323874522e-12 5.912362111422903073e-13 6.238239882820928137e-15 7.140861750576896634e-24 6.595659741885109914e-24 2.019538685492396811e-25
5.415792439465809682e-01 1.194833410627340257e-12 5.765391238915948265e-13 5.297751453818901956e-15 7.106935220021720134e-24 6.393912737492574999e-24 1.770410315833311311e-25
5.519360542015278037e-01 1.170029769816627470e-12 5.583018715273254712e-13 4.072089224199420971e-15 6.696243174806560795e-24 5.826603763302133567e-24 1.380864950697115487e-25
5.622928644564746392e-01 1.145934836311058642e-12 5.406351961962648452e-13 3.032643741118756646e-15 6.803574162903122239e-24 5.724741420586177047e-24 1.156805330459641599e-25
5.727458192125487457e-01 1.121110915774973216e-12 5.218127764830917844e-13 1.771589898031241296e-15 6.604250798126812624e-24 5.346830339264986429e-24 8.122728744388332388e-26
5.831987739686227412e-01 1.097119174388743216e-12 5.037059368315773380e-13 9.181477881997501360e-16 6.378481371793920453e-24 4.970472209148890957e-24 5.652211661740061898e-26
5.937124135265463565e-01 1.073304530823159730e-12 4.878977672260842038e-13 3.982717606439999511e-16 6.156470759269659094e-24 4.690605099058570809e-24 3.793581103890268003e-26
6.042260530844699717e-01 1.050296573402310865e-12 4.728384403436530143e-13 1.962530483549630142e-16 5.917182848530115191e-24 4.410711726486920482e-24 2.539648580379949996e-26
6.142540744600690772e-01 1.025703758333902939e-12 4.593008920667363075e-13 1.212260986477394057e-16 5.713133396183418328e-24 4.201542181714490309e-24 1.895603065343401281e-26
6.242820958356682937e-01 1.001192894251385302e-12 4.459842272089798173e-13 8.555204367635482435e-17 5.506485980966933977e-24 3.996901951650129757e-24 1.419588047208035767e-26
6.348521825923800765e-01 9.768035914152494930e-13 4.341882157265165996e-13 6.507892352514817666e-17 5.318036840319576165e-24 3.835771792199679308e-24 1.162492096807611890e-26
6.454222693490918594e-01 9.524433818808248401e-13 4.225002875143017644e-13 5.192984833614834939e-17 5.128163697998688106e-24 3.676115786411127388e-24 9.537030095322787838e-27
6.559701249519863664e-01 9.294805721185241338e-13 4.128601418375438350e-13 4.293180960214493847e-17 4.967913977473493102e-24 3.535801008697409556e-24 8.078021069601439921e-27
6.665179805548808734e-01 9.063960471063178424e-13 4.031824421105808876e-13 3.627107579419981664e-17 4.818449238566674689e-24 3.405471058825767115e-24 6.856928140450218297e-27
6.770234708847575611e-01 8.852891236323665726e-13 3.951250669633415094e-13 3.115879347260639241e-17 4.683612970234853921e-24 3.310989592301730035e-24 5.890631619710296218e-27
6.875289612146343599e-01 8.641016573164324775e-13 3.870084210184654634e-13 2.704387910856844662e-17 4.558939995668124205e-24 3.224424464991117076e-24 5.068878205121185472e-27
6.979749306746736437e-01 8.456884069867400378e-13 3.811516435630108711e-13 2.364827225483903383e-17 4.461892969600824524e-24 3.163742143389084469e-24 4.390221812430098450e-27
7.084209001347128165e-01 8.273166625370028470e-13 3.752522926965109738e-13 2.074204756465796122e-17 4.376471432763222803e-24 3.111289924459116146e-24 3.810464465747514137e-27
7.187928449137414022e-01 8.121090249810913727e-13 3.717722334525615100e-13 1.821629218294575708e-17 4.312099988443688593e-24 3.078095975895977729e-24 3.314020941541648289e-27
7.291647896927699879e-01 7.971024443683900108e-13 3.683000513991973969e-13 1.595677796366314044e-17 4.255181904485367353e-24 3.050218253941189941e-24 2.885196214364387095e-27
7.394505526309155252e-01 7.850524336409599687e-13 3.668513980440217304e-13 1.397050637824292965e-17 4.227376877780687829e-24 3.049487250373859433e-24 2.492396346515309341e-27
7.497363155690610625e-01 7.733288273247316639e-13 3.654731427199525385e-13 1.223971954714635074e-17 4.208512323756630184e-24 3.055073412393343829e-24 2.156084225755078905e-27
7.599258051780812817e-01 7.648288819262198922e-13 3.657017486878539534e-13 1.073971040921658223e-17 4.219538128523332118e-24 3.074254437879835189e-24 1.861850681983238134e-27
7.701152947871016119e-01 7.567227826757028571e-13 3.660605969206615396e-13 9.424026151946022352e-18 4.237277389105183670e-24 3.098551276504758179e-24 1.609868141234788826e-27
7.805518849379586843e-01 7.489006089010356247e-13 3.665508169415874993e-13 8.229588839932748798e-18 4.254021609484578391e-24 3.134981955293964704e-24 1.386773287067795052e-27
7.909884750888158678e-01 7.414765357152735226e-13 3.671602889133357559e-13 7.156247971702770633e-18 4.271478457420367598e-24 3.172213320271164857e-24 1.195022583914316304e-27
8.016165859445925079e-01 7.292765369321294215e-13 3.628988497065030417e-13 6.161536075576744359e-18 4.249979125211802056e-24 3.164147938290916196e-24 1.025631703406813127e-27
8.122446968003692591e-01 7.173603174579917117e-13 3.586559889796677525e-13 5.241336239700491441e-18 4.216293969482154154e-24 3.145180343195381956e-24 8.791655364679871547e-28
8.226959043565771346e-01 6.649556076584330317e-13 3.280987553567291251e-13 4.382006444975100822e-18 3.921930290669031596e-24 2.884588791881533630e-24 7.498007506622218109e-28
8.331471119127851210e-01 6.091115848724041621e-13 2.966067687726491059e-13 3.542023085512809906e-18 3.421942511262133759e-24 2.508758809018071898e-24 6.368941828787846773e-28
8.434226618444797818e-01 4.136247736561183227e-14 3.157210720492914757e-14 2.733408182809546477e-18 3.306212890730943190e-25 3.699067846719442049e-25 5.395986101241061537e-28
8.536982117761743316e-01 1.756581951486127252e-15 2.648402764478442342e-15 1.955627087293723567e-18 3.289955442798065797e-26 5.624939580832620896e-26 4.782069313134015898e-28
8.640900147378203222e-01 4.699491295560368065e-16 7.947608604881644473e-16 1.334018412081730034e-18 1.574243314865344316e-26 2.723819377956276024e-26 3.513582277343278936e-28
8.744818176994664238e-01 2.122835181735505457e-16 3.532206814271696537e-16 9.496944772974773845e-19 7.330170790116207566e-27 1.271452329535097017e-26 2.392252619779322022e-28
8.849521818694371378e-01 1.332109539520448053e-16 2.174541604175956526e-16 6.941200050559718871e-19 4.553579960718384470e-27 7.892264848600667897e-27 1.634167602683770543e-28
8.954225460394078517e-01 9.613632526230948045e-17 1.543796108010669522e-16 5.165039808226210245e-19 2.917638689905547317e-27 5.051884429144536483e-27 1.138500172313136908e-28
9.059382472946664322e-01 7.538040321677222518e-17 1.195762339706188314e-16 3.879666033197308268e-19 2.192758024832362100e-27 3.775678543233786047e-27 8.048414835244249125e-29
9.164539485499251237e-01 6.168270110767598859e-17 9.675400412405587720e-17 2.926174519370258533e-19 1.678683488173202152e-27 2.874295502642779457e-27 5.764853820968091138e-29
9.267350280073696212e-01 5.220160679955180529e-17 8.111912396242041893e-17 2.227569289140657970e-19 1.367847999717609445e-27 2.334620692163317557e-27 4.146906689469428861e-29
9.370161074648142296e-01 4.500246644116340345e-17 6.938880023404987692e-17 1.701683843293224937e-19 1.114618357747938864e-27 1.896518408734789197e-27 2.975634666227718871e-29
9.473116972624546772e-01 3.933862971141530020e-17 6.023674710614789340e-17 1.304797203591240797e-19 9.389988164041210215e-28 1.593952183314624502e-27 2.128198922571746111e-29
9.576072870600952358e-01 3.475543947605060888e-17 5.285363404288833600e-17 1.007129286962409061e-19 7.930577448931759777e-28 1.343169726036184769e-27 1.523602587988145857e-29
9.681221177222847363e-01 3.085858478815401665e-17 4.660174307879336206e-17 7.792787526923276827e-20 6.839447526279819830e-28 1.158568362964838930e-27 1.089659629310627337e-29
9.786369483844743478e-01 2.753658329360064229e-17 4.129382273281589993e-17 6.095849888623471750e-20 5.864607965945615989e-28 9.937173139127340563e-28 7.742529494388350918e-30
9.891012183052283468e-01 2.466361510487422467e-17 3.673254920684442920e-17 4.833035827898237927e-20 5.092133863464223772e-28 8.645800765359753968e-28 5.532256941627026676e-30
9.995654882259823459e-01 2.214311841595556486e-17 3.275920439326938044e-17 3.889655535048424879e-20 4.436938242288894201e-28 7.548987085654504807e-28 3.966142908208835432e-30
1.009963385436845051e+00 1.991903191114044570e-17 2.927906253599905177e-17 3.185956163700725275e-20 3.899262689561659866e-28 6.646747929269307897e-28 2.885990893753990889e-30
1.020361282647707757e+00 1.792131200941690441e-17 2.617657661052534751e-17 2.654684916371286983e-20 3.432204199060076316e-28 5.861807594201094429e-28 2.104178952158925668e-30
1.030679487535599126e+00 1.612463756910270602e-17 2.340821670302717175e-17 2.251599872505161555e-20 3.030180510333766655e-28 5.190242575540461416e-28 1.565939725797976542e-30
1.040997692423490495e+00 1.447819536720911366e-17 2.089267291236907728e-17 1.936572299408399432e-20 2.676646686011033510e-28 4.598030010351341931e-28 1.166960199878619713e-30
1.050847766388551152e+00 1.303448300824988277e-17 1.870153912296245451e-17 1.696570363518549120e-20 2.383958711622498326e-28 4.102671528856703434e-28 9.011555133982641683e-31
1.060697840353611809e+00 1.170502681942639041e-17 1.669380588482088737e-17 1.498282934225290931e-20 2.126810402520789574e-28 3.666705837547285312e-28 6.982233516357913128e-31
1.071741605335030822e+00 1.032103600028461254e-17 1.461896677352954165e-17 1.307797225584308732e-20 1.887814715067561790e-28 3.262231913979003629e-28 5.540120140900934590e-31
1.082785370316450058e+00 9.024331009898539674e-18 1.269397314537854423e-17 1.135596381246611929e-20 1.677838403259568964e-28 2.906058428489335639e-28 4.408627337137400653e-31
1.093294545636203541e+00 7.869006908883166498e-18 1.099626705103564719e-17 9.875137202160938585e-21 1.492048381774112928e-28 2.587029783507066019e-28 3.588742857734774686e-31
1.103803720955956802e+00 6.787959749959121383e-18 9.424458248888602999e-18 8.536731702639398431e-21 1.327048545840440544e-28 2.303168782058940923e-28 2.923776562948157001e-31
1.113827680961521294e+00 5.823898366076337742e-18 8.036581037157728400e-18 7.367835419310762433e-21 1.186740442365017871e-28 2.056187446273154327e-28 2.426442233420060948e-31
1.123851640967085785e+00 4.924826458253318679e-18 6.754149533655853662e-18 6.281583184638068544e-21 1.063139838731744851e-28 1.838934860866766835e-28 2.018675975563694499e-31
1.134989838322661981e+00 3.991511131123269371e-18 5.436399316072966999e-18 5.145131856750312679e-21 9.484021622508989157e-29 1.642308726004744247e-28 1.687787066155705671e-31
1.146128035678237955e+00 3.119355518706069807e-18 4.218968374285650512e-18 4.060448013483325638e-21 8.465173342470133232e-29 1.467599306641330150e-28 1.412205695924731348e-31
1.156722685213206869e+00 2.352786741832972957e-18 3.160743979226855444e-18 3.089455296135204028e-21 7.630523294460966683e-29 1.323293568215227039e-28 1.186498516460390183e-31
1.167317334748176005e+00 1.657108713494981661e-18 2.210752528051523526e-18 2.195155110908349782e-21 6.938124609662748837e-29 1.203470549107282154e-28 1.004986601090773408e-31
1.177419027792319550e+00 1.070758718075721905e-18 1.418555498440839017e-18 1.429350878261932076e-21 6.421638108514544457e-29 1.111343726576164045e-28 8.588168763408464861e-32
1.187520720836463095e+00 5.752331660602370185e-19 7.562931267373562293e-19 7.713918333349456207e-22 6.127627109678204541e-29 1.058063180313952403e-28 7.557042873148668297e-32
1.197173298434156319e+00 2.081887197183683340e-19 2.714473114597138714e-19 2.786087006957738247e-22 6.053308166043160564e-29 1.046099659251008779e-28 6.695016929097463174e-32
1.206825876031849765e+00 1.799780671884724857e-23 2.355101373600225466e-23 4.862564067083750076e-26 1.919320901738108990e-29 3.319734590499281440e-29 1.913800055374695675e-32
