0.0   3.6198e-14   1.19064e-14   2.84229e-16   2.02743e-25   1.26962e-25   8.77477e-27
0.00860017176191757   3.98594e-14   1.34219e-14   3.11418e-16   2.24932e-25   1.42082e-25   9.54325e-27
0.01703333929878037   4.39024e-14   1.50718e-14   3.40796e-16   2.491e-25   1.58671e-25   1.03682e-26
0.02530586526477026   4.81265e-14   1.69151e-14   3.72429e-16   2.74954e-25   1.76898e-25   1.12504e-26
0.03342375548694973   5.27003e-14   1.89277e-14   4.0648e-16   3.02845e-25   1.96873e-25   1.21944e-26
0.04139268515822508   5.75863e-14   2.11153e-14   4.43129e-16   3.32706e-25   2.18614e-25   1.32035e-26
0.04921802267018165   6.27582e-14   2.34797e-14   4.82495e-16   3.64279e-25   2.42243e-25   1.42796e-26
0.05690485133647264   6.83117e-14   2.60525e-14   5.24741e-16   3.98489e-25   2.67971e-25   1.54275e-26
0.06445798922691845   7.42076e-14   2.87754e-14   5.69918e-16   4.34576e-25   2.95743e-25   1.66482e-26
0.07188200730612536   8.04792e-14   3.18045e-14   6.18289e-16   4.73754e-25   3.26001e-25   1.7947e-26
0.07918124604762482   8.70668e-14   3.49964e-14   6.69966e-16   5.14745e-25   3.5851e-25   1.93254e-26
0.08635983067474821   9.42001e-14   3.83837e-14   7.25082e-16   5.58459e-25   3.93449e-25   2.0788e-26
0.09342168516223506   1.01495e-13   4.2025e-14   7.83789e-16   6.04213e-25   4.30967e-25   2.2337e-26
0.10037054511756291   1.0923e-13   4.5966e-14   8.46183e-16   6.52583e-25   4.7139e-25   2.39723e-26
0.10720996964786837   1.1767e-13   5.0122e-14   9.12596e-16   7.0459e-25   5.14366e-25   2.57033e-26
0.11394335230683679   1.26455e-13   5.45129e-14   9.82886e-16   7.5914e-25   5.60399e-25   2.75275e-26
0.12057393120584989   1.35415e-13   5.9106e-14   1.05731e-15   8.15969e-25   6.09053e-25   2.94482e-26
0.12710479836480765   1.44853e-13   6.40448e-14   1.13607e-15   8.7562e-25   6.61086e-25   3.14694e-26
0.13353890837021748   1.54964e-13   6.92383e-14   1.21912e-15   9.38419e-25   7.16256e-25   3.35883e-26
0.13987908640123647   1.65642e-13   7.46266e-14   1.30683e-15   1.00414e-24   7.74422e-25   3.58147e-26
0.146128035678238   1.76673e-13   8.03395e-14   1.39891e-15   1.07357e-24   8.35962e-25   3.81428e-26
0.15228834438305647   1.88036e-13   8.62178e-14   1.49569e-15   1.1447e-24   9.00449e-25   4.05764e-26
0.15836249209524964   1.9983e-13   9.24737e-14   1.59734e-15   1.22006e-24   9.68762e-25   4.31178e-26
0.1643528557844371   2.12454e-13   9.89424e-14   1.70359e-15   1.29829e-24   1.04005e-24   4.57647e-26
0.17026171539495738   2.25059e-13   1.05683e-13   1.81485e-15   1.3783e-24   1.1147e-24   4.85185e-26
0.17609125905568124   2.38819e-13   1.12688e-13   1.93078e-15   1.4632e-24   1.19288e-24   5.13814e-26
0.18184358794477254   2.5229e-13   1.19921e-13   2.05145e-15   1.54903e-24   1.27431e-24   5.43452e-26
0.18752072083646307   2.66332e-13   1.27455e-13   2.17717e-15   1.63829e-24   1.35907e-24   5.7417e-26
0.1931245983544616   2.81097e-13   1.35217e-13   2.30757e-15   1.73051e-24   1.44733e-24   6.05881e-26
0.19865708695442263   2.96177e-13   1.43258e-13   2.44275e-15   1.82659e-24   1.53821e-24   6.38596e-26
0.2041199826559248   3.12046e-13   1.51539e-13   2.58267e-15   1.92485e-24   1.63305e-24   6.72338e-26
0.20951501454263097   3.27969e-13   1.60046e-13   2.72665e-15   2.02594e-24   1.73037e-24   7.06922e-26
0.2148438480476979   3.44228e-13   1.68904e-13   2.87536e-15   2.12836e-24   1.83138e-24   7.42478e-26
0.22010808804005513   3.61075e-13   1.77988e-13   3.02831e-15   2.23339e-24   1.93499e-24   7.78849e-26
0.2253092817258629   3.78441e-13   1.87108e-13   3.18531e-15   2.3428e-24   2.04091e-24   8.16054e-26
0.23044892137827397   3.95985e-13   1.96494e-13   3.34642e-15   2.45406e-24   2.15019e-24   8.54076e-26
0.2355284469075489   4.13668e-13   2.06127e-13   3.51062e-15   2.56486e-24   2.26169e-24   8.9263e-26
0.24054924828259971   4.31958e-13   2.16039e-13   3.67854e-15   2.68083e-24   2.37579e-24   9.31955e-26
0.24551266781414982   4.50062e-13   2.25746e-13   3.84924e-15   2.79422e-24   2.49158e-24   9.71717e-26
0.250420002308894   4.68714e-13   2.35978e-13   4.02292e-15   2.91267e-24   2.61024e-24   1.01201e-25
0.25527250510330607   4.87751e-13   2.4607e-13   4.19958e-15   3.03251e-24   2.73008e-24   1.0528e-25
0.2600713879850748   5.07155e-13   2.56577e-13   4.37742e-15   3.15486e-24   2.85237e-24   1.09374e-25
0.26481782300953643   5.261e-13   2.6684e-13   4.55789e-15   3.27492e-24   2.97514e-24   1.1351e-25
0.2695129442179163   5.45329e-13   2.77498e-13   4.73914e-15   3.39601e-24   3.10086e-24   1.17648e-25
0.2741578492636798   5.64518e-13   2.88008e-13   4.92163e-15   3.51862e-24   3.22667e-24   1.21797e-25
0.2787536009528289   5.83798e-13   2.98754e-13   5.10535e-15   3.64145e-24   3.35379e-24   1.2595e-25
0.28330122870354957   6.04135e-13   3.09368e-13   5.28852e-15   3.76745e-24   3.4813e-24   1.30075e-25
0.287801729930226   6.23313e-13   3.20033e-13   5.472e-15   3.89158e-24   3.60978e-24   1.34196e-25
0.292256071356476   6.42225e-13   3.30575e-13   5.65501e-15   4.01216e-24   3.73756e-24   1.38264e-25
0.2966651902615311   6.6271e-13   3.41409e-13   5.83599e-15   4.13965e-24   3.86625e-24   1.42303e-25
0.3010299956639812   6.82071e-13   3.52113e-13   6.0055e-15   4.26093e-24   3.99498e-24   1.46317e-25
0.3053513694466238   7.00157e-13   3.62429e-13   6.18304e-15   4.37992e-24   4.12231e-24   1.5023e-25
0.3096301674258988   7.19108e-13   3.7288e-13   6.35989e-15   4.50167e-24   4.24936e-24   1.5411e-25
0.31386722036915343   7.37965e-13   3.83311e-13   6.53336e-15   4.62025e-24   4.37609e-24   1.5788e-25
0.31806333496276157   7.577e-13   3.93645e-13   6.70479e-15   4.74218e-24   4.50116e-24   1.61603e-25
0.3222192947339193   7.75595e-13   4.03835e-13   6.87284e-15   4.85695e-24   4.6241e-24   1.65233e-25
0.32633586092875144   7.93595e-13   4.1365e-13   7.03564e-15   4.97521e-24   4.74667e-24   1.68719e-25
0.33041377334919086   8.10981e-13   4.23235e-13   7.19592e-15   5.08681e-24   4.86635e-24   1.72136e-25
0.3344537511509309   8.28678e-13   4.32976e-13   7.35051e-15   5.19907e-24   4.9861e-24   1.75397e-25
0.3384564936046048   8.4605e-13   4.42568e-13   7.50213e-15   5.3089e-24   5.10339e-24   1.7858e-25
0.3424226808222063   8.62835e-13   4.5195e-13   7.64807e-15   5.41506e-24   5.21816e-24   1.81634e-25
0.34635297445063856   8.78738e-13   4.61297e-13   7.78663e-15   5.51959e-24   5.33195e-24   1.84493e-25
0.35024801833416286   8.94155e-13   4.7024e-13   7.9211e-15   5.62092e-24   5.44263e-24   1.87261e-25
0.35410843914740087   9.09312e-13   4.78636e-13   8.04767e-15   5.71508e-24   5.54896e-24   1.89828e-25
0.35793484700045386   9.23704e-13   4.874e-13   8.17035e-15   5.81024e-24   5.65503e-24   1.92285e-25
0.36172783601759284   9.39309e-13   4.9606e-13   8.28696e-15   5.91097e-24   5.75997e-24   1.94616e-25
0.36548798489089973   9.52535e-13   5.04098e-13   8.39239e-15   5.99992e-24   5.85918e-24   1.96668e-25
0.3692158574101428   9.65961e-13   5.11792e-13   8.49406e-15   6.09243e-24   5.95752e-24   1.98654e-25
0.3729120029701066   9.78155e-13   5.18708e-13   8.58564e-15   6.17586e-24   6.04867e-24   2.00371e-25
0.37657695705651195   9.91124e-13   5.26027e-13   8.67328e-15   6.2609e-24   6.14197e-24   2.01995e-25
0.3802112417116061   1.00351e-12   5.3369e-13   8.7537e-15   6.34314e-24   6.23148e-24   2.03476e-25
0.38381536598043126   1.01458e-12   5.40853e-13   8.81936e-15   6.41587e-24   6.31621e-24   2.04604e-25
0.3873898263387294   1.02578e-12   5.47254e-13   8.88401e-15   6.48634e-24   6.39975e-24   2.05705e-25
0.39093510710337914   1.03663e-12   5.53106e-13   8.94171e-15   6.55522e-24   6.47723e-24   2.06655e-25
0.3944516808262163   1.04658e-12   5.59021e-13   8.97817e-15   6.61967e-24   6.55305e-24   2.07148e-25
0.3979400086720376   1.0562e-12   5.64903e-13   9.01554e-15   6.68249e-24   6.62619e-24   2.07696e-25
0.4014005407815441   1.06331e-12   5.70399e-13   9.03154e-15   6.7364e-24   6.69342e-24   2.07785e-25
0.40483371661993806   1.07039e-12   5.75928e-13   9.05183e-15   6.79157e-24   6.76227e-24   2.07926e-25
0.4082399653118496   1.07749e-12   5.81197e-13   9.07106e-15   6.84415e-24   6.82813e-24   2.07977e-25
0.41161970596323016   1.08492e-12   5.85908e-13   9.11281e-15   6.89362e-24   6.89158e-24   2.07668e-25
0.414973347970818   1.09148e-12   5.90048e-13   9.13401e-15   6.93732e-24   6.95249e-24   2.07381e-25
0.41830129131974547   1.0979e-12   5.94528e-13   9.15023e-15   6.98661e-24   7.00848e-24   2.06969e-25
0.42160392686983106   1.10355e-12   5.99125e-13   9.16077e-15   7.03268e-24   7.06223e-24   2.06434e-25
0.424881636631067   1.10816e-12   6.0262e-13   9.16806e-15   7.0667e-24   7.11197e-24   2.05792e-25
0.4281347940287888   1.11257e-12   6.05877e-13   9.17069e-15   7.09922e-24   7.16187e-24   2.05032e-25
0.43136376415898736   1.11652e-12   6.08505e-13   9.16991e-15   7.13205e-24   7.20456e-24   2.04169e-25
0.4345689040341987   1.1209e-12   6.11351e-13   9.16465e-15   7.16168e-24   7.24645e-24   2.03185e-25
0.437750562820388   1.12515e-12   6.14927e-13   9.15565e-15   7.1933e-24   7.29087e-24   2.0211e-25
0.4409090820652177   1.12927e-12   6.18585e-13   9.14454e-15   7.22253e-24   7.32867e-24   2.00947e-25
0.44404479591807633   1.13376e-12   6.20965e-13   9.12905e-15   7.24811e-24   7.36099e-24   1.99689e-25
0.4471580313422192   1.13724e-12   6.22993e-13   9.10957e-15   7.26917e-24   7.38926e-24   1.98343e-25
0.45024910831936116   1.14012e-12   6.24029e-13   9.08569e-15   7.28559e-24   7.41584e-24   1.96908e-25
0.45331834004703764   1.14198e-12   6.25736e-13   9.05625e-15   7.30379e-24   7.43838e-24   1.95388e-25
0.45636603312904306   1.14156e-12   6.27549e-13   9.02281e-15   7.31152e-24   7.45806e-24   1.93771e-25
0.45939248775923086   1.1417e-12   6.28939e-13   8.98374e-15   7.31962e-24   7.47802e-24   1.9206e-25
0.46239799789895614   1.14128e-12   6.30307e-13   8.94077e-15   7.32431e-24   7.4932e-24   1.90265e-25
0.4653828514484183   1.14071e-12   6.31778e-13   8.89187e-15   7.32895e-24   7.50622e-24   1.88368e-25
0.46834733041215726   1.14024e-12   6.32445e-13   8.83502e-15   7.3321e-24   7.5139e-24   1.86376e-25
0.4712917110589386   1.13952e-12   6.32704e-13   8.76791e-15   7.33546e-24   7.51891e-24   1.84266e-25
0.4742162640762552   1.13788e-12   6.31736e-13   8.68713e-15   7.32839e-24   7.52065e-24   1.82028e-25
0.47712125471966244   1.13639e-12   6.30635e-13   8.58942e-15   7.31874e-24   7.51951e-24   1.79658e-25
0.48000694295715063   1.13406e-12   6.30536e-13   8.48794e-15   7.30728e-24   7.51779e-24   1.77223e-25
0.48287358360875376   1.13115e-12   6.31087e-13   8.38471e-15   7.29601e-24   7.51638e-24   1.74745e-25
0.48572142648158   1.12852e-12   6.30934e-13   8.27906e-15   7.28513e-24   7.51354e-24   1.72222e-25
0.4885507165004443   1.12569e-12   6.30379e-13   8.17118e-15   7.273e-24   7.50358e-24   1.6965e-25
0.4913616938342727   1.12295e-12   6.30716e-13   8.06132e-15   7.26232e-24   7.50059e-24   1.67038e-25
0.4941545940184428   1.12062e-12   6.30761e-13   7.94835e-15   7.25259e-24   7.49215e-24   1.6437e-25
0.49692964807321494   1.11799e-12   6.30604e-13   7.83205e-15   7.24024e-24   7.47987e-24   1.61645e-25
0.49968708261840383   1.11487e-12   6.30074e-13   7.71457e-15   7.22443e-24   7.46687e-24   1.58897e-25
0.5024271199844327   1.11228e-12   6.29312e-13   7.59612e-15   7.21107e-24   7.45502e-24   1.56121e-25
0.505149978319906   1.10993e-12   6.27393e-13   7.47639e-15   7.19351e-24   7.4331e-24   1.53338e-25
0.5078558716958309   1.10684e-12   6.2583e-13   7.35529e-15   7.17455e-24   7.41604e-24   1.50533e-25
0.5105450102066121   1.10303e-12   6.24246e-13   7.233e-15   7.15425e-24   7.39528e-24   1.47717e-25
0.513217600067939   1.09875e-12   6.22441e-13   7.10965e-15   7.13089e-24   7.37488e-24   1.44871e-25
0.5158738437116791   1.09437e-12   6.20763e-13   6.98551e-15   7.10794e-24   7.35281e-24   1.4202e-25
0.5185139398778875   1.08973e-12   6.1912e-13   6.86049e-15   7.08175e-24   7.32939e-24   1.39161e-25
0.5211380837040362   1.0849e-12   6.17912e-13   6.73472e-15   7.05491e-24   7.30748e-24   1.36291e-25
0.5237464668115644   1.08015e-12   6.16113e-13   6.60907e-15   7.02877e-24   7.27657e-24   1.33425e-25
0.526339277389844   1.07589e-12   6.14131e-13   6.48382e-15   7.00381e-24   7.24838e-24   1.30555e-25
0.5289167002776547   1.07237e-12   6.12486e-13   6.35908e-15   6.98168e-24   7.22441e-24   1.27692e-25
0.5314789170422551   1.06885e-12   6.10505e-13   6.23502e-15   6.95885e-24   7.19748e-24   1.24842e-25
0.534026106056135   1.06539e-12   6.08886e-13   6.11153e-15   6.93972e-24   7.16977e-24   1.22014e-25
0.5365584425715301   1.06166e-12   6.0735e-13   5.98813e-15   6.91805e-24   7.14243e-24   1.19213e-25
0.5390760987927766   1.05703e-12   6.05008e-13   5.86503e-15   6.89136e-24   7.11055e-24   1.16425e-25
0.541579243946581   1.052e-12   6.02733e-13   5.74249e-15   6.86561e-24   7.07914e-24   1.13659e-25
0.5440680443502757   1.04671e-12   6.00274e-13   5.62045e-15   6.83448e-24   7.04356e-24   1.10913e-25
0.546542663478131   1.04117e-12   5.98019e-13   5.49931e-15   6.79865e-24   7.0111e-24   1.08186e-25
0.5490032620257879   1.03605e-12   5.95936e-13   5.37901e-15   6.76748e-24   6.97698e-24   1.05491e-25
0.5514499979728752   1.03102e-12   5.93552e-13   5.25939e-15   6.73878e-24   6.9417e-24   1.02817e-25
0.5538830266438743   1.02579e-12   5.91251e-13   5.14073e-15   6.71003e-24   6.90925e-24   1.00166e-25
0.5563025007672873   1.02085e-12   5.88897e-13   5.02325e-15   6.68136e-24   6.87336e-24   9.75488e-26
0.5587085705331657   1.01598e-12   5.8696e-13   4.90662e-15   6.6518e-24   6.83891e-24   9.49692e-26
0.561101383649056   1.01047e-12   5.8511e-13   4.79077e-15   6.61813e-24   6.80798e-24   9.2421e-26
0.5634810853944107   1.00472e-12   5.82859e-13   4.67565e-15   6.58278e-24   6.77203e-24   8.99017e-26
0.5658478186735176   9.98672e-13   5.80209e-13   4.56154e-15   6.54658e-24   6.73491e-24   8.74114e-26
0.568201724066995   9.92917e-13   5.77353e-13   4.44855e-15   6.51288e-24   6.69218e-24   8.49573e-26
0.5705429398818975   9.87429e-13   5.75139e-13   4.33702e-15   6.48113e-24   6.65859e-24   8.25401e-26
0.5728716022004802   9.82319e-13   5.72457e-13   4.22691e-15   6.44886e-24   6.62104e-24   8.01595e-26
0.5751878449276611   9.77226e-13   5.69771e-13   4.1185e-15   6.41726e-24   6.58604e-24   7.78211e-26
0.5774917998372253   9.72388e-13   5.66953e-13   4.01199e-15   6.38699e-24   6.54944e-24   7.55267e-26
0.5797835966168102   9.67944e-13   5.63963e-13   3.90738e-15   6.35792e-24   6.50487e-24   7.32789e-26
0.5820633629117087   9.63603e-13   5.61527e-13   3.8046e-15   6.33081e-24   6.46973e-24   7.10778e-26
0.5843312243675308   9.58997e-13   5.59067e-13   3.70365e-15   6.30133e-24   6.4329e-24   6.89264e-26
0.5865873046717549   9.54203e-13   5.56385e-13   3.60451e-15   6.26909e-24   6.39318e-24   6.68242e-26
0.5888317255942073   9.49194e-13   5.53298e-13   3.5071e-15   6.2348e-24   6.35511e-24   6.47709e-26
0.5910646070264992   9.43783e-13   5.5006e-13   3.41136e-15   6.19979e-24   6.31338e-24   6.27603e-26
0.5932860670204573   9.38237e-13   5.47314e-13   3.31734e-15   6.16676e-24   6.26875e-24   6.07958e-26
0.5954962218255742   9.32548e-13   5.44803e-13   3.22508e-15   6.13392e-24   6.23015e-24   5.88746e-26
0.5976951859255123   9.27055e-13   5.42463e-13   3.13432e-15   6.10187e-24   6.19106e-24   5.70003e-26
0.5998830720736879   9.20955e-13   5.40015e-13   3.04497e-15   6.06603e-24   6.15346e-24   5.51669e-26
0.6020599913279624   9.14569e-13   5.37146e-13   2.95717e-15   6.02654e-24   6.11235e-24   5.33706e-26
0.60422605308447   9.08502e-13   5.34048e-13   2.871e-15   5.98941e-24   6.07451e-24   5.16147e-26
0.6063813651106049   9.02641e-13   5.3071e-13   2.78635e-15   5.95281e-24   6.03134e-24   4.98991e-26
0.6085260335771941   8.96567e-13   5.27673e-13   2.70327e-15   5.91496e-24   5.98917e-24   4.82217e-26
0.6106601630898799   8.90677e-13   5.25103e-13   2.62175e-15   5.88061e-24   5.95129e-24   4.65836e-26
0.6127838567197355   8.84813e-13   5.22772e-13   2.54175e-15   5.84691e-24   5.91414e-24   4.49841e-26
0.6148972160331346   8.78928e-13   5.20321e-13   2.46325e-15   5.81185e-24   5.87538e-24   4.34209e-26
0.617000341120899   8.73005e-13   5.17624e-13   2.38634e-15   5.7745e-24   5.83652e-24   4.18877e-26
0.6190933306267428   8.67475e-13   5.14617e-13   2.31111e-15   5.73721e-24   5.7974e-24   4.03934e-26
0.6211762817750351   8.62194e-13   5.1155e-13   2.23751e-15   5.70293e-24   5.75882e-24   3.89427e-26
0.6232492903979004   8.5671e-13   5.08376e-13   2.16565e-15   5.66769e-24   5.71255e-24   3.75326e-26
0.6253124509616739   8.51501e-13   5.05565e-13   2.09562e-15   5.63552e-24   5.67235e-24   3.61639e-26
0.6273658565927327   8.4654e-13   5.02845e-13   2.02743e-15   5.60571e-24   5.63619e-24   3.48373e-26
0.6294095991027189   8.41735e-13   5.00033e-13   1.96102e-15   5.5757e-24   5.59957e-24   3.35531e-26
0.631443769013172   8.36759e-13   4.97197e-13   1.89626e-15   5.54537e-24   5.55985e-24   3.2311e-26
0.6334684555795866   8.31405e-13   4.94521e-13   1.83305e-15   5.51461e-24   5.5244e-24   3.11075e-26
0.6354837468149122   8.25832e-13   4.92083e-13   1.77136e-15   5.48209e-24   5.48869e-24   2.99397e-26
0.6374897295125107   8.20258e-13   4.90052e-13   1.71121e-15   5.44917e-24   5.45311e-24   2.88067e-26
0.639486489268586   8.14936e-13   4.87541e-13   1.65261e-15   5.41552e-24   5.41422e-24   2.77089e-26
0.6414741105040995   8.09702e-13   4.84779e-13   1.59558e-15   5.38111e-24   5.37663e-24   2.66461e-26
0.6434526764861874   8.04566e-13   4.81821e-13   1.54015e-15   5.3464e-24   5.3388e-24   2.56167e-26
0.6454222693490919   7.998e-13   4.79281e-13   1.48638e-15   5.31458e-24   5.30263e-24   2.46214e-26
0.6473829701146198   7.95313e-13   4.76835e-13   1.43426e-15   5.28455e-24   5.26555e-24   2.36621e-26
0.6493348587121419   7.90772e-13   4.74303e-13   1.38377e-15   5.25404e-24   5.23003e-24   2.27381e-26
0.651278013998144   7.86012e-13   4.71533e-13   1.33485e-15   5.22122e-24   5.19644e-24   2.18471e-26
0.6532125137753437   7.81216e-13   4.68433e-13   1.28746e-15   5.18626e-24   5.15949e-24   2.09891e-26
0.6551384348113821   7.7619e-13   4.65907e-13   1.24154e-15   5.15218e-24   5.12798e-24   2.01615e-26
0.6570558528571039   7.71225e-13   4.63862e-13   1.19709e-15   5.12086e-24   5.09584e-24   1.93634e-26
0.658964842664435   7.66285e-13   4.61684e-13   1.1541e-15   5.09027e-24   5.06156e-24   1.85936e-26
0.6608654780038692   7.61682e-13   4.59552e-13   1.11258e-15   5.06386e-24   5.02913e-24   1.78534e-26
0.6627578316815741   7.56947e-13   4.56988e-13   1.07246e-15   5.03612e-24   4.99693e-24   1.71415e-26
0.6646419755561255   7.52107e-13   4.54275e-13   1.03368e-15   5.00794e-24   4.96061e-24   1.64567e-26
0.6665179805548809   7.47064e-13   4.51967e-13   9.96143e-16   4.97914e-24   4.92985e-24   1.57968e-26
0.6683859166900001   7.42157e-13   4.49244e-13   9.59862e-16   4.94951e-24   4.89804e-24   1.51611e-26
0.670245853074124   7.37323e-13   4.46312e-13   9.24808e-16   4.91904e-24   4.86591e-24   1.4549e-26
0.6720978579357175   7.32626e-13   4.43137e-13   8.90958e-16   4.88752e-24   4.82947e-24   1.39603e-26
0.6739419986340879   7.27852e-13   4.40214e-13   8.5827e-16   4.85605e-24   4.79853e-24   1.33931e-26
0.6757783416740851   7.23363e-13   4.37627e-13   8.26757e-16   4.82606e-24   4.76858e-24   1.28474e-26
0.6776069527204931   7.19032e-13   4.3545e-13   7.96409e-16   4.79794e-24   4.73921e-24   1.23231e-26
0.6794278966121189   7.14887e-13   4.33281e-13   7.67224e-16   4.7701e-24   4.70782e-24   1.18195e-26
0.6812412373755873   7.10966e-13   4.31236e-13   7.39214e-16   4.74343e-24   4.67744e-24   1.13371e-26
0.6830470382388496   7.07093e-13   4.29338e-13   7.12343e-16   4.71771e-24   4.64813e-24   1.08753e-26
0.6848453616444125   7.03163e-13   4.27411e-13   6.86566e-16   4.69129e-24   4.62073e-24   1.04334e-26
0.6866362692622934   6.99074e-13   4.25081e-13   6.61819e-16   4.66262e-24   4.59017e-24   1.00092e-26
0.6884198220027106   6.95053e-13   4.2278e-13   6.38073e-16   4.63414e-24   4.56056e-24   9.60354e-27
0.6901960800285137   6.9087e-13   4.20382e-13   6.1527e-16   4.60469e-24   4.52978e-24   9.21515e-27
0.6919651027673603   6.86672e-13   4.18313e-13   5.93378e-16   4.57619e-24   4.50444e-24   8.84325e-27
0.6937269489236468   6.82469e-13   4.16116e-13   5.72365e-16   4.54795e-24   4.47951e-24   8.48692e-27
0.6954816764901974   6.78378e-13   4.13785e-13   5.52205e-16   4.5194e-24   4.44746e-24   8.14579e-27
0.6972293427597176   6.74325e-13   4.11676e-13   5.32867e-16   4.49179e-24   4.42085e-24   7.81973e-27
0.6989700043360189   6.70125e-13   4.09418e-13   5.14299e-16   4.46408e-24   4.3915e-24   7.50734e-27
0.7007037171450193   6.65959e-13   4.0718e-13   4.96477e-16   4.43578e-24   4.36352e-24   7.20782e-27
0.7024305364455253   6.62005e-13   4.0535e-13   4.79392e-16   4.4095e-24   4.33801e-24   6.9211e-27
0.7041505168397991   6.58143e-13   4.03495e-13   4.63022e-16   4.38391e-24   4.3119e-24   6.64653e-27
0.7058637122839193   6.54473e-13   4.01654e-13   4.47365e-16   4.35948e-24   4.28854e-24   6.38425e-27
0.7075701760979364   6.50891e-13   3.99665e-13   4.32403e-16   4.33476e-24   4.26342e-24   6.13439e-27
0.7092699609758307   6.47064e-13   3.97714e-13   4.18083e-16   4.30969e-24   4.2383e-24   5.89556e-27
0.7109631189952758   6.43279e-13   3.95755e-13   4.04387e-16   4.28445e-24   4.21299e-24   5.66769e-27
0.7126497016272114   6.39389e-13   3.93748e-13   3.91275e-16   4.25897e-24   4.19078e-24   5.45022e-27
0.714329759745233   6.35334e-13   3.91225e-13   3.78708e-16   4.23096e-24   4.16321e-24   5.24232e-27
0.7160033436347992   6.31191e-13   3.8875e-13   3.66654e-16   4.20324e-24   4.13796e-24   5.04324e-27
0.7176705030022621   6.27134e-13   3.8612e-13   3.55093e-16   4.17619e-24   4.1119e-24   4.85284e-27
0.7193312869837266   6.23021e-13   3.83414e-13   3.44001e-16   4.14897e-24   4.08538e-24   4.67046e-27
0.7209857441537391   6.18946e-13   3.80591e-13   3.33356e-16   4.12094e-24   4.05613e-24   4.4958e-27
0.7226339225338123   6.14922e-13   3.78021e-13   3.23142e-16   4.09381e-24   4.03079e-24   4.32843e-27
0.724275869600789   6.1099e-13   3.7564e-13   3.13343e-16   4.06781e-24   4.00665e-24   4.16803e-27
0.7259116322950482   6.07158e-13   3.7336e-13   3.03942e-16   4.04213e-24   3.98316e-24   4.0143e-27
0.7275412570285564   6.0347e-13   3.71144e-13   2.94937e-16   4.01722e-24   3.95967e-24   3.86748e-27
0.7291647896927701   5.99648e-13   3.69066e-13   2.86296e-16   3.9922e-24   3.93744e-24   3.72673e-27
0.7307822756663892   5.95962e-13   3.67074e-13   2.78013e-16   3.96782e-24   3.91654e-24   3.59201e-27
0.7323937598229685   5.923e-13   3.65172e-13   2.70073e-16   3.94395e-24   3.89657e-24   3.46303e-27
0.7339992865383869   5.88705e-13   3.63293e-13   2.62462e-16   3.92039e-24   3.8765e-24   3.33956e-27
0.7355988996981799   5.85184e-13   3.61569e-13   2.55174e-16   3.89805e-24   3.85931e-24   3.22143e-27
0.7371926427047373   5.81696e-13   3.59909e-13   2.48192e-16   3.87565e-24   3.84121e-24   3.10849e-27
0.7387805584843692   5.78173e-13   3.58264e-13   2.41501e-16   3.85284e-24   3.82206e-24   3.00044e-27
0.7403626894942439   5.74624e-13   3.5638e-13   2.35082e-16   3.82952e-24   3.80024e-24   2.89684e-27
0.741939077729199   5.71156e-13   3.545e-13   2.28925e-16   3.80597e-24   3.77955e-24   2.79766e-27
0.7435097647284298   5.67721e-13   3.52662e-13   2.23022e-16   3.78305e-24   3.75953e-24   2.70265e-27
0.7450747915820575   5.64331e-13   3.51048e-13   2.17362e-16   3.7609e-24   3.74166e-24   2.61154e-27
0.7466341989375788   5.6107e-13   3.49374e-13   2.11942e-16   3.73926e-24   3.72341e-24   2.5243e-27
0.7481880270062005   5.57883e-13   3.47762e-13   2.06757e-16   3.71778e-24   3.70441e-24   2.44079e-27
0.7497363155690611   5.54706e-13   3.46149e-13   2.01795e-16   3.69629e-24   3.68647e-24   2.36093e-27
0.7512791039833423   5.5153e-13   3.446e-13   1.9705e-16   3.67509e-24   3.66952e-24   2.28469e-27
0.7528164311882715   5.48227e-13   3.43034e-13   1.92505e-16   3.65377e-24   3.6521e-24   2.2117e-27
0.7543483357110189   5.44954e-13   3.41389e-13   1.88151e-16   3.632e-24   3.63377e-24   2.14184e-27
0.7558748556724915   5.41687e-13   3.39423e-13   1.83979e-16   3.60997e-24   3.6122e-24   2.07494e-27
0.7573960287930241   5.38456e-13   3.37677e-13   1.79983e-16   3.58848e-24   3.59547e-24   2.01093e-27
0.7589118923979735   5.35188e-13   3.35893e-13   1.76155e-16   3.56645e-24   3.57865e-24   1.94968e-27
0.7604224834232121   5.31871e-13   3.34119e-13   1.72483e-16   3.5444e-24   3.56071e-24   1.89103e-27
0.761927838420529   5.28513e-13   3.32505e-13   1.68958e-16   3.52257e-24   3.54479e-24   1.83475e-27
0.7634279935629372   5.25223e-13   3.30814e-13   1.65577e-16   3.50075e-24   3.52547e-24   1.78082e-27
0.7649229846498885   5.21925e-13   3.29248e-13   1.62331e-16   3.47978e-24   3.50973e-24   1.72912e-27
0.7664128471123994   5.18611e-13   3.27598e-13   1.59214e-16   3.459e-24   3.49108e-24   1.67942e-27
0.7678976160180907   5.15436e-13   3.26107e-13   1.56224e-16   3.4392e-24   3.47521e-24   1.63179e-27
0.7693773260761385   5.12246e-13   3.24578e-13   1.53355e-16   3.41898e-24   3.45815e-24   1.58609e-27
0.7708520116421442   5.09093e-13   3.23105e-13   1.50603e-16   3.39906e-24   3.44095e-24   1.54226e-27
0.7723217067229198   5.05972e-13   3.21556e-13   1.47963e-16   3.37944e-24   3.42592e-24   1.50021e-27
0.7737864449811935   5.0287e-13   3.19965e-13   1.45432e-16   3.35988e-24   3.41177e-24   1.45993e-27
0.7752462597402364   4.99724e-13   3.18343e-13   1.43003e-16   3.33969e-24   3.3985e-24   1.42127e-27
0.7767011839884109   4.96579e-13   3.16643e-13   1.4067e-16   3.31918e-24   3.38305e-24   1.38415e-27
0.7781512503836436   4.93474e-13   3.15005e-13   1.38431e-16   3.29938e-24   3.36782e-24   1.34855e-27
0.7795964912578246   4.90309e-13   3.13497e-13   1.36278e-16   3.28003e-24   3.35445e-24   1.31429e-27
0.7810369386211319   4.87254e-13   3.11899e-13   1.34209e-16   3.26051e-24   3.33969e-24   1.28146e-27
0.7824726241662863   4.84075e-13   3.10355e-13   1.32217e-16   3.24091e-24   3.325e-24   1.24991e-27
0.7839035792727349   4.80856e-13   3.08789e-13   1.30294e-16   3.22126e-24   3.30916e-24   1.21949e-27
0.785329835010767   4.77709e-13   3.07466e-13   1.28439e-16   3.20289e-24   3.29732e-24   1.1902e-27
0.7867514221455612   4.74577e-13   3.06123e-13   1.26646e-16   3.18458e-24   3.28423e-24   1.16195e-27
0.7881683711411677   4.71492e-13   3.04783e-13   1.24914e-16   3.16631e-24   3.27004e-24   1.13465e-27
0.7895807121644255   4.68565e-13   3.0355e-13   1.23242e-16   3.14876e-24   3.25824e-24   1.10834e-27
0.7909884750888159   4.65683e-13   3.02326e-13   1.21629e-16   3.1312e-24   3.24643e-24   1.08287e-27
0.7923916894982539   4.63114e-13   3.01164e-13   1.20081e-16   3.11522e-24   3.23545e-24   1.05839e-27
0.7937903846908186   4.60568e-13   2.99834e-13   1.18598e-16   3.09887e-24   3.22153e-24   1.03488e-27
0.795184589682424   4.5807e-13   2.98507e-13   1.17177e-16   3.08284e-24   3.20893e-24   1.0123e-27
0.7965743332104297   4.55609e-13   2.97155e-13   1.15819e-16   3.06711e-24   3.19629e-24   9.90711e-28
0.7979596437371962   4.53015e-13   2.95626e-13   1.14518e-16   3.05028e-24   3.17936e-24   9.70042e-28
0.7993405494535817   4.5028e-13   2.94152e-13   1.13266e-16   3.03343e-24   3.16519e-24   9.50215e-28
0.800717078282385   4.47416e-13   2.92695e-13   1.12059e-16   3.01608e-24   3.15122e-24   9.3114e-28
0.8020892578817327   4.44492e-13   2.91238e-13   1.10893e-16   2.99864e-24   3.1371e-24   9.12762e-28
0.8034571156484139   4.41524e-13   2.89804e-13   1.09763e-16   2.98136e-24   3.12504e-24   8.94984e-28
0.8048206787211624   4.38633e-13   2.88296e-13   1.08669e-16   2.96399e-24   3.11236e-24   8.77809e-28
0.8061799739838872   4.35798e-13   2.86806e-13   1.0761e-16   2.94685e-24   3.09958e-24   8.61212e-28
0.8075350280688532   4.33007e-13   2.85343e-13   1.06585e-16   2.93001e-24   3.08739e-24   8.45188e-28
0.8088858673598122   4.3023e-13   2.83884e-13   1.05592e-16   2.91294e-24   3.07501e-24   8.29734e-28
0.8102325179950841   4.274e-13   2.82494e-13   1.04627e-16   2.89558e-24   3.06345e-24   8.14781e-28
0.8115750058705934   4.24599e-13   2.81051e-13   1.0369e-16   2.87786e-24   3.0486e-24   8.00263e-28
0.8129133566428556   4.21978e-13   2.79787e-13   1.02782e-16   2.86141e-24   3.03685e-24   7.86229e-28
0.8142475957319202   4.19396e-13   2.78432e-13   1.01904e-16   2.84467e-24   3.02456e-24   7.72664e-28
0.8155777483242672   4.16886e-13   2.77126e-13   1.01056e-16   2.82856e-24   3.01282e-24   7.59606e-28
0.8169038393756604   4.14304e-13   2.75785e-13   1.00234e-16   2.81213e-24   3.0005e-24   7.47014e-28
0.8182258936139555   4.11663e-13   2.74297e-13   9.94365e-17   2.79514e-24   2.98472e-24   7.34819e-28
0.8195439355418687   4.09097e-13   2.72974e-13   9.86639e-17   2.77906e-24   2.97138e-24   7.23028e-28
0.8208579894396999   4.0656e-13   2.71765e-13   9.79144e-17   2.76317e-24   2.95996e-24   7.11656e-28
0.8221680793680175   4.03967e-13   2.70403e-13   9.71875e-17   2.74658e-24   2.94441e-24   7.0066e-28
0.8234742291703011   4.01388e-13   2.68875e-13   9.64817e-17   2.72946e-24   2.92557e-24   6.90008e-28
0.8247764624755457   3.98875e-13   2.67641e-13   9.57981e-17   2.7136e-24   2.91347e-24   6.7971e-28
0.8260748027008264   3.96411e-13   2.66296e-13   9.51376e-17   2.69763e-24   2.90023e-24   6.6975e-28
0.8273692730538252   3.94027e-13   2.64993e-13   9.45008e-17   2.6818e-24   2.88775e-24   6.60164e-28
0.8286598965353198   3.91614e-13   2.63688e-13   9.38888e-17   2.66575e-24   2.87558e-24   6.50918e-28
0.829946695941636   3.89251e-13   2.62291e-13   9.33016e-17   2.64971e-24   2.86175e-24   6.42045e-28
0.8312296938670634   3.86806e-13   2.60917e-13   9.27378e-17   2.63346e-24   2.84919e-24   6.33534e-28
0.8325089127062363   3.8425e-13   2.59517e-13   9.21953e-17   2.61673e-24   2.8359e-24   6.2535e-28
0.8337843746564789   3.81613e-13   2.58145e-13   9.1671e-17   2.59986e-24   2.82306e-24   6.17475e-28
0.8350561017201162   3.78892e-13   2.56759e-13   9.11643e-17   2.58265e-24   2.81037e-24   6.0989e-28
0.8363241157067517   3.76075e-13   2.55371e-13   9.06715e-17   2.56517e-24   2.79691e-24   6.02553e-28
0.8375884382355113   3.73227e-13   2.53968e-13   9.01914e-17   2.54741e-24   2.78385e-24   5.95443e-28
0.8388490907372553   3.70382e-13   2.52509e-13   8.97235e-17   2.52962e-24   2.77028e-24   5.88563e-28
0.8401060944567578   3.67486e-13   2.51099e-13   8.92649e-17   2.51164e-24   2.75806e-24   5.81875e-28
0.8413594704548549   3.6464e-13   2.49703e-13   8.88173e-17   2.49417e-24   2.74535e-24   5.75376e-28
0.8426092396105621   3.61838e-13   2.48223e-13   8.83799e-17   2.47647e-24   2.73107e-24   5.69058e-28
0.8438554226231612   3.59089e-13   2.46793e-13   8.79531e-17   2.45901e-24   2.7185e-24   5.62934e-28
0.8450980400142568   3.56335e-13   2.45264e-13   8.75362e-17   2.44125e-24   2.70428e-24   5.57001e-28
0.8463371121298053   3.53536e-13   2.43754e-13   8.71265e-17   2.42333e-24   2.69056e-24   5.51233e-28
0.8475726591421122   3.50754e-13   2.42271e-13   8.67254e-17   2.40549e-24   2.67755e-24   5.4562e-28
0.8488047010518038   3.48022e-13   2.40716e-13   8.63323e-17   2.3875e-24   2.66282e-24   5.4015e-28
0.850033257689769   3.45365e-13   2.39241e-13   8.59483e-17   2.37013e-24   2.64916e-24   5.34837e-28
0.8512583487190754   3.42749e-13   2.37717e-13   8.55739e-17   2.35284e-24   2.63447e-24   5.29692e-28
0.8524799936368563   3.40096e-13   2.36237e-13   8.52068e-17   2.33577e-24   2.62089e-24   5.24704e-28
0.8536982117761744   3.37415e-13   2.34788e-13   8.48475e-17   2.31877e-24   2.60782e-24   5.19855e-28
0.8549130223078556   3.34746e-13   2.33187e-13   8.44946e-17   2.30133e-24   2.5917e-24   5.1514e-28
0.8561244442423003   3.32072e-13   2.31767e-13   8.41477e-17   2.28463e-24   2.57888e-24   5.1056e-28
0.8573324964312685   3.29379e-13   2.30263e-13   8.38062e-17   2.26756e-24   2.56332e-24   5.06087e-28
0.8585371975696391   3.26747e-13   2.28875e-13   8.34698e-17   2.25119e-24   2.5505e-24   5.01733e-28
0.859738566197147   3.2414e-13   2.27426e-13   8.31404e-17   2.23471e-24   2.53643e-24   4.97492e-28
0.8609366207000937   3.21589e-13   2.2593e-13   8.2818e-17   2.21812e-24   2.52097e-24   4.93366e-28
0.8621313793130372   3.19087e-13   2.24539e-13   8.25035e-17   2.20206e-24   2.50803e-24   4.89366e-28
0.8633228601204559   3.16591e-13   2.23027e-13   8.21972e-17   2.18547e-24   2.49139e-24   4.85498e-28
0.8645110810583919   3.14032e-13   2.21624e-13   8.18966e-17   2.1689e-24   2.47746e-24   4.81748e-28
0.8656960599160706   3.11439e-13   2.2026e-13   8.1602e-17   2.15219e-24   2.46458e-24   4.78107e-28
0.8668778143374989   3.08818e-13   2.18761e-13   8.13119e-17   2.13487e-24   2.44796e-24   4.74565e-28
0.8680563618230416   3.06187e-13   2.17339e-13   8.1026e-17   2.11773e-24   2.43398e-24   4.71107e-28
0.8692317197309762   3.03613e-13   2.15752e-13   8.07453e-17   2.10045e-24   2.41591e-24   4.6773e-28
0.8704039052790271   3.01097e-13   2.14387e-13   8.04697e-17   2.08439e-24   2.40344e-24   4.64452e-28
0.8715729355458788   2.98576e-13   2.12968e-13   8.01998e-17   2.06841e-24   2.39053e-24   4.61271e-28
0.8727388274726688   2.96018e-13   2.11388e-13   7.9934e-17   2.05159e-24   2.37293e-24   4.58172e-28
0.8739015978644614   2.93475e-13   2.09927e-13   7.96722e-17   2.03527e-24   2.35871e-24   4.55149e-28
0.8750612633917001   2.9096e-13   2.08483e-13   7.94147e-17   2.01908e-24   2.34476e-24   4.52199e-28
0.8762178405916423   2.88482e-13   2.07123e-13   7.91612e-17   2.0033e-24   2.33239e-24   4.49325e-28
0.877371345869774   2.86025e-13   2.05783e-13   7.89122e-17   1.98759e-24   2.31994e-24   4.46527e-28
0.8785217955012066   2.83581e-13   2.0445e-13   7.86674e-17   1.97181e-24   2.30771e-24   4.438e-28
0.8796692056320535   2.81176e-13   2.03151e-13   7.84275e-17   1.95626e-24   2.29591e-24   4.41139e-28
0.8808135922807914   2.78846e-13   2.01689e-13   7.81939e-17   1.94055e-24   2.28028e-24   4.38544e-28
0.8819549713396005   2.76627e-13   2.00384e-13   7.79684e-17   1.92634e-24   2.26817e-24   4.3604e-28
0.8830933585756899   2.74429e-13   1.99087e-13   7.77514e-17   1.91245e-24   2.25628e-24   4.33635e-28
0.884228769632604   2.72189e-13   1.978e-13   7.7542e-17   1.89823e-24   2.24407e-24   4.31311e-28
0.885361220031512   2.69982e-13   1.9655e-13   7.73404e-17   1.88427e-24   2.23242e-24   4.29075e-28
0.8864907251724818   2.67768e-13   1.95208e-13   7.71461e-17   1.86985e-24   2.21857e-24   4.2692e-28
0.8876173003357362   2.6555e-13   1.94018e-13   7.69588e-17   1.85589e-24   2.20755e-24   4.24847e-28
0.8887409606828927   2.63294e-13   1.92738e-13   7.67763e-17   1.84124e-24   2.19448e-24   4.22839e-28
0.8898617212581884   2.61061e-13   1.91514e-13   7.65992e-17   1.82684e-24   2.18311e-24   4.20894e-28
0.890979596989689   2.58854e-13   1.90304e-13   7.64273e-17   1.81251e-24   2.17171e-24   4.19002e-28
0.8920946026904804   2.56733e-13   1.89124e-13   7.62619e-17   1.79889e-24   2.16076e-24   4.17167e-28
0.893206753059848   2.54704e-13   1.87905e-13   7.61047e-17   1.78581e-24   2.14879e-24   4.15408e-28
0.8943160626844384   2.52695e-13   1.86631e-13   7.59547e-17   1.77267e-24   2.13562e-24   4.13725e-28
0.895422546039408   2.5067e-13   1.85439e-13   7.58119e-17   1.75967e-24   2.12417e-24   4.12112e-28
0.8965262174895553   2.4865e-13   1.84298e-13   7.56755e-17   1.74669e-24   2.11356e-24   4.10562e-28
0.8976270912904415   2.4666e-13   1.83096e-13   7.55457e-17   1.73356e-24   2.10054e-24   4.09075e-28
0.8987251815894935   2.44689e-13   1.81901e-13   7.54229e-17   1.72044e-24   2.08818e-24   4.0765e-28
0.8998205024270963   2.4276e-13   1.80837e-13   7.53067e-17   1.7079e-24   2.07794e-24   4.06289e-28
0.900913067737669   2.40836e-13   1.79623e-13   7.51975e-17   1.69482e-24   2.06515e-24   4.04989e-28
0.9020028913507294   2.38948e-13   1.78494e-13   7.50955e-17   1.68223e-24   2.05354e-24   4.03757e-28
0.9030899869919435   2.37054e-13   1.77358e-13   7.50004e-17   1.66956e-24   2.04166e-24   4.02587e-28
0.9041743682841635   2.35169e-13   1.76168e-13   7.49126e-17   1.65676e-24   2.02979e-24   4.01479e-28
0.9052560487484512   2.3332e-13   1.75066e-13   7.48324e-17   1.64462e-24   2.01883e-24   4.00439e-28
0.9063350418050907   2.31443e-13   1.73756e-13   7.47593e-17   1.63161e-24   2.00404e-24   3.99463e-28
0.9074113607745862   2.29574e-13   1.72665e-13   7.46937e-17   1.61931e-24   1.99319e-24   3.98555e-28
0.9084850188786499   2.27681e-13   1.714e-13   7.46355e-17   1.60624e-24   1.97814e-24   3.9771e-28
0.9095560292411754   2.25778e-13   1.70082e-13   7.45845e-17   1.59305e-24   1.96432e-24   3.96934e-28
0.9106244048892013   2.23884e-13   1.68924e-13   7.45422e-17   1.58036e-24   1.95227e-24   3.96228e-28
0.9116901587538612   2.21954e-13   1.67486e-13   7.45083e-17   1.56665e-24   1.93682e-24   3.95589e-28
0.912753303671323   2.20038e-13   1.66254e-13   7.44842e-17   1.55361e-24   1.92362e-24   3.95029e-28
0.9138138523837167   2.18102e-13   1.65131e-13   7.4471e-17   1.54097e-24   1.91328e-24   3.94557e-28
0.9148718175400503   2.1608e-13   1.63487e-13   7.44672e-17   1.5262e-24   1.89512e-24   3.9417e-28
0.9159272116971158   2.14064e-13   1.62255e-13   7.44772e-17   1.51257e-24   1.88211e-24   3.93881e-28
0.9169800473203822   2.12001e-13   1.60582e-13   7.4501e-17   1.49734e-24   1.86374e-24   3.9369e-28
0.9180303367848802   2.09956e-13   1.59317e-13   7.45424e-17   1.48342e-24   1.85126e-24   3.93627e-28
0.919078092376074   2.07885e-13   1.5807e-13   7.46051e-17   1.46955e-24   1.83862e-24   3.93708e-28
0.9201233262907239   2.05725e-13   1.56196e-13   7.46893e-17   1.45338e-24   1.81815e-24   3.93944e-28
0.9211660506377387   2.03599e-13   1.54823e-13   7.48045e-17   1.43891e-24   1.80317e-24   3.94379e-28
0.9222062774390164   2.01383e-13   1.52804e-13   7.49526e-17   1.42213e-24   1.78106e-24   3.95023e-28
0.9232440186302765   1.99188e-13   1.51192e-13   7.51419e-17   1.4066e-24   1.76276e-24   3.95933e-28
0.9242792860618817   1.96958e-13   1.4966e-13   7.53812e-17   1.3911e-24   1.74487e-24   3.9715e-28
0.9253120914996495   1.94629e-13   1.47376e-13   7.56751e-17   1.37286e-24   1.71875e-24   3.98714e-28
0.9263424466256551   1.92349e-13   1.45916e-13   7.60412e-17   1.35757e-24   1.7045e-24   4.00721e-28
0.9273703630390235   1.89931e-13   1.43333e-13   7.64875e-17   1.33788e-24   1.67479e-24   4.03193e-28
0.9283958522567138   1.87613e-13   1.41841e-13   7.70326e-17   1.32197e-24   1.66053e-24   4.06261e-28
0.9294189257142927   1.85256e-13   1.40407e-13   7.76954e-17   1.30627e-24   1.64594e-24   4.10037e-28
0.9304395947667001   1.82701e-13   1.37405e-13   7.84888e-17   1.28465e-24   1.61191e-24   4.1459e-28
0.931457870689005   1.80275e-13   1.35827e-13   7.9446e-17   1.2681e-24   1.59656e-24   4.20118e-28
0.9324737646771533   1.77638e-13   1.32536e-13   8.05885e-17   1.24456e-24   1.55598e-24   4.26681e-28
0.9334872878487055   1.75226e-13   1.30947e-13   8.19545e-17   1.22769e-24   1.53954e-24   4.34555e-28
0.9344984512435678   1.7276e-13   1.2943e-13   8.35825e-17   1.21106e-24   1.52344e-24   4.43972e-28
0.9355072658247129   1.69967e-13   1.25523e-13   8.55038e-17   1.18485e-24   1.47605e-24   4.55065e-28
0.9365137424788933   1.67396e-13   1.23828e-13   8.77779e-17   1.16725e-24   1.45814e-24   4.68214e-28
0.9375178920173467   1.64515e-13   1.19282e-13   9.04508e-17   1.13874e-24   1.39999e-24   4.83596e-28
0.9385197251764918   1.61838e-13   1.17594e-13   9.35895e-17   1.11938e-24   1.38083e-24   5.01669e-28
0.9395192526186185   1.58963e-13   1.15793e-13   9.72595e-17   1.0994e-24   1.36038e-24   5.2283e-28
0.9405164849325671   1.55603e-13   1.10044e-13   1.01519e-16   1.06524e-24   1.28836e-24   5.47307e-28
0.9415114326344031   1.52399e-13   1.08204e-13   1.06453e-16   1.04313e-24   1.26567e-24   5.7569e-28
0.9425041061680807   1.48634e-13   1.0191e-13   1.12127e-16   1.00443e-24   1.17909e-24   6.08237e-28
0.9434945159061027   1.44759e-13   9.88205e-14   1.18608e-16   9.76735e-25   1.1569e-24   6.45397e-28
0.9444826721501687   1.40364e-13   9.72288e-14   1.25944e-16   9.47223e-25   1.1301e-24   6.87523e-28
0.9454685851318197   1.34954e-13   8.81068e-14   1.34126e-16   8.93424e-25   1.01739e-24   7.34537e-28
0.9464522650130731   1.29179e-13   8.5608e-14   1.43146e-16   8.55058e-25   9.8645e-25   7.86436e-28
0.9474337218870508   1.22176e-13   7.48389e-14   1.52856e-16   7.85703e-25   8.45056e-25   8.41583e-28
0.948412965778601   1.1514e-13   7.10245e-14   1.63009e-16   7.39918e-25   8.12509e-25   8.99335e-28
0.9493900066449128   1.05865e-13   6.94006e-14   1.72992e-16   6.9376e-25   7.77783e-25   9.5825e-28
0.9503648543761231   9.31986e-14   5.29383e-14   1.81929e-16   5.87947e-25   6.0045e-25   1.01633e-27
0.9513375187959178   7.90424e-14   5.14336e-14   1.8925e-16   5.15166e-25   5.66118e-25   1.0652e-27
0.9523080096621253   6.05686e-14   2.96887e-14   1.91368e-16   3.77366e-25   3.35006e-25   8.84524e-28
0.9532763366673044   4.06831e-14   2.85707e-14   1.47854e-16   2.6323e-25   3.02792e-25   5.56483e-28
0.9542425094393249   2.58395e-14   2.75263e-14   8.11784e-17   2.3237e-25   2.7096e-25   7.76964e-28
0.9552065375419417   2.64899e-16   2.75021e-16   4.48818e-17   2.08588e-27   6.57924e-27   3.49996e-28
0.9561684304753634   2.55417e-16   2.65713e-16   4.35738e-17   2.01326e-27   6.36582e-27   3.39481e-28
0.9571281976768131   2.46276e-16   2.56829e-16   4.23e-17   1.94364e-27   6.1637e-27   3.29251e-28
0.9580858485210851   2.37453e-16   2.48228e-16   4.10592e-17   1.87635e-27   5.96757e-27   3.19309e-28
0.9590413923210935   2.28932e-16   2.39847e-16   3.98505e-17   1.81109e-27   5.77597e-27   3.09634e-28
0.9599948383284163   2.20705e-16   2.31785e-16   3.86726e-17   1.74821e-27   5.59121e-27   3.00232e-28
0.9609461957338314   2.12735e-16   2.23546e-16   3.75292e-17   1.68569e-27   5.40143e-27   2.91109e-28
0.9618954736678504   2.05082e-16   2.15944e-16   3.64163e-17   1.62679e-27   5.22655e-27   2.82235e-28
0.9628426812012424   1.97697e-16   2.08667e-16   3.53325e-17   1.57019e-27   5.05886e-27   2.73616e-28
0.9637878273455552   1.90549e-16   2.0126e-16   3.42813e-17   1.51404e-27   4.88759e-27   2.65249e-28
0.9647309210536293   1.83688e-16   1.9447e-16   3.32587e-17   1.46131e-27   4.73065e-27   2.5713e-28
0.9656719712201067   1.77069e-16   1.87894e-16   3.22639e-17   1.41035e-27   4.57829e-27   2.49242e-28
0.9666109866819343   1.70684e-16   1.81525e-16   3.12964e-17   1.36108e-27   4.43021e-27   2.41571e-28
0.967547976218862   1.64524e-16   1.75376e-16   3.03553e-17   1.31354e-27   4.2872e-27   2.34129e-28
0.9684829485539351   1.5858e-16   1.69398e-16   2.94404e-17   1.2675e-27   4.14767e-27   2.26892e-28
0.9694159123539814   1.52848e-16   1.63638e-16   2.85508e-17   1.22311e-27   4.01305e-27   2.19874e-28
0.9703468762300933   1.4732e-16   1.58073e-16   2.76857e-17   1.18027e-27   3.88281e-27   2.13058e-28
0.9712758487381052   1.41986e-16   1.52672e-16   2.68447e-17   1.1388e-27   3.75594e-27   2.06429e-28
0.9722028383790645   1.36842e-16   1.47464e-16   2.6027e-17   1.09882e-27   3.63349e-27   2.00002e-28
0.9731278535996987   1.31878e-16   1.42378e-16   2.52325e-17   1.06e-27   3.51339e-27   1.93754e-28
0.9740509027928773   1.27094e-16   1.37507e-16   2.44603e-17   1.02271e-27   3.3984e-27   1.87699e-28
0.9749719942980689   1.2248e-16   1.32797e-16   2.37097e-17   9.867e-28   3.287e-27   1.8182e-28
0.9758911364017928   1.18029e-16   1.2823e-16   2.29801e-17   9.51863e-28   3.1785e-27   1.76101e-28
0.9768083373380663   1.13735e-16   1.23817e-16   2.22711e-17   9.18238e-28   3.07371e-27   1.70562e-28
0.9777236052888477   1.09591e-16   1.1949e-16   2.15827e-17   8.85522e-28   2.9705e-27   1.65176e-28
0.9786369483844743   1.05601e-16   1.15376e-16   2.09139e-17   8.54221e-28   2.87246e-27   1.59961e-28
0.9795483747040952   1.01753e-16   1.11396e-16   2.0264e-17   8.23981e-28   2.77735e-27   1.54899e-28
0.9804578922761001   9.8041e-17   1.07532e-16   1.96325e-17   7.9471e-28   2.68453e-27   1.49973e-28
0.9813655090785445   9.44614e-17   1.03816e-16   1.90187e-17   7.66533e-28   2.59544e-27   1.45205e-28
0.9822712330395684   9.10036e-17   1.00142e-16   1.84232e-17   7.38999e-28   2.50719e-27   1.40567e-28
0.983175072037813   8.7675e-17   9.6632e-17   1.78451e-17   7.12576e-28   2.42233e-27   1.36083e-28
0.9840770339028309   8.44681e-17   9.32764e-17   1.72833e-17   6.87227e-28   2.34146e-27   1.31732e-28
0.9849771264154934   8.13736e-17   8.99993e-17   1.67375e-17   6.62594e-28   2.2615e-27   1.27491e-28
0.9858753573083937   7.83895e-17   8.68681e-17   1.62071e-17   6.38978e-28   2.1857e-27   1.23393e-28
0.9867717342662449   7.5502e-17   8.36735e-17   1.56936e-17   6.15478e-28   2.10738e-27   1.19409e-28
0.9876662649262746   7.27335e-17   8.07571e-17   1.51948e-17   5.93515e-28   2.03663e-27   1.1556e-28
0.9885589568786155   7.00628e-17   7.7939e-17   1.47098e-17   5.72313e-28   1.96811e-27   1.11823e-28
0.9894498176666918   6.74825e-17   7.5148e-17   1.42385e-17   5.51529e-28   1.89869e-27   1.08178e-28
0.9903388547876014   6.49928e-17   7.2495e-17   1.37804e-17   5.31682e-28   1.83398e-27   1.04659e-28
0.9912260756924949   6.25776e-17   6.96714e-17   1.33384e-17   5.11429e-28   1.76337e-27   1.0124e-28
0.9921114877869497   6.02743e-17   6.72254e-17   1.29089e-17   4.9308e-28   1.70359e-27   9.79411e-29
0.9929950984313415   5.80515e-17   6.48545e-17   1.24912e-17   4.75333e-28   1.64541e-27   9.4738e-29
0.9938769149412112   5.59029e-17   6.2491e-17   1.20851e-17   4.5786e-28   1.58563e-27   9.16078e-29
0.9947569445876282   5.38292e-17   6.02814e-17   1.16898e-17   4.41334e-28   1.53127e-27   8.8588e-29
0.9956351945975499   5.18055e-17   5.77427e-17   1.13102e-17   4.23692e-28   1.46664e-27   8.5658e-29
0.9965116721541787   4.98911e-17   5.57003e-17   1.09417e-17   4.08405e-28   1.41643e-27   8.28386e-29
0.9973863843973133   4.80424e-17   5.36922e-17   1.05843e-17   3.93509e-28   1.36692e-27   8.0107e-29
0.9982593384236987   4.62594e-17   5.16947e-17   1.02384e-17   3.78841e-28   1.31549e-27   7.74379e-29
0.9991305412873711   4.45475e-17   4.98548e-17   9.90294e-18   3.65116e-28   1.27012e-27   7.48762e-29
1.0   4.28975e-17   4.80721e-17   9.57764e-18   3.51851e-28   1.22607e-27   7.23676e-29
1.000867721531227   4.13081e-17   4.63587e-17   9.26225e-18   3.39087e-28   1.18367e-27   6.99621e-29
1.0017337128090005   3.97762e-17   4.46977e-17   8.95641e-18   3.26745e-28   1.1424e-27   6.7632e-29
1.0025979807199086   3.83004e-17   4.30976e-17   8.65968e-18   3.14855e-28   1.10263e-27   6.53443e-29
1.0034605321095065   3.68782e-17   4.15517e-17   8.37199e-18   3.03383e-28   1.06417e-27   6.31559e-29
1.0043213737826426   3.55075e-17   4.00576e-17   8.09277e-18   2.9231e-28   1.0269e-27   6.10033e-29
1.0051805125037803   3.41864e-17   3.86137e-17   7.82194e-18   2.81623e-28   9.90845e-28   5.89472e-29
1.0060379549973173   3.29123e-17   3.72144e-17   7.55909e-18   2.7129e-28   9.55744e-28   5.69539e-29
1.0068937079479006   3.16823e-17   3.58267e-17   7.30442e-18   2.61176e-28   9.20961e-28   5.49882e-29
1.00774777800074   3.05008e-17   3.4527e-17   7.05744e-18   2.51585e-28   8.88349e-28   5.31178e-29
1.0086001717619175   2.93616e-17   3.32621e-17   6.8177e-18   2.42289e-28   8.56446e-28   5.1267e-29
1.0094508957986938   2.82638e-17   3.20364e-17   6.5853e-18   2.33309e-28   8.25587e-28   4.95091e-29
1.0102999566398119   2.72068e-17   3.08617e-17   6.35963e-18   2.2468e-28   7.95918e-28   4.78048e-29
1.0111473607757975   2.61879e-17   2.97218e-17   6.14032e-18   2.16332e-28   7.67003e-28   4.61077e-29
1.011993114659257   2.52057e-17   2.86137e-17   5.92759e-18   2.08245e-28   7.38718e-28   4.45043e-29
1.0128372247051722   2.42595e-17   2.75447e-17   5.72076e-18   2.0045e-28   7.11456e-28   4.29056e-29
1.0136796972911926   2.33479e-17   2.65136e-17   5.51981e-18   1.92937e-28   6.85154e-28   4.13911e-29
1.0145205387579237   2.24693e-17   2.55157e-17   5.3243e-18   1.8568e-28   6.59647e-28   3.99237e-29
1.0153597554092142   2.16219e-17   2.45418e-17   5.13378e-18   1.78634e-28   6.34591e-28   3.84465e-29
1.0161973535124391   2.08055e-17   2.36044e-17   4.94833e-18   1.71851e-28   6.10485e-28   3.70544e-29
1.0170333392987803   2.00178e-17   2.26868e-17   4.76737e-18   1.65253e-28   5.86716e-28   3.56533e-29
1.0178677189635057   1.92585e-17   2.17967e-17   4.59081e-18   1.5887e-28   5.63531e-28   3.43304e-29
1.0187004986662433   1.85264e-17   2.0938e-17   4.41812e-18   1.52717e-28   5.41219e-28   3.30467e-29
1.0195316845312554   1.78188e-17   2.0094e-17   4.24873e-18   1.46715e-28   5.19079e-28   3.17324e-29
1.0203612826477078   1.71345e-17   1.92432e-17   4.0833e-18   1.40782e-28   4.96856e-28   3.05035e-29
1.021189299069938   1.64772e-17   1.8441e-17   3.92074e-18   1.35131e-28   4.75594e-28   2.92408e-29
1.0220157398177203   1.58436e-17   1.76667e-17   3.76092e-18   1.29686e-28   4.55169e-28   2.80548e-29
1.0228406108765278   1.52323e-17   1.69164e-17   3.60325e-18   1.24418e-28   4.35228e-28   2.69009e-29
1.0236639181977936   1.46408e-17   1.61659e-17   3.44697e-18   1.19218e-28   4.14994e-28   2.56892e-29
1.024485667699167   1.40702e-17   1.54455e-17   3.29204e-18   1.14223e-28   3.95645e-28   2.45575e-29
1.0253058652647702   1.35172e-17   1.47164e-17   3.13779e-18   1.09253e-28   3.75692e-28   2.33635e-29
1.0261245167454502   1.29838e-17   1.40125e-17   2.98404e-18   1.04457e-28   3.56411e-28   2.22513e-29
1.0269416279590293   1.24677e-17   1.33317e-17   2.82948e-18   9.98214e-29   3.37739e-28   2.11425e-29
1.0277572046905534   1.19651e-17   1.26246e-17   2.67384e-18   9.51276e-29   3.18017e-28   1.99514e-29
1.0285712526925377   1.14795e-17   1.19615e-17   2.5166e-18   9.06662e-29   2.99573e-28   1.88413e-29
1.0293837776852097   1.10051e-17   1.12591e-17   2.35694e-18   8.60962e-29   2.79618e-28   1.76206e-29
1.0301947853567512   1.05447e-17   1.05962e-17   2.19445e-18   8.17364e-29   2.6106e-28   1.64777e-29
1.0310042813635367   1.0093e-17   9.93944e-18   2.02841e-18   7.74237e-29   2.42399e-28   1.53336e-29
1.0318122713303703   9.64498e-18   9.21842e-18   1.85772e-18   7.28584e-29   2.21538e-28   1.4039e-29
1.0326187608507198   9.20755e-18   8.5625e-18   1.67988e-18   6.86094e-29   2.02749e-28   1.28593e-29
1.0334237554869496   8.76277e-18   7.81775e-18   1.4955e-18   6.39347e-29   1.80817e-28   1.14804e-29
1.0342272607705507   8.3173e-18   7.15865e-18   1.30616e-18   5.96157e-29   1.61717e-28   1.02089e-29
1.0350292822023681   7.84777e-18   6.4622e-18   1.11222e-18   5.51469e-29   1.42202e-28   8.93509e-30
1.0358298252528282   7.33321e-18   5.70297e-18   9.16254e-19   5.01717e-29   1.1998e-28   7.44355e-30
1.0366288953621612   6.78334e-18   5.01934e-18   7.21887e-19   4.54668e-29   1.01058e-28   6.21663e-30
1.0374264979406236   6.12242e-18   4.21476e-18   5.3107e-19   3.98992e-29   7.88994e-29   4.74802e-30
1.0382226383687185   5.36408e-18   3.49956e-18   3.75923e-19   3.45327e-29   6.24932e-29   3.70808e-30
1.039017321997412   4.45163e-18   2.88673e-18   2.43826e-19   2.88503e-29   4.8693e-29   2.79069e-30
1.0398105541483504   3.31172e-18   2.12041e-18   1.17257e-19   2.17982e-29   2.99268e-29   1.66717e-30
1.0406023401140732   1.91375e-18   1.3847e-18   6.34864e-20   1.41815e-29   2.18326e-29   1.43141e-30
1.0413926851582251   0   0   0   0   0   0
