0.000   4.694e-14   2.191e-14   4.661e-16   3.068e-25   2.335e-25   1.605e-26
0.005   4.921e-14   2.392e-14   4.884e-16   3.259e-25   2.527e-25   1.676e-26
0.010   5.150e-14   2.594e-14   5.109e-16   3.451e-25   2.720e-25   1.748e-26
0.015   5.381e-14   2.798e-14   5.336e-16   3.646e-25   2.916e-25   1.820e-26
0.020   5.615e-14   3.004e-14   5.566e-16   3.842e-25   3.114e-25   1.894e-26
0.025   5.852e-14   3.213e-14   5.799e-16   4.041e-25   3.314e-25   1.968e-26
0.030   6.092e-14   3.425e-14   6.035e-16   4.242e-25   3.517e-25   2.043e-26
0.035   6.334e-14   3.638e-14   6.273e-16   4.446e-25   3.722e-25   2.119e-26
0.040   6.580e-14   3.855e-14   6.513e-16   4.652e-25   3.930e-25   2.196e-26
0.045   6.828e-14   4.073e-14   6.757e-16   4.860e-25   4.139e-25   2.273e-26
0.050   7.079e-14   4.295e-14   7.003e-16   5.071e-25   4.352e-25   2.352e-26
0.055   7.332e-14   4.519e-14   7.253e-16   5.284e-25   4.566e-25   2.431e-26
0.060   7.589e-14   4.745e-14   7.505e-16   5.500e-25   4.784e-25   2.512e-26
0.065   7.849e-14   4.974e-14   7.760e-16   5.718e-25   5.003e-25   2.593e-26
0.070   8.112e-14   5.206e-14   8.018e-16   5.938e-25   5.226e-25   2.675e-26
0.075   8.384e-14   5.451e-14   8.289e-16   6.168e-25   5.462e-25   2.761e-26
0.080   8.699e-14   5.766e-14   8.621e-16   6.437e-25   5.775e-25   2.861e-26
0.085   9.056e-14   6.151e-14   9.015e-16   6.745e-25   6.164e-25   2.977e-26
0.090   9.451e-14   6.595e-14   9.462e-16   7.089e-25   6.619e-25   3.105e-26
0.095   9.851e-14   7.046e-14   9.915e-16   7.436e-25   7.079e-25   3.236e-26
0.100   1.025e-13   7.501e-14   1.037e-15   7.788e-25   7.544e-25   3.367e-26
0.105   1.066e-13   7.961e-14   1.084e-15   8.143e-25   8.015e-25   3.501e-26
0.110   1.108e-13   8.427e-14   1.130e-15   8.503e-25   8.491e-25   3.635e-26
0.115   1.150e-13   8.899e-14   1.178e-15   8.867e-25   8.972e-25   3.772e-26
0.120   1.192e-13   9.375e-14   1.226e-15   9.235e-25   9.460e-25   3.910e-26
0.125   1.235e-13   9.858e-14   1.274e-15   9.607e-25   9.952e-25   4.049e-26
0.130   1.278e-13   1.035e-13   1.323e-15   9.983e-25   1.045e-24   4.190e-26
0.135   1.322e-13   1.084e-13   1.373e-15   1.036e-24   1.096e-24   4.333e-26
0.140   1.366e-13   1.134e-13   1.423e-15   1.075e-24   1.147e-24   4.478e-26
0.145   1.415e-13   1.191e-13   1.481e-15   1.117e-24   1.207e-24   4.638e-26
0.150   1.471e-13   1.257e-13   1.548e-15   1.165e-24   1.279e-24   4.819e-26
0.155   1.532e-13   1.332e-13   1.624e-15   1.218e-24   1.363e-24   5.020e-26
0.160   1.596e-13   1.410e-13   1.704e-15   1.272e-24   1.451e-24   5.228e-26
0.165   1.660e-13   1.488e-13   1.784e-15   1.327e-24   1.540e-24   5.439e-26
0.170   1.725e-13   1.568e-13   1.865e-15   1.382e-24   1.630e-24   5.652e-26
0.175   1.791e-13   1.648e-13   1.947e-15   1.438e-24   1.721e-24   5.867e-26
0.180   1.858e-13   1.730e-13   2.030e-15   1.495e-24   1.813e-24   6.085e-26
0.185   1.925e-13   1.812e-13   2.114e-15   1.553e-24   1.906e-24   6.305e-26
0.190   1.993e-13   1.896e-13   2.199e-15   1.611e-24   2.000e-24   6.528e-26
0.195   2.062e-13   1.980e-13   2.285e-15   1.669e-24   2.095e-24   6.753e-26
0.200   2.133e-13   2.066e-13   2.374e-15   1.730e-24   2.194e-24   6.985e-26
0.205   2.212e-13   2.161e-13   2.474e-15   1.796e-24   2.306e-24   7.238e-26
0.210   2.299e-13   2.264e-13   2.586e-15   1.868e-24   2.434e-24   7.514e-26
0.215   2.393e-13   2.374e-13   2.708e-15   1.945e-24   2.573e-24   7.809e-26
0.220   2.488e-13   2.485e-13   2.831e-15   2.023e-24   2.714e-24   8.107e-26
0.225   2.584e-13   2.598e-13   2.956e-15   2.101e-24   2.856e-24   8.409e-26
0.230   2.681e-13   2.711e-13   3.082e-15   2.181e-24   3.000e-24   8.714e-26
0.235   2.779e-13   2.826e-13   3.209e-15   2.261e-24   3.146e-24   9.023e-26
0.240   2.878e-13   2.943e-13   3.338e-15   2.343e-24   3.293e-24   9.335e-26
0.245   2.979e-13   3.061e-13   3.468e-15   2.425e-24   3.443e-24   9.651e-26
0.250   3.080e-13   3.180e-13   3.600e-15   2.509e-24   3.594e-24   9.971e-26
0.255   3.189e-13   3.304e-13   3.740e-15   2.597e-24   3.756e-24   1.030e-25
0.260   3.305e-13   3.433e-13   3.888e-15   2.690e-24   3.931e-24   1.065e-25
0.265   3.428e-13   3.566e-13   4.045e-15   2.789e-24   4.119e-24   1.102e-25
0.270   3.553e-13   3.702e-13   4.203e-15   2.889e-24   4.310e-24   1.139e-25
0.275   3.679e-13   3.839e-13   4.364e-15   2.990e-24   4.503e-24   1.176e-25
0.280   3.807e-13   3.978e-13   4.526e-15   3.093e-24   4.698e-24   1.214e-25
0.285   3.936e-13   4.119e-13   4.691e-15   3.197e-24   4.895e-24   1.252e-25
0.290   4.067e-13   4.261e-13   4.857e-15   3.301e-24   5.095e-24   1.290e-25
0.295   4.200e-13   4.404e-13   5.025e-15   3.407e-24   5.297e-24   1.329e-25
0.300   4.338e-13   4.548e-13   5.192e-15   3.516e-24   5.504e-24   1.368e-25
0.305   4.482e-13   4.691e-13   5.356e-15   3.628e-24   5.717e-24   1.407e-25
0.310   4.633e-13   4.834e-13   5.518e-15   3.744e-24   5.936e-24   1.446e-25
0.315   4.788e-13   4.977e-13   5.681e-15   3.861e-24   6.159e-24   1.485e-25
0.320   4.943e-13   5.123e-13   5.846e-15   3.979e-24   6.384e-24   1.525e-25
0.325   5.101e-13   5.270e-13   6.012e-15   4.099e-24   6.612e-24   1.565e-25
0.330   5.261e-13   5.418e-13   6.181e-15   4.220e-24   6.842e-24   1.606e-25
0.335   5.422e-13   5.569e-13   6.351e-15   4.343e-24   7.075e-24   1.647e-25
0.340   5.584e-13   5.718e-13   6.519e-15   4.465e-24   7.308e-24   1.687e-25
0.345   5.744e-13   5.861e-13   6.678e-15   4.586e-24   7.537e-24   1.725e-25
0.350   5.904e-13   5.999e-13   6.828e-15   4.704e-24   7.763e-24   1.761e-25
0.355   6.063e-13   6.135e-13   6.976e-15   4.822e-24   7.989e-24   1.795e-25
0.360   6.225e-13   6.273e-13   7.125e-15   4.941e-24   8.218e-24   1.830e-25
0.365   6.388e-13   6.412e-13   7.276e-15   5.062e-24   8.449e-24   1.866e-25
0.370   6.554e-13   6.553e-13   7.428e-15   5.184e-24   8.682e-24   1.901e-25
0.375   6.721e-13   6.696e-13   7.582e-15   5.307e-24   8.919e-24   1.938e-25
0.380   6.888e-13   6.829e-13   7.721e-15   5.427e-24   9.142e-24   1.970e-25
0.385   7.054e-13   6.950e-13   7.842e-15   5.544e-24   9.351e-24   1.998e-25
0.390   7.219e-13   7.061e-13   7.946e-15   5.658e-24   9.545e-24   2.022e-25
0.395   7.386e-13   7.173e-13   8.050e-15   5.772e-24   9.740e-24   2.045e-25
0.400   7.555e-13   7.286e-13   8.156e-15   5.888e-24   9.938e-24   2.069e-25
0.405   7.726e-13   7.400e-13   8.263e-15   6.006e-24   1.014e-23   2.094e-25
0.410   7.899e-13   7.515e-13   8.371e-15   6.124e-24   1.034e-23   2.118e-25
0.415   8.060e-13   7.616e-13   8.455e-15   6.231e-24   1.052e-23   2.137e-25
0.420   8.208e-13   7.703e-13   8.514e-15   6.327e-24   1.068e-23   2.150e-25
0.425   8.344e-13   7.774e-13   8.548e-15   6.412e-24   1.081e-23   2.157e-25
0.430   8.482e-13   7.847e-13   8.583e-15   6.497e-24   1.094e-23   2.164e-25
0.435   8.621e-13   7.921e-13   8.618e-15   6.584e-24   1.107e-23   2.171e-25
0.440   8.762e-13   7.995e-13   8.653e-15   6.671e-24   1.121e-23   2.178e-25
0.445   8.892e-13   8.060e-13   8.672e-15   6.750e-24   1.133e-23   2.181e-25
0.450   9.001e-13   8.108e-13   8.661e-15   6.815e-24   1.142e-23   2.177e-25
0.455   9.089e-13   8.138e-13   8.620e-15   6.864e-24   1.148e-23   2.166e-25
0.460   9.168e-13   8.161e-13   8.565e-15   6.907e-24   1.153e-23   2.151e-25
0.465   9.248e-13   8.184e-13   8.510e-15   6.950e-24   1.158e-23   2.136e-25
0.470   9.329e-13   8.207e-13   8.454e-15   6.994e-24   1.163e-23   2.121e-25
0.475   9.405e-13   8.221e-13   8.383e-15   7.032e-24   1.167e-23   2.102e-25
0.480   9.472e-13   8.219e-13   8.286e-15   7.059e-24   1.167e-23   2.077e-25
0.485   9.530e-13   8.199e-13   8.162e-15   7.075e-24   1.165e-23   2.046e-25
0.490   9.583e-13   8.173e-13   8.026e-15   7.087e-24   1.161e-23   2.012e-25
0.495   9.638e-13   8.145e-13   7.889e-15   7.099e-24   1.157e-23   1.977e-25
0.500   9.693e-13   8.118e-13   7.750e-15   7.111e-24   1.153e-23   1.942e-25
0.505   9.732e-13   8.076e-13   7.592e-15   7.111e-24   1.146e-23   1.903e-25
0.510   9.756e-13   8.019e-13   7.415e-15   7.099e-24   1.137e-23   1.858e-25
0.515   9.764e-13   7.947e-13   7.219e-15   7.074e-24   1.126e-23   1.808e-25
0.520   9.771e-13   7.873e-13   7.019e-15   7.048e-24   1.114e-23   1.758e-25
0.525   9.779e-13   7.798e-13   6.818e-15   7.023e-24   1.101e-23   1.707e-25
0.530   9.778e-13   7.716e-13   6.609e-15   6.990e-24   1.088e-23   1.654e-25
0.535   9.767e-13   7.622e-13   6.391e-15   6.947e-24   1.072e-23   1.600e-25
0.540   9.745e-13   7.517e-13   6.163e-15   6.895e-24   1.054e-23   1.543e-25
0.545   9.719e-13   7.408e-13   5.931e-15   6.839e-24   1.036e-23   1.486e-25
0.550   9.693e-13   7.298e-13   5.696e-15   6.782e-24   1.017e-23   1.428e-25
0.555   9.655e-13   7.182e-13   5.460e-15   6.720e-24   9.973e-24   1.370e-25
0.560   9.601e-13   7.059e-13   5.223e-15   6.649e-24   9.761e-24   1.311e-25
0.565   9.531e-13   6.930e-13   4.985e-15   6.571e-24   9.535e-24   1.253e-25
0.570   9.456e-13   6.797e-13   4.744e-15   6.489e-24   9.304e-24   1.194e-25
0.575   9.379e-13   6.663e-13   4.501e-15   6.407e-24   9.070e-24   1.134e-25
0.580   9.293e-13   6.525e-13   4.264e-15   6.320e-24   8.831e-24   1.075e-25
0.585   9.198e-13   6.383e-13   4.033e-15   6.228e-24   8.589e-24   1.019e-25
0.590   9.095e-13   6.237e-13   3.808e-15   6.132e-24   8.342e-24   9.633e-26
0.595   8.990e-13   6.090e-13   3.580e-15   6.035e-24   8.092e-24   9.072e-26
0.600   8.880e-13   5.942e-13   3.357e-15   5.935e-24   7.841e-24   8.523e-26
0.605   8.763e-13   5.792e-13   3.144e-15   5.830e-24   7.590e-24   7.997e-26
0.610   8.638e-13   5.641e-13   2.941e-15   5.721e-24   7.338e-24   7.494e-26
0.615   8.510e-13   5.489e-13   2.741e-15   5.610e-24   7.084e-24   6.998e-26
0.620   8.380e-13   5.337e-13   2.544e-15   5.498e-24   6.831e-24   6.508e-26
0.625   8.250e-13   5.188e-13   2.345e-15   5.389e-24   6.584e-24   5.681e-26
0.630   8.119e-13   5.042e-13   1.910e-15   5.282e-24   6.343e-24   5.257e-26
0.635   7.987e-13   4.898e-13   1.330e-15   5.175e-24   6.105e-24   4.728e-26
0.640   7.853e-13   4.753e-13   7.202e-16   5.068e-24   5.868e-24   4.388e-26
0.645   7.717e-13   4.613e-13   3.658e-16   4.960e-24   5.639e-24   3.548e-26
0.650   7.578e-13   4.478e-13   1.950e-16   4.852e-24   5.417e-24   2.756e-26
0.655   7.437e-13   4.344e-13   1.061e-16   4.743e-24   5.200e-24   2.098e-26
0.660   7.299e-13   4.212e-13   5.600e-17   4.636e-24   4.985e-24   1.545e-26
0.665   7.173e-13   4.084e-13   2.667e-17   4.533e-24   4.778e-24   1.062e-26
0.670   7.056e-13   3.961e-13   1.019e-17   4.436e-24   4.579e-24   6.541e-27
0.675   6.946e-13   3.840e-13   2.587e-18   4.341e-24   4.383e-24   3.360e-27
0.680   6.831e-13   3.720e-13   1.623e-19   4.245e-24   4.193e-24   1.313e-27
0.685   6.710e-13   3.604e-13   1.000e-40   4.150e-24   4.010e-24   3.139e-28
0.690   6.584e-13   3.491e-13   1.000e-40   4.055e-24   3.836e-24   6.496e-30
0.695   6.456e-13   3.380e-13   1.000e-40   3.960e-24   3.664e-24   1.000e-40
0.700   6.325e-13   3.273e-13   1.000e-40   3.865e-24   3.502e-24   1.000e-40
0.705   6.193e-13   3.171e-13   1.000e-40   3.770e-24   3.348e-24   1.000e-40
0.710   6.059e-13   3.073e-13   1.000e-40   3.676e-24   3.202e-24   1.000e-40
0.715   5.924e-13   2.978e-13   1.000e-40   3.583e-24   3.061e-24   1.000e-40
0.720   5.789e-13   2.887e-13   1.000e-40   3.492e-24   2.927e-24   1.000e-40
0.725   5.654e-13   2.799e-13   1.000e-40   3.403e-24   2.801e-24   1.000e-40
0.730   5.521e-13   2.715e-13   1.000e-40   3.316e-24   2.678e-24   1.000e-40
0.735   5.393e-13   2.636e-13   1.000e-40   3.232e-24   2.563e-24   1.000e-40
0.740   5.270e-13   2.562e-13   1.000e-40   3.151e-24   2.454e-24   1.000e-40
0.745   5.152e-13   2.490e-13   1.000e-40   3.073e-24   2.350e-24   1.000e-40
0.750   5.039e-13   2.421e-13   1.000e-40   2.998e-24   2.250e-24   1.000e-40
0.755   4.933e-13   2.352e-13   1.000e-40   2.927e-24   2.154e-24   1.000e-40
0.760   4.831e-13   2.285e-13   1.000e-40   2.859e-24   2.061e-24   1.000e-40
0.765   4.729e-13   2.218e-13   1.000e-40   2.791e-24   1.972e-24   1.000e-40
0.770   4.626e-13   2.152e-13   1.000e-40   2.724e-24   1.886e-24   1.000e-40
0.775   4.522e-13   2.087e-13   1.000e-40   2.657e-24   1.803e-24   1.000e-40
0.780   4.416e-13   2.024e-13   1.000e-40   2.588e-24   1.724e-24   1.000e-40
0.785   4.307e-13   1.963e-13   1.000e-40   2.519e-24   1.648e-24   1.000e-40
0.790   4.200e-13   1.904e-13   1.000e-40   2.450e-24   1.578e-24   1.000e-40
0.795   4.099e-13   1.847e-13   1.000e-40   2.385e-24   1.513e-24   1.000e-40
0.800   4.002e-13   1.792e-13   1.000e-40   2.324e-24   1.452e-24   1.000e-40
0.805   3.911e-13   1.741e-13   1.000e-40   2.266e-24   1.398e-24   1.000e-40
0.810   3.822e-13   1.694e-13   1.000e-40   2.211e-24   1.348e-24   1.000e-40
0.815   3.736e-13   1.652e-13   1.000e-40   2.158e-24   1.302e-24   1.000e-40
0.820   3.650e-13   1.610e-13   1.000e-40   2.106e-24   1.260e-24   1.000e-40
0.825   3.563e-13   1.569e-13   1.000e-40   2.055e-24   1.220e-24   1.000e-40
0.830   3.475e-13   1.530e-13   1.000e-40   2.004e-24   1.182e-24   1.000e-40
0.835   3.388e-13   1.492e-13   1.000e-40   1.954e-24   1.147e-24   1.000e-40
0.840   3.301e-13   1.456e-13   1.000e-40   1.903e-24   1.114e-24   1.000e-40
0.845   3.215e-13   1.419e-13   1.000e-40   1.854e-24   1.082e-24   1.000e-40
0.850   3.129e-13   1.381e-13   1.000e-40   1.804e-24   1.050e-24   1.000e-40
0.855   3.042e-13   1.341e-13   1.000e-40   1.755e-24   1.020e-24   1.000e-40
0.860   2.955e-13   1.301e-13   1.000e-40   1.704e-24   9.900e-25   1.000e-40
0.865   2.865e-13   1.260e-13   1.000e-40   1.652e-24   9.602e-25   1.000e-40
0.870   2.776e-13   1.220e-13   1.000e-40   1.600e-24   9.317e-25   1.000e-40
0.875   2.688e-13   1.182e-13   1.000e-40   1.549e-24   9.040e-25   1.000e-40
0.880   2.603e-13   1.147e-13   1.000e-40   1.500e-24   8.781e-25   1.000e-40
0.885   2.520e-13   1.113e-13   1.000e-40   1.453e-24   8.530e-25   1.000e-40
0.890   2.440e-13   1.080e-13   1.000e-40   1.407e-24   8.291e-25   1.000e-40
0.895   2.362e-13   1.048e-13   1.000e-40   1.363e-24   8.057e-25   1.000e-40
0.900   2.286e-13   1.015e-13   1.000e-40   1.320e-24   7.828e-25   1.000e-40
0.905   2.211e-13   9.833e-14   1.000e-40   1.278e-24   7.602e-25   1.000e-40
0.910   2.134e-13   9.510e-14   1.000e-40   1.236e-24   7.372e-25   1.000e-40
0.915   2.053e-13   9.178e-14   1.000e-40   1.191e-24   7.128e-25   1.000e-40
0.920   1.965e-13   8.833e-14   1.000e-40   1.144e-24   6.861e-25   1.000e-40
0.925   1.293e-13   5.781e-14   1.000e-40   7.674e-25   4.499e-25   1.000e-40
0.930   6.386e-14   2.836e-14   1.000e-40   3.929e-25   2.216e-25   1.000e-40
0.935   1.520e-15   1.050e-16   1.000e-40   3.133e-26   2.611e-27   1.000e-40
0.940   1.698e-16   1.173e-17   1.000e-40   1.154e-26   9.613e-28   1.000e-40
0.945   2.672e-17   1.846e-18   1.000e-40   4.739e-27   3.949e-28   1.000e-40
0.950   2.409e-18   1.664e-19   1.000e-40   1.592e-27   1.327e-28   1.000e-40
0.955   1.300e-20   8.976e-22   1.000e-40   2.964e-28   2.470e-29   1.000e-40
0.960   1.000e-40   1.000e-40   1.000e-40   1.000e-40   1.000e-40   1.000e-40
0.965   1.000e-40   1.000e-40   1.000e-40   1.000e-40   1.000e-40   1.000e-40
0.970   1.000e-40   1.000e-40   1.000e-40   1.000e-40   1.000e-40   1.000e-40
0.975   1.000e-40   1.000e-40   1.000e-40   1.000e-40   1.000e-40   1.000e-40
0.980   1.000e-40   1.000e-40   1.000e-40   1.000e-40   1.000e-40   1.000e-40
0.985   1.000e-40   1.000e-40   1.000e-40   1.000e-40   1.000e-40   1.000e-40
0.990   1.000e-40   1.000e-40   1.000e-40   1.000e-40   1.000e-40   1.000e-40
0.995   1.000e-40   1.000e-40   1.000e-40   1.000e-40   1.000e-40   1.000e-40
1.000   1.000e-40   1.000e-40   1.000e-40   1.000e-40   1.000e-40   1.000e-40
