6.250000000000000347e-03
6.622516556291390723e-03
9.900990099009901110e-03
1.960784313725490169e-02
2.439024390243902524e-02
3.225806451612903136e-02
3.448275862068965469e-02
3.846153846153846367e-02
4.347826086956521618e-02
4.761904761904761640e-02
5.000000000000000278e-02
5.263157894736841813e-02
5.555555555555555247e-02
5.882352941176470507e-02
6.250000000000000000e-02
6.666666666666666574e-02
7.142857142857142461e-02
7.692307692307692735e-02
8.333333333333332871e-02
9.090909090909091161e-02
1.000000000000000056e-01
1.111111111111111049e-01
1.250000000000000000e-01
1.428571428571428492e-01
