col1: k [h/Mpc], col2: P(k) [Mpc/h]^3
0.0201959527731 15438.0
0.0322426614447 20024.375
0.0445766525172 13495.75
0.0570121814348 10657.4625
0.0694947913371 10376.525
0.0820029893437 8377.225
0.0945266191923 6246.1375
0.107060265776 4882.2875
0.1196007801 4608.9625
0.132146206997 4540.0875
0.144695268692 3568.3125
0.157247094974 3366.1625
0.169801072767 2777.3125
0.182356757723 2573.9125
0.194913819935 2353.6625
0.207472009332 2328.65
0.220031132914 2006.6375
0.232591039353 1889.875
0.245151608324 1764.7875
0.257712742954 1605.0625
0.270274364376 1619.1
0.28283640773 1492.55
0.295398819187 1404.4625
0.3079615537 1347.5625
0.320524573283 1284.8625
0.33308784568 1182.35375
0.345651343325 1181.4
0.358215042518 1123.96375
0.37077892277 1048.49375
0.383342966279 1058.035
0.395907157502 1016.725
0.408471482809 991.92375
0.421035930196 937.93875
0.43360048905 904.24375
0.446165149954 869.94
0.458729904523 851.46
0.471294745265 822.47875
0.483859665467 813.12
0.496424659096 785.2875
0.508989720714 787.72125
0.521554845406 755.795
0.534120028722 729.79625
0.546685266618 721.42125
0.559250555417 713.49375
0.571815891762 697.86
0.584381272587 676.86875
0.596946695082 663.33
0.609512156671 653.34375
0.622077654984 643.9475
0.63464318784 622.00375
0.647208753228 603.5475
0.659774349288 594.57
0.6723399743 594.77625
0.684905626672 582.8075
0.697471304925 571.57875
0.710037007684 565.72
0.72260273367 561.1825
0.735168481694 542.355
0.747734250644 537.6675
0.760300039481 528.2475
0.772865847238 522.22875
0.785431673004 515.6625
0.79799751593 509.61625
0.810563375218 497.2875
0.823129250117 496.09125
0.835695139925 483.89
0.848261043977 479.6675
0.860826961652 470.75625
0.873392892359 464.2125
0.885958835546 455.4825
0.898524790688 452.23
0.911090757291 446.59125
0.923656734887 442.34
0.936222723034 438.76125
0.948788721311 427.7375
0.961354729322 423.50625
0.973920746691 417.9275
0.986486773059 413.425
0.999052808087 411.78
1.01161885145 404.7575
1.02418490285 400.79125
1.03675096198 393.6025
1.04931702858 389.4975
1.06188310236 384.175
1.0744491831 379.9325
1.08701527053 375.91125
1.09958136444 371.38375
1.1121474646 368.6325
1.1247135708 361.635
1.13727968285 358.17
1.14984580055 354.4125
1.16241192372 351.185
1.17497805218 348.5725
1.18754418576 340.8975
1.20011032431 341.53375
1.21267646767 336.0575
1.22524261569 332.31375
1.23780876823 330.44875
1.25037492515 325.0675
1.26294108632 321.485
1.27550725163 316.4225
1.28807342093 314.3225
1.30063959413 309.54875
1.31320577111 307.85
1.32577195175 304.4875
1.33833813597 301.945
1.35090432365 299.63
1.3634705147 295.8575
1.37603670904 293.71625
1.38860290656 289.40125
1.40116910719 287.21125
1.41373531084 284.68
1.42630151743 278.80375
1.43886772689 278.14125
1.45143393914 274.6425
1.4640001541 271.6425
1.47656637172 268.71125
1.48913259192 266.68625
1.50169881463 265.01375
1.5142650398 260.03125
1.52683126737 258.15875
1.53939749727 256.19625
1.55196372945 253.37875
1.56452996385 250.8625
1.57709620042 248.84125
1.58966243911 246.1925
1.60222867987 243.98125
1.61479492266 239.68375
1.62736116741 240.05875
1.6399274141 236.4425
1.65249366267 233.93125
1.66505991308 232.8475
1.6776261653 229.565
1.69019241927 227.15
1.70275867497 225.965
1.71532493235 223.06375
1.72789119137 221.41625
1.74045745201 219.03
1.75302371422 217.845
1.76558997798 215.95875
1.77815624325 212.87875
1.79072251 210.33375
1.80328877819 208.64
1.8158550478 206.31375
1.8284213188 206.54375
1.84098759116 202.85375
1.85355386485 201.79625
1.86612013985 198.86875
1.87868641613 197.79625
1.89125269366 197.08625
1.90381897242 194.51
1.91638525238 191.4875
1.92895153352 190.745
1.94151781583 189.52
1.95408409927 187.64875
1.96665038382 185.95875
1.97921666946 183.4675
1.99178295618 182.66125
2.00434924395 179.81
2.01691553275 178.59125
2.02948182257 177.4275
2.04204811338 176.3925
2.05461440516 174.03
2.06718069791 172.25125
2.07974699159 171.3525
2.0923132862 168.72375
2.10487958172 168.02875
2.11744587813 165.7575
2.13001217541 165.2325
2.14257847356 164.07
2.15514477254 162.6475
2.16771107236 160.8425
2.180277373 159.91625
2.19284367444 158.165
2.20540997666 157.24625
2.21797627966 156.09625
2.23054258343 154.93625
2.24310888794 153.68
2.25567519319 151.8575
2.26824149916 150.66625
2.28080780584 149.4425
2.29337411323 147.7325
2.3059404213 146.55125
2.31850673006 145.65875
2.33107303948 144.27875
2.34363934955 143.27
2.35620566027 141.95375
2.36877197163 140.30125
2.38133828361 139.39875
2.39390459621 138.69
2.40647090941 137.9775
2.41903722321 135.8075
2.4316035376 135.92875
2.44416985257 134.1975
2.4567361681 132.835
2.4693024842 132.67125
2.48186880085 131.0225
2.49443511804 130.20625
2.50700143576 129.0725
2.51956775402 128.3775
2.53213407279 127.5625
2.54470039208 126.16875
2.55726671187 125.6425
2.56983303216 124.558625
2.58239935293 123.158875
2.59496567419 122.444625
2.60753199593 121.603125
2.62009831814 120.267125
2.6326646408 119.339125
2.64523096392 118.372875
2.6577972875 117.783875
2.67036361151 117.009125
2.68292993596 116.13475
2.69549626084 115.186125
2.70806258615 114.61625
2.72062891187 113.244625
2.73319523801 112.61225
2.74576156455 111.891125
2.7583278915 111.05325
2.77089421884 110.035875
2.78346054657 109.635375
2.79602687469 108.653875
2.80859320319 108.161875
2.82115953206 106.803625
2.83372586131 106.5465
2.84629219091 105.525125
2.85885852088 105.1755
2.87142485121 104.100875
2.88399118189 103.7015
2.89655751291 102.5345
2.90912384427 101.959875
2.92169017598 101.109
2.93425650801 100.254375
2.94682284038 99.75425
2.95938917307 99.114
2.97195550608 98.25725
2.9845218394 97.63775
2.99708817304 97.013
3.00965450699 96.321625
3.02222084124 95.83175
3.0347871758 95.063
3.04735351065 94.18075
3.0599198458 93.74525
3.07248618123 93.0635
3.08505251695 92.463875
3.09761885296 92.124125
3.11018518924 91.032375
3.12275152581 90.48175
3.13531786264 90.208375
3.14788419974 89.492375
3.16045053712 88.922625
3.17301687475 88.406125
3.18558321264 87.49625
3.19814955079 87.207375
3.2107158892 86.46575
3.22328222786 86.053875
3.23584856676 85.223875
3.24841490591 84.680625
3.2609812453 84.2445
3.27354758494 83.712125
3.2861139248 83.123125
3.29868026491 82.675625
3.31124660524 82.09375
3.32381294581 81.287375
3.3363792866 81.027625
3.34894562761 80.57225
3.36151196885 80.130125
3.3740783103 79.59175
3.38664465197 78.988
3.39921099386 78.402125
3.41177733595 77.961375
3.42434367826 77.672
3.43691002077 77.149625
3.44947636349 76.54825
3.46204270641 75.962375
3.47460904953 75.751375
3.48717539285 75.20325
3.49974173636 74.63275
3.51230808007 74.1515
3.52487442397 73.744
3.53744076806 73.235375
3.55000711234 72.86125
3.5625734568 72.3835
3.57513980145 72.037625
3.58770614628 71.758
3.60027249129 71.17525
3.61283883647 70.6115
3.62540518184 70.2585
3.63797152738 69.804
3.65053787309 69.411875
3.66310421897 69.1995
3.67567056502 68.658625
3.68823691124 68.311125
3.70080325762 67.77175
3.71336960417 67.37
3.72593595088 67.252
3.73850229775 66.713875
3.75106864478 66.338625
3.76363499197 65.928875
3.77620133931 65.509125
3.78876768681 65.1555
3.80133403446 64.7595
3.81390038226 64.428125
3.82646673021 64.030875
3.83903307831 63.712125
3.85159942656 63.26675
3.86416577495 62.974
3.87673212349 62.60825
3.88929847217 62.174375
3.90186482099 61.9655
3.91443116995 61.31575
3.92699751905 61.108625
3.93956386828 60.786625
3.95213021765 60.4715
3.96469656716 60.218875
3.9772629168 59.896875
3.98982926657 59.52575
4.00239561648 59.113875
4.01496196651 58.903125
4.02752831667 58.545
4.04009466696 58.14925
4.05266101737 57.831125
4.06522736791 57.4615
4.07779371858 57.21275
4.09036006936 57.0075
4.10292642027 56.594125
4.1154927713 56.35975
4.12805912244 55.93075
4.14062547371 55.75125
4.15319182509 55.3955
4.16575817659 55.1975
4.1783245282 54.872
4.19089087993 54.4585
4.20345723177 54.222375
4.21602358372 53.955125
4.22858993578 53.659
4.24115628796 53.33075
4.25372264024 53.078875
4.26628899263 52.78625
4.27885534512 52.48775
4.29142169773 52.349625
4.30398805044 52.023125
4.31655440325 51.80475
4.32912075616 51.495375
4.34168710918 51.211625
4.3542534623 50.955375
4.36681981552 50.68975
4.37938616884 50.443
4.39195252226 50.197
4.40451887578 49.87325
4.41708522939 49.614
4.4296515831 49.340125
4.44221793691 49.12175
4.45478429081 48.920375
4.46735064481 48.66575
4.4799169989 48.393375
4.49248335308 48.002875
4.50504970735 47.854
4.51761606171 47.700625
4.53018241617 47.36925
4.54274877071 47.22925
4.55531512534 46.8395
4.56788148006 46.700875
4.58044783487 46.449
4.59301418976 46.210375
4.60558054474 45.988625
4.61814689981 45.82075
4.63071325496 45.635875
4.64327961019 45.3085
4.6558459655 45.1135
4.6684123209 44.91725
4.68097867638 44.592375
4.69354503194 44.45875
4.70611138758 44.308875
4.71867774331 44.01125
4.73124409911 43.817375
4.74381045498 43.715125
4.75637681094 43.443
4.76894316697 43.18825
4.78150952308 42.943625
4.79407587927 42.6925
4.80664223553 42.537375
4.81920859187 42.379875
4.83177494828 42.218125
4.84434130476 41.983
4.85690766132 41.795875
4.86947401795 41.6345
4.88204037465 41.382625
4.89460673143 41.12375
4.90717308827 40.95725
4.91973944519 40.8125
4.93230580217 40.569
4.94487215923 40.36275
4.95743851635 40.19275
4.97000487354 40.033125
4.9825712308 39.79225
4.99513758812 39.619125
5.00770394552 39.503875
5.02027030297 39.248375
5.0328366605 39.115375
5.04540301809 38.903875
5.05796937574 38.74175
5.07053573346 38.505375
5.08310209124 38.34675
5.09566844909 38.192375
5.108234807 38.111125
5.12080116497 37.83775
5.133367523 37.650125
5.1459338811 37.56075
5.15850023925 37.287
5.17106659747 37.149625
5.18363295574 37.055375
5.19619931408 36.859
5.20876567247 36.669375
5.22133203093 36.434875
5.23389838944 36.318375
5.24646474801 36.177625
5.25903110664 36.018625
5.27159746532 35.84825
5.28416382406 35.720875
5.29673018286 35.481125
5.30929654171 35.418625
5.32186290062 35.2255
5.33442925959 35.1305
5.34699561861 34.950625
5.35956197768 34.733375
5.37212833681 34.560875
5.38469469599 34.528
5.39726105522 34.321625
5.40982741451 34.198375
5.42239377385 34.0545
5.43496013324 33.899875
5.44752649268 33.74425
5.46009285218 33.562875
5.47265921172 33.48
5.48522557132 33.29425
5.49779193097 33.227625
5.51035829067 33.03275
5.52292465041 32.877625
5.53549101021 32.7965
5.54805737005 32.579125
5.56062372995 32.485875
5.57319008989 32.37525
5.58575644988 32.199375
5.59832280992 32.08075
5.61088917 31.998
5.62345553014 31.85075
5.63602189032 31.7165
5.64858825054 31.529125
5.66115461081 31.4205
5.67372097113 31.29525
5.68628733149 31.1735
5.6988536919 31.031875
5.71142005235 30.900375
5.72398641285 30.780875
5.73655277339 30.659375
5.74911913398 30.5185
5.76168549461 30.379125
5.77425185528 30.282375
5.786818216 30.125875
5.79938457676 30.017375
5.81195093756 29.896375
5.82451729841 29.8195
5.83708365929 29.6075
5.84965002022 29.552875
5.86221638119 29.4535
5.8747827422 29.32625
5.88734910325 29.206875
5.89991546435 29.102125
5.91248182548 29.0015
5.92504818665 28.81025
5.93761454787 28.73625
5.95018090912 28.577125
5.96274727041 28.54525
5.97531363174 28.38225
5.98787999311 28.295125
6.00044635452 28.21325
6.01301271597 28.01275
6.02557907746 27.942125
6.03814543898 27.843375
6.05071180054 27.679375
6.06327816214 27.63075
6.07584452378 27.51575
6.08841088545 27.446375
6.10097724716 27.320375
6.11354360891 27.23825
6.12610997069 27.06775
6.13867633251 26.979375
6.15124269437 26.8735
6.16380905626 26.761
6.17637541819 26.69025
6.18894178015 26.590375
6.20150814215 26.446375
6.21407450418 26.35175
6.22664086625 26.2455
6.23920722835 26.15575
6.25177359048 26.05275
6.26433995265 25.947625
6.27690631485 25.841875
6.28947267709 25.721625
6.30203903936 25.654
6.31460540166 25.558375
6.327171764 25.449375
6.33973812637 25.3275
6.35230448877 25.264
6.36487085121 25.170125
6.37743721367 25.064375
6.39000357617 25.03625
6.4025699387 24.861
6.41513630126 24.7795
6.42770266386 24.681625
6.44026902648 24.605875
6.45283538914 24.541125
6.46540175183 24.415125
6.47796811454 24.345875
6.49053447729 24.231125
6.50310084007 24.128625
6.51566720288 24.067625
6.52823356572 23.956625
6.54079992859 23.895375
6.55336629149 23.810375
6.56593265441 23.733625
6.57849901737 23.596125
6.59106538036 23.534875
6.60363174337 23.457125
6.61619810642 23.384
6.62876446949 23.316
6.64133083259 23.20925
6.65389719572 23.09175
6.66646355888 23.0535
6.67902992207 22.946625
6.69159628528 22.864
6.70416264852 22.794
6.71672901179 22.71175
6.72929537509 22.632375
6.74186173841 22.5535
6.75442810177 22.433125
6.76699446514 22.386
6.77956082855 22.302625
6.79212719198 22.203125
6.80469355544 22.106375
6.81725991892 22.064
6.82982628244 21.973625
6.84239264597 21.853
6.85495900954 21.818125
6.86752537313 21.742375
6.88009173674 21.668125
6.89265810038 21.572625
6.90522446405 21.495375
6.91779082774 21.43175
6.93035719145 21.357625
6.94292355519 21.302875
6.95548991896 21.19625
6.96805628275 21.128
6.98062264656 21.056375
6.9931890104 20.991125
7.00575537427 20.908125
7.01832173815 20.827375
7.03088810207 20.741375
7.043454466 20.682
7.05602082996 20.631
7.06858719395 20.544375
7.08115355795 20.46875
7.09371992198 20.402375
7.10628628604 20.32575
7.11885265011 20.2525
7.13141901421 20.194875
7.14398537833 20.152125
7.15655174248 20.041625
7.16911810665 19.962375
7.18168447084 19.922125
7.19425083505 19.846125
7.20681719929 19.7745
7.21938356354 19.71575
7.23194992782 19.65375
7.24451629213 19.590875
7.25708265645 19.53275
7.26964902079 19.434625
7.28221538516 19.378625
7.29478174955 19.312
7.30734811396 19.258
7.31991447839 19.157875
7.33248084284 19.1215
7.34504720732 19.060375
7.35761357181 18.97125
7.37017993633 18.9205
7.38274630086 18.85275
7.39531266542 18.813
7.40787903 18.74575
7.42044539459 18.681625
7.43301175921 18.612125
7.44557812385 18.554875
7.45814448851 18.504875
7.47071085319 18.457125
7.48327721789 18.388375
7.4958435826 18.31325
7.50840994734 18.253625
7.5209763121 18.18525
7.53354267688 18.115
7.54610904167 18.07475
7.55867540649 17.990125
7.57124177133 17.957375
7.58380813618 17.877375
7.59637450105 17.819625
7.60894086595 17.77825
7.62150723086 17.738375
7.63407359579 17.657625
7.64663996074 17.587
7.6592063257 17.5315
7.67177269069 17.504875
7.68433905569 17.43275
7.69690542071 17.37925
7.70947178576 17.31825
7.72203815081 17.260625
7.73460451589 17.2375
7.74717088099 17.14425
7.7597372461 17.094125
7.77230361123 17.017875
7.78486997638 16.98775
7.79743634154 16.915
7.81000270673 16.863625
7.82256907193 16.83925
7.83513543715 16.7835
7.84770180238 16.720125
7.86026816763 16.6665
7.8728345329 16.62625
7.88540089819 16.570125
7.89796726349 16.5195
7.91053362882 16.464375
7.92309999415 16.407375
7.93566635951 16.330875
7.94823272488 16.299875
7.96079909027 16.239875
7.97336545567 16.18075
7.98593182109 16.151625
7.99849818653 16.09575
8.01106455198 16.03575
8.02363091745 16.003
8.03619728293 15.93925
8.04876364843 15.897875
8.06133001395 15.8505
8.07389637948 15.8155
8.08646274503 15.728875
8.0990291106 15.704
8.11159547618 15.665625
8.12416184177 15.601625
8.13672820738 15.565125
8.14929457301 15.505875
8.16186093865 15.4555
8.17442730431 15.43175
8.18699366998 15.360625
8.19956003567 15.323
8.21212640137 15.272875
8.22469276709 15.242875
8.23725913282 15.187375
8.24982549857 15.125125
8.26239186433 15.09275
8.27495823011 15.042
8.2875245959 14.999125
8.30009096171 14.95175
8.31265732753 14.909375
8.32522369336 14.847125
8.33779005921 14.811625
8.35035642508 14.758625
8.36292279096 14.734875
8.37548915685 14.678625
8.38805552275 14.6235
8.40062188868 14.583
8.41318825461 14.554375
8.42575462056 14.499625
8.43832098652 14.47575
8.4508873525 14.42775
8.46345371849 14.373375
8.47602008449 14.343625
8.48858645051 14.291875
8.50115281654 14.259375
8.51371918259 14.206375
8.52628554864 14.157125
8.53885191472 14.119875
8.5514182808 14.085125
8.5639846469 14.04725
8.57655101301 14.00025
8.58911737914 13.95375
8.60168374527 13.90775
8.61425011142 13.891375
8.62681647759 13.822375
8.63938284376 13.798625
8.65194920995 13.737125
8.66451557616 13.7155
8.67708194237 13.6755
8.6896483086 13.625
8.70221467484 13.586375
8.71478104109 13.54675
8.72734740736 13.519
8.73991377364 13.476375
8.75248013993 13.43425
8.76504650623 13.4035
8.77761287255 13.358125
8.79017923888 13.307625
8.80274560522 13.292125
8.81531197157 13.2495
8.82787833793 13.194375
8.84044470431 13.167375
8.8530110707 13.127625
8.8655774371 13.092375
8.87814380351 13.063625
8.89071016993 13.02
8.90327653637 12.989
8.91584290282 12.943375
8.92840926928 12.918375
8.94097563575 12.861375
8.95354200223 12.82725
8.96610836873 12.7975
8.97867473523 12.756
8.99124110175 12.710875
9.00380746828 12.681375
9.01637383482 12.647125
9.02894020137 12.604375
9.04150656793 12.57625
9.05407293451 12.5405
9.06663930109 12.50725
9.07920566769 12.46845
9.0917720343 12.4324
9.10433840092 12.3900875
9.11690476755 12.363
9.12947113419 12.3399125
9.14203750084 12.2893375
9.1546038675 12.264225
9.16717023418 12.2245375
9.17973660086 12.18845
9.19230296755 12.1546
9.20486933426 12.1307
9.21743570098 12.099575
9.2300020677 12.0611
9.24256843444 12.0271875
9.25513480119 11.9957875
9.26770116795 11.9608
9.28026753472 11.9347
9.2928339015 11.89215
9.30540026829 11.863275
9.31796663509 11.83895
9.3305330019 11.8002
9.34309936872 11.7679875
9.35566573555 11.736875
9.36823210239 11.7103875
9.38079846924 11.6782125
9.3933648361 11.638525
9.40593120297 11.6063
9.41849756985 11.5658375
9.43106393674 11.5409875
9.44363030364 11.5103625
9.45619667055 11.46955
9.46876303747 11.449375
9.48132940441 11.4185
9.49389577135 11.394275
9.5064621383 11.3543
9.51902850525 11.3356625
9.53159487222 11.2908375
9.5441612392 11.2723
9.55672760619 11.231975
9.56929397319 11.2008125
9.5818603402 11.1769625
9.59442670721 11.13675
9.60699307424 11.10785
9.61955944127 11.0811625
9.63212580832 11.0509375
9.64469217537 11.0166625
9.65725854244 10.989025
9.66982490951 10.9569625
9.68239127659 10.9291375
9.69495764368 10.905875
9.70752401078 10.8585375
9.72009037789 10.8500875
9.73265674501 10.816225
9.74522311214 10.7873125
9.75778947927 10.7626125
9.77035584642 10.7231875
9.78292221357 10.7076625
9.79548858074 10.6835125
9.80805494791 10.64165
9.82062131509 10.6160625
9.83318768228 10.583325
9.84575404948 10.5707
9.85832041668 10.5366
9.8708867839 10.5068375
9.88345315112 10.4849125
9.89601951836 10.454925
9.9085858856 10.416075
9.92115225285 10.3984125
9.93371862011 10.3710375
9.94628498737 10.34615
9.95885135465 10.3219125
9.97141772193 10.282075
9.98398408923 10.2672
9.99655045653 10.2330375
10.0091168238 10.1978875
10.0216831912 10.1819875
10.0342495585 10.1559625
10.0468159258 10.127175
10.0593822932 10.1027875
10.0719486605 10.07535
10.0845150279 10.0540875
10.0970813952 10.0211875
10.1096477626 10.00565
10.12221413 9.9751625
10.1347804974 9.949675
10.1473468648 9.920325
10.1599132322 9.8943125
10.1724795996 9.869275
10.185045967 9.84445
10.1976123344 9.8214375
10.2101787019 9.8012875
10.2227450693 9.7754875
10.2353114368 9.7471875
10.2478778042 9.71655
10.2604441717 9.6982625
10.2730105392 9.6738375
10.2855769067 9.6442375
10.2981432742 9.6206375
10.3107096417 9.597275
10.3232760092 9.5677625
10.3358423767 9.543775
10.3484087442 9.530725
10.3609751117 9.4984125
10.3735414793 9.4718625
10.3861078468 9.4510375
10.3986742144 9.4350375
10.4112405819 9.4066875
10.4238069495 9.382375
10.4363733171 9.3638
10.4489396847 9.3385125
10.4615060522 9.3138875
10.4740724198 9.2891125
10.4866387874 9.2711375
10.4992051551 9.2419875
10.5117715227 9.2203875
10.5243378903 9.2014375
10.5369042579 9.17035
10.5494706256 9.15495
10.5620369932 9.1286
10.5746033609 9.10555
10.5871697285 9.0819875
10.5997360962 9.0562
10.6123024639 9.0407
10.6248688315 9.0136375
10.6374351992 8.9917125
10.6500015669 8.97165
10.6625679346 8.9532875
10.6751343023 8.9322875
10.6877006701 8.90825
10.7002670378 8.88125
10.7128334055 8.8608125
10.7253997732 8.841575
10.737966141 8.8220875
10.7505325087 8.7886375
10.7630988765 8.7652125
10.7756652443 8.7532875
10.788231612 8.7279875
10.8007979798 8.70565
10.8133643476 8.6913875
10.8259307154 8.6556375
10.8384970832 8.64865
10.851063451 8.6251625
10.8636298188 8.5995
10.8761961866 8.5844
10.8887625544 8.5577375
10.9013289222 8.5434625
10.9138952901 8.5172125
10.9264616579 8.495875
10.9390280258 8.4793625
10.9515943936 8.45405
10.9641607615 8.4374125
10.9767271293 8.4274625
10.9892934972 8.4006375
11.0018598651 8.3799625
11.014426233 8.36925
11.0269926009 8.3376875
11.0395589688 8.3191875
11.0521253367 8.3018375
11.0646917046 8.283725
11.0772580725 8.2527875
11.0898244404 8.2444625
11.1023908084 8.2221625
11.1149571763 8.2031625
11.1275235442 8.183475
11.1400899122 8.1689375
11.1526562801 8.14385
11.1652226481 8.1265125
11.177789016 8.1035
11.190355384 8.0829125
11.202921752 8.0650375
11.21548812 8.045725
11.228054488 8.0213375
11.240620856 8.0132625
11.253187224 7.99525
11.265753592 7.9671625
11.27831996 7.949625
11.290886328 7.9274375
11.303452696 7.911325
11.316019064 7.8965875
11.3285854321 7.8807875
11.3411518001 7.8647125
11.3537181682 7.8443875
11.3662845362 7.8206625
11.3788509043 7.8065875
11.3914172723 7.7876
11.4039836404 7.7609125
11.4165500085 7.75
11.4291163766 7.7259
11.4416827446 7.7186
11.4542491127 7.6970375
11.4668154808 7.6750375
11.4793818489 7.6660625
11.491948217 7.6456
11.5045145852 7.6246875
11.5170809533 7.605025
11.5296473214 7.588675
11.5422136895 7.5726125
11.5547800577 7.5538
11.5673464258 7.5333125
11.5799127939 7.512425
11.5924791621 7.501875
11.6050455302 7.486425
11.6176118984 7.4702
11.6301782666 7.4588375
11.6427446347 7.4315625
11.6553110029 7.4145625
11.6678773711 7.3989
11.6804437393 7.3838875
11.6930101075 7.3672
11.7055764757 7.3482875
11.7181428439 7.3337625
11.7307092121 7.319725
11.7432755803 7.3012125
11.7558419485 7.287075
11.7684083168 7.2692125
11.780974685 7.252325
11.7935410532 7.2385375
11.8061074215 7.2209375
11.8186737897 7.21
11.8312401579 7.1899
11.8438065262 7.173125
11.8563728945 7.1528375
11.8689392627 7.141
11.881505631 7.130025
11.8940719993 7.1052625
11.9066383675 7.0998125
11.9192047358 7.0778125
11.9317711041 7.065775
11.9443374724 7.04345
11.9569038407 7.0271125
11.969470209 7.0154875
11.9820365773 6.997475
11.9946029456 6.9745375
12.007169314 6.9686625
12.0197356823 6.951425
12.0323020506 6.9394125
12.0448684189 6.9195375
12.0574347873 6.9081625
12.0700011556 6.8856375
12.082567524 6.8747125
12.0951338923 6.8576625
12.1077002607 6.8429875
12.120266629 6.8307875
12.1328329974 6.8119875
12.1453993658 6.7989
12.1579657341 6.78695
12.1705321025 6.7728125
12.1830984709 6.7534125
12.1956648393 6.74115
12.2082312077 6.725575
12.2207975761 6.7113375
12.2333639445 6.697725
12.2459303129 6.6781625
12.2584966813 6.6633125
12.2710630497 6.6531875
12.2836294181 6.6386
12.2961957866 6.61865
12.308762155 6.6139875
12.3213285234 6.5938875
12.3338948919 6.5772125
12.3464612603 6.5675125
12.3590276288 6.54845
12.3715939972 6.5350875
12.3841603657 6.5157
12.3967267341 6.5136875
12.4092931026 6.494725
12.4218594711 6.4769125
12.4344258395 6.4694
12.446992208 6.45245
12.4595585765 6.4380125
12.472124945 6.421475
12.4846913135 6.414125
12.497257682 6.399325
12.5098240505 6.3794875
12.522390419 6.3706
12.5349567875 6.351075
12.547523156 6.341025
12.5600895245 6.3282
12.572655893 6.315025
12.5852222615 6.2982
12.5977886301 6.2885375
12.6103549986 6.2755875
12.6229213671 6.2596
12.6354877357 6.2471
12.6480541042 6.23465
12.6606204728 6.2205625
12.6731868413 6.20835
12.6857532099 6.1932
12.6983195784 6.1798125
12.710885947 6.1725125
12.7234523156 6.1594
12.7360186842 6.1417875
12.7485850527 6.134425
12.7611514213 6.1170375
12.7737177899 6.1058125
12.7862841585 6.09255
12.7988505271 6.081375
12.8114168957 6.0679625
12.8239832643 6.0548375
12.8365496329 6.0370125
12.8491160015 6.027675
12.8616823701 6.0126
12.8742487387 6.00225
12.8868151073 5.991075
12.899381476 5.9798375
12.9119478446 5.9658625
12.9245142132 5.9545375
12.9370805819 5.93635
12.9496469505 5.9287125
12.9622133191 5.9137125
12.9747796878 5.9001125
12.9873460564 5.89165
12.9999124251 5.87365
13.0124787938 5.8646875
13.0250451624 5.8552625
13.0376115311 5.840025
13.0501778998 5.8234125
13.0627442684 5.815675
13.0753106371 5.80155
13.0878770058 5.7922
13.1004433745 5.7782375
13.1130097432 5.77
13.1255761119 5.75245
13.1381424806 5.74805
13.1507088493 5.7291625
13.163275218 5.7201625
13.1758415867 5.706225
13.1884079554 5.6918375
13.2009743241 5.6824625
13.2135406928 5.6741
13.2261070615 5.65815
13.2386734303 5.6481625
13.251239799 5.634875
13.2638061677 5.623125
13.2763725365 5.6124
13.2889389052 5.5991625
13.3015052739 5.591575
13.3140716427 5.5795
13.3266380114 5.56505
13.3392043802 5.5570125
13.351770749 5.5496125
13.3643371177 5.5337875
13.3769034865 5.52385
13.3894698552 5.508675
13.402036224 5.4980625
13.4146025928 5.4914
13.4271689616 5.4800625
13.4397353304 5.4691375
13.4523016991 5.45995
13.4648680679 5.4475375
13.4774344367 5.437325
13.4900008055 5.4318625
13.5025671743 5.409
13.5151335431 5.405525
13.5276999119 5.3936125
13.5402662807 5.381075
13.5528326495 5.37205
13.5653990184 5.3560875
13.5779653872 5.3491125
13.590531756 5.339925
13.6030981248 5.3279875
13.6156644936 5.3182125
13.6282308625 5.3099875
13.6407972313 5.29935
13.6533636002 5.286225
13.665929969 5.2758125
13.6784963378 5.2622
13.6910627067 5.252075
13.7036290755 5.2451625
13.7161954444 5.229675
13.7287618133 5.2217
13.7413281821 5.213125
13.753894551 5.2007625
13.7664609198 5.1968375
13.7790272887 5.183125
13.7915936576 5.1717625
13.8041600265 5.1622125
13.8167263953 5.152625
13.8292927642 5.1402625
13.8418591331 5.1278125
13.854425502 5.1212375
13.8669918709 5.1076
13.8795582398 5.1025
13.8921246087 5.0893125
13.9046909776 5.08185
13.9172573465 5.067875
13.9298237154 5.0622625
13.9423900843 5.0526375
13.9549564532 5.04305
13.9675228222 5.0314875
13.9800891911 5.0192125
13.99265556 5.008775
14.0052219289 5.00505
14.0177882979 4.9929375
14.0303546668 4.979275
14.0429210357 4.972925
14.0554874047 4.96145
14.0680537736 4.950025
14.0806201426 4.9426875
14.0931865115 4.934525
14.1057528804 4.924425
14.1183192494 4.9119
14.1308856184 4.90585
14.1434519873 4.8971875
14.1560183563 4.8861125
14.1685847252 4.8754875
14.1811510942 4.865025
14.1937174632 4.8580125
14.2062838322 4.8445125
14.2188502011 4.8345875
14.2314165701 4.8277625
14.2439829391 4.8212625
14.2565493081 4.8088625
14.2691156771 4.7998125
14.2816820461 4.791475
14.2942484151 4.7828375
14.3068147841 4.77155
14.3193811531 4.765725
14.3319475221 4.7556875
14.3445138911 4.74535
14.3570802601 4.736625
14.3696466291 4.7265875
14.3822129981 4.721
14.3947793671 4.7078125
14.4073457361 4.701575
14.4199121052 4.6917625
14.4324784742 4.6815625
14.4450448432 4.6730375
14.4576112122 4.665625
14.4701775813 4.655975
14.4827439503 4.647825
14.4953103194 4.634825
14.5078766884 4.626475
14.5204430574 4.6184375
14.5330094265 4.6107125
14.5455757955 4.598575
14.5581421646 4.5939
14.5707085336 4.586125
14.5832749027 4.57705
14.5958412718 4.5700375
14.6084076408 4.55925
14.6209740099 4.549625
14.633540379 4.5417125
14.646106748 4.5368
14.6586731171 4.5260125
14.6712394862 4.5175125
14.6838058553 4.509
14.6963722243 4.5000375
14.7089385934 4.49225
14.7215049625 4.483025
14.7340713316 4.47375
14.7466377007 4.468625
14.7592040698 4.4580875
14.7717704389 4.4526875
14.784336808 4.4415625
14.7969031771 4.4377
14.8094695462 4.42585
14.8220359153 4.4192375
14.8346022844 4.4086625
14.8471686535 4.399175
14.8597350226 4.3933625
14.8723013918 4.387575
14.8848677609 4.3764125
14.89743413 4.3710875
14.9100004991 4.3578625
14.9225668683 4.3504125
14.9351332374 4.3456375
14.9476996065 4.336525
14.9602659757 4.32425
14.9728323448 4.3203
14.9853987139 4.3120625
14.9979650831 4.3044375
15.0105314522 4.294425
15.0230978214 4.287475
15.0356641905 4.2802125
15.0482305597 4.2727625
15.0607969288 4.266725
15.073363298 4.2592375
15.0859296671 4.2470625
15.0984960363 4.245275
15.1110624055 4.2331875
15.1236287746 4.22635
15.1361951438 4.218025
15.148761513 4.210875
15.1613278822 4.20175
15.1738942513 4.193275
15.1864606205 4.1896625
15.1990269897 4.18105
15.2115933589 4.172825
15.2241597281 4.163025
15.2367260972 4.1592625
15.2492924664 4.1476875
15.2618588356 4.1414375
15.2744252048 4.1331625
15.286991574 4.127775
15.2995579432 4.117675
15.3121243124 4.1107125
15.3246906816 4.1043125
15.3372570508 4.098725
15.34982342 4.0885375
15.3623897893 4.081025
15.3749561585 4.075225
15.3875225277 4.07
15.4000888969 4.0602875
15.4126552661 4.053975
15.4252216354 4.04695
15.4377880046 4.037075
15.4503543738 4.0323625
15.462920743 4.0273875
15.4754871123 4.0169625
15.4880534815 4.01145
15.5006198507 4.0032875
15.51318622 3.9956375
15.5257525892 3.9865
15.5383189585 3.98035
15.5508853277 3.9736375
15.563451697 3.9659875
15.5760180662 3.96015
15.5885844355 3.9534125
15.6011508047 3.9446875
15.613717174 3.9389625
15.6262835432 3.9313875
15.6388499125 3.9221875
15.6514162818 3.917675
15.663982651 3.9117125
15.6765490203 3.903025
15.6891153896 3.8983125
15.7016817588 3.891025
15.7142481281 3.88485
15.7268144974 3.8754
15.7393808667 3.8673875
15.7519472359 3.86275
15.7645136052 3.8576375
15.7770799745 3.8502625
15.7896463438 3.842
15.8022127131 3.83645
15.8147790824 3.8279125
15.8273454517 3.8234125
15.839911821 3.8155625
15.8524781903 3.809475
15.8650445596 3.8042125
15.8776109289 3.7937
15.8901772982 3.7892625
15.9027436675 3.783075
15.9153100368 3.7764875
15.9278764061 3.7681625
15.9404427754 3.7624625
15.9530091447 3.755775
15.965575514 3.7512375
15.9781418833 3.740925
15.9907082527 3.73525
16.003274622 3.73035
16.0158409913 3.7225625
16.0284073606 3.7162
16.04097373 3.7100125
16.0535400993 3.7034375
16.0661064686 3.6966875
16.078672838 3.6905375
16.0912392073 3.6840375
16.1038055766 3.6763
16.116371946 3.6724125
16.1289383153 3.665575
16.1415046847 3.658075
16.154071054 3.6520125
16.1666374234 3.6443875
16.1792037927 3.639075
16.1917701621 3.6341125
16.2043365314 3.6276875
16.2169029008 3.6209375
16.2294692701 3.614675
16.2420356395 3.6084375
16.2546020088 3.60025
16.2671683782 3.5975125
16.2797347476 3.5889625
16.2923011169 3.582775
16.3048674863 3.57835
16.3174338557 3.570975
16.3300002251 3.565975
16.3425665944 3.56055
16.3551329638 3.5523
16.3676993332 3.54805
16.3802657026 3.5419375
16.3928320719 3.534375
16.4053984413 3.5285625
16.4179648107 3.5263
16.4305311801 3.5166
16.4430975495 3.5105
16.4556639189 3.50515
16.4682302883 3.498225
16.4807966577 3.494775
16.4933630271 3.4866375
16.5059293965 3.481425
16.5184957659 3.4752375
16.5310621353 3.4696125
16.5436285047 3.4647375
16.5561948741 3.4573375
16.5687612435 3.4515125
16.5813276129 3.4456
16.5938939823 3.4404625
16.6064603517 3.4335
16.6190267212 3.4277125
16.6315930906 3.4203625
16.64415946 3.4184125
16.6567258294 3.411
16.6692921988 3.4046875
16.6818585683 3.3988
16.6944249377 3.39265
16.7069913071 3.3867125
16.7195576765 3.382475
16.732124046 3.376725
16.7446904154 3.3722625
16.7572567848 3.3637625
16.7698231543 3.3590375
16.7823895237 3.3532
16.7949558932 3.3481625
16.8075222626 3.3418875
16.8200886321 3.3366
16.8326550015 3.3307875
16.8452213709 3.3250125
16.8577877404 3.320225
16.8703541098 3.3149375
16.8829204793 3.3072375
16.8954868488 3.30385
16.9080532182 3.2991875
16.9206195877 3.2919875
16.9331859571 3.2879875
16.9457523266 3.28115
16.9583186961 3.2770375
16.9708850655 3.271
16.983451435 3.2660875
16.9960178045 3.257975
17.0085841739 3.2544125
17.0211505434 3.2493875
17.0337169129 3.2427875
17.0462832823 3.238
17.0588496518 3.233725
17.0714160213 3.2289125
17.0839823908 3.2233375
17.0965487603 3.2183375
17.1091151297 3.2109625
17.1216814992 3.2067125
17.1342478687 3.2011625
17.1468142382 3.1966375
17.1593806077 3.1901875
17.1719469772 3.18695
17.1845133467 3.1803375
17.1970797162 3.17585
17.2096460857 3.1711875
17.2222124552 3.1651875
17.2347788247 3.1597375
17.2473451942 3.1539
17.2599115637 3.15095
17.2724779332 3.1460625
17.2850443027 3.140025
17.2976106722 3.133475
17.3101770417 3.1291625
17.3227434112 3.1238125
17.3353097807 3.1212125
17.3478761503 3.1133875
17.3604425198 3.1098125
17.3730088893 3.104475
17.3855752588 3.09865
17.3981416283 3.0941875
17.4107079978 3.08925
17.4232743674 3.086275
17.4358407369 3.0789125
17.4484071064 3.0727875
17.460973476 3.0693
17.4735398455 3.0638
17.486106215 3.06005
17.4986725845 3.0548
17.5112389541 3.0485125
17.5238053236 3.04455
17.5363716932 3.03795
17.5489380627 3.0336
17.5615044322 3.0298
17.5740708018 3.02495
17.5866371713 3.0200625
17.5992035409 3.014
17.6117699104 3.0105
17.62433628 3.004
17.6369026495 3.001875
17.6494690191 2.9958
17.6620353886 2.992025
17.6746017582 2.985625
17.6871681277 2.98015
17.6997344973 2.9756125
17.7123008669 2.971175
17.7248672364 2.96665
17.737433606 2.96255
17.7499999755 2.957675
17.7625663451 2.9541375
17.7751327147 2.9483875
17.7876990842 2.94305
17.8002654538 2.93905
17.8128318234 2.932575
17.825398193 2.929575
17.8379645625 2.92585
17.8505309321 2.9196125
17.8630973017 2.9158375
17.8756636713 2.9101875
17.8882300408 2.90665
17.9007964104 2.9014375
17.91336278 2.896625
17.9259291496 2.891875
17.9384955192 2.8862875
17.9510618888 2.884325
17.9636282584 2.8805125
17.9761946279 2.8743125
17.9887609975 2.8707625
18.0013273671 2.8666625
18.0138937367 2.8620125
18.0264601063 2.85645
18.0390264759 2.8514875
18.0515928455 2.8483
18.0641592151 2.8424375
18.0767255847 2.8380875
18.0892919543 2.834475
18.1018583239 2.8296625
18.1144246935 2.8261625
18.1269910631 2.821775
18.1395574327 2.81545
18.1521238024 2.812875
18.164690172 2.8089375
18.1772565416 2.8044375
18.1898229112 2.7982875
18.2023892808 2.795425
18.2149556504 2.789925
18.22752202 2.787675
18.2400883897 2.782725
18.2526547593 2.7781375
18.2652211289 2.77295
18.2777874985 2.76965
18.2903538682 2.7647125
18.3029202378 2.7606625
18.3154866074 2.7560875
18.328052977 2.7512625
18.3406193467 2.748475
18.3531857163 2.7435625
18.3657520859 2.7395125
18.3783184556 2.7358875
18.3908848252 2.7289875
18.4034511948 2.7276
18.4160175645 2.7222875
18.4285839341 2.718375
18.4411503038 2.714125
18.4537166734 2.71085
18.466283043 2.7079125
18.4788494127 2.7009625
18.4914157823 2.698075
18.503982152 2.694
18.5165485216 2.6886625
18.5291148913 2.686625
18.5416812609 2.681275
18.5542476306 2.678175
18.5668140002 2.67305
18.5793803699 2.6704125
18.5919467396 2.6641125
18.6045131092 2.6594125
18.6170794789 2.65675
18.6296458485 2.6522875
18.6422122182 2.6486
18.6547785879 2.6451
18.6673449575 2.640125
18.6799113272 2.63645
18.6924776969 2.632425
18.7050440665 2.6286875
18.7176104362 2.6250875
18.7301768059 2.6209875
18.7427431755 2.61775
18.7553095452 2.612625
18.7678759149 2.6092625
18.7804422846 2.6062375
18.7930086542 2.60055
18.8055750239 2.59745
18.8181413936 2.5931125
18.8307077633 2.588475
18.843274133 2.585575
18.8558405026 2.581825
18.8684068723 2.578225
18.880973242 2.5735125
18.8935396117 2.5685625
18.9061059814 2.565775
18.9186723511 2.560775
18.9312387208 2.5572875
18.9438050905 2.554525
18.9563714602 2.5499375
18.9689378299 2.5468
18.9815041995 2.5439375
18.9940705692 2.5375375
19.0066369389 2.535575
19.0192033086 2.531925
19.0317696783 2.528475
19.044336048 2.5238875
19.0569024177 2.520175
19.0694687875 2.516475
19.0820351572 2.5125375
19.0946015269 2.50925
19.1071678966 2.5059
19.1197342663 2.501
19.132300636 2.49715
19.1448670057 2.495
19.1574333754 2.49085
19.1699997451 2.4861375
19.1825661148 2.483825
19.1951324846 2.4787875
19.2076988543 2.4761125
19.220265224 2.471925
19.2328315937 2.4698125
19.2453979634 2.46385
19.2579643332 2.4597875
19.2705307029 2.4568625
19.2830970726 2.4537125
19.2956634423 2.449775
19.3082298121 2.4471
19.3207961818 2.443375
19.3333625515 2.4396625
19.3459289212 2.4360375
19.358495291 2.4331375
19.3710616607 2.428775
19.3836280304 2.42535
19.3961944002 2.4219625
19.4087607699 2.4187625
19.4213271396 2.4144625
19.4338935094 2.4113
19.4464598791 2.4078125
19.4590262489 2.4043625
19.4715926186 2.4011875
19.4841589884 2.397375
19.4967253581 2.3944
19.5092917278 2.3895
19.5218580976 2.3862625
19.5344244673 2.3841625
19.5469908371 2.3796875
19.5595572068 2.3744625
19.5721235766 2.3732125
19.5846899463 2.3692875
19.5972563161 2.3666
19.6098226858 2.3623
19.6223890556 2.359575
19.6349554253 2.3551375
19.6475217951 2.353
19.6600881649 2.3488875
19.6726545346 2.346325
19.6852209044 2.341425
19.6977872741 2.339
19.7103536439 2.335275
19.7229200137 2.3327625
19.7354863834 2.3295625
19.7480527532 2.3245875
19.760619123 2.3224
19.7731854927 2.318975
19.7857518625 2.316075
19.7983182323 2.3120125
19.810884602 2.309525
19.8234509718 2.306775
19.8360173416 2.3030875
19.8485837114 2.3000625
19.8611500811 2.2966625
19.8737164509 2.293125
19.8862828207 2.2897875
19.8988491905 2.28655
19.9114155603 2.283175
19.92398193 2.2805875
19.9365482998 2.276375
19.9491146696 2.2730375
19.9616810394 2.271675
19.9742474092 2.266775
19.986813779 2.2637625
19.9993801487 2.2607625
20.0119465185 2.256675
20.0245128883 2.2549
20.0370792581 2.251475
20.0496456279 2.24765
20.0622119977 2.244825
20.0747783675 2.241525
20.0873447373 2.23815
20.0999111071 2.235
20.1124774769 2.2324
20.1250438467 2.23015
20.1376102165 2.226625
20.1501765863 2.223925
20.1627429561 2.2202625
20.1753093259 2.2172875
20.1878756957 2.21445
20.2004420655 2.211075
20.2130084353 2.2074375
20.2255748051 2.204825
20.2381411749 2.201225
20.2507075447 2.199625
20.2632739145 2.1957125
20.2758402843 2.1939375
20.2884066541 2.1887375
20.3009730239 2.1871
20.3135393937 2.184775
20.3261057636 2.181075
20.3386721334 2.178225
20.3512385032 2.1747125
20.363804873 2.1728125
20.3763712428 2.168975
20.3889376126 2.1659
20.4015039825 2.1624
20.4140703523 2.1593125
20.4266367221 2.1566625
20.4392030919 2.1522625
20.4517694617 2.1511375
20.4643358316 2.147675
20.4769022014 2.14535
20.4894685712 2.141925
20.5020349411 2.139425
20.5146013109 2.135725
20.5271676807 2.1339625
20.5397340505 2.1302875
20.5523004204 2.1265375
20.5648667902 2.1246375
20.57743316 2.12255
20.5899995299 2.119675
20.6025658997 2.1168125
20.6151322695 2.1133125
20.6276986394 2.1110375
20.6402650092 2.1073875
20.652831379 2.1057125
20.6653977489 2.102075
20.6779641187 2.0982375
20.6905304886 2.0958875
20.7030968584 2.0946
20.7156632283 2.090325
20.7282295981 2.0873625
20.7407959679 2.0851875
20.7533623378 2.0821
20.7659287076 2.0799125
20.7784950775 2.076375
20.7910614473 2.07355
20.8036278172 2.0709875
20.816194187 2.0690875
20.8287605569 2.066125
20.8413269267 2.0634125
20.8538932966 2.0599
20.8664596664 2.057175
20.8790260363 2.054775
20.8915924062 2.05195
20.904158776 2.0486
20.9167251459 2.0469125
20.9292915157 2.0445375
20.9418578856 2.0420125
20.9544242555 2.0381375
20.9669906253 2.0359625
20.9795569952 2.0329625
20.992123365 2.031925
21.0046897349 2.027625
21.0172561048 2.02675
21.0298224746 2.0218875
21.0423888445 2.0200875
21.0549552144 2.0178875
21.0675215842 2.0147875
21.0800879541 2.0119875
21.092654324 2.0090875
21.1052206939 2.006925
21.1177870637 2.0044625
21.1303534336 2.0018375
21.1429198035 1.9983375
21.1554861733 1.9961875
21.1680525432 1.994275
21.1806189131 1.9911625
21.193185283 1.989575
21.2057516529 1.98665
21.2183180227 1.9839125
21.2308843926 1.9814625
21.2434507625 1.9782625
21.2560171324 1.9762625
21.2685835023 1.9739375
21.2811498721 1.9711
21.293716242 1.96785
21.3062826119 1.9660125
21.3188489818 1.963275
21.3314153517 1.960825
21.3439817216 1.959325
21.3565480915 1.955775
21.3691144614 1.9536
21.3816808312 1.9503125
21.3942472011 1.948775
21.406813571 1.946925
21.4193799409 1.9438875
21.4319463108 1.940775
21.4445126807 1.9387
21.4570790506 1.9366375
21.4696454205 1.9335125
21.4822117904 1.9315125
21.4947781603 1.929275
21.5073445302 1.92745
21.5199109001 1.924475
21.53247727 1.922625
21.5450436399 1.9214375
21.5576100098 1.91725
21.5701763797 1.91505
21.5827427496 1.9133
21.5953091195 1.9105
21.6078754894 1.9075875
21.6204418593 1.90615
21.6330082292 1.9034625
21.6455745991 1.901025
21.658140969 1.8980375
21.670707339 1.8964125
21.6832737089 1.8931875
21.6958400788 1.8917375
21.7084064487 1.8895125
21.7209728186 1.8866
21.7335391885 1.88395
21.7461055584 1.883175
21.7586719283 1.8802625
21.7712382983 1.8765875
21.7838046682 1.8748875
21.7963710381 1.8731125
21.808937408 1.87085
21.8215037779 1.8684375
21.8340701479 1.8661625
21.8466365178 1.8642375
21.8592028877 1.8613
21.8717692576 1.86
21.8843356275 1.857825
21.8969019975 1.8552375
21.9094683674 1.8528375
21.9220347373 1.8506375
21.9346011072 1.84895
21.9471674772 1.8460375
21.9597338471 1.8435125
21.972300217 1.8415875
21.984866587 1.839775
21.9974329569 1.8379
22.0099993268 1.835925
22.0225656968 1.8328625
22.0351320667 1.829975
22.0476984366 1.8294125
22.0602648066 1.8266625
22.0728311765 1.8239625
22.0853975464 1.8222625
22.0979639164 1.8199
22.1105302863 1.81795
22.1230966562 1.816025
22.1356630262 1.813775
22.1482293961 1.811825
22.1607957661 1.8102
22.173362136 1.8075
22.1859285059 1.8049375
22.1984948759 1.803175
22.2110612458 1.8006625
22.2236276158 1.7989875
22.2361939857 1.7972
22.2487603557 1.7945125
22.2613267256 1.793225
22.2738930956 1.790325
22.2864594655 1.7892
22.2990258355 1.7856125
22.3115922054 1.7848375
22.3241585754 1.7826375
22.3367249453 1.7803
22.3492913153 1.7793375
22.3618576852 1.7766375
22.3744240552 1.774825
22.3869904251 1.77235
22.3995567951 1.7706625
22.412123165 1.7685125
22.424689535 1.766825
22.4372559049 1.7644875
22.4498222749 1.762575
22.4623886449 1.7610375
22.4749550148 1.7578125
22.4875213848 1.7557
22.5000877547 1.7552125
22.5126541247 1.753175
22.5252204947 1.7501
22.5377868646 1.7486625
22.5503532346 1.746775
22.5629196046 1.745375
22.5754859745 1.74335
22.5880523445 1.7403625
22.6006187144 1.7393375
22.6131850844 1.7375
22.6257514544 1.7358125
22.6383178244 1.7334
22.6508841943 1.7315875
22.6634505643 1.7302875
22.6760169343 1.7280375
22.6885833042 1.7264875
22.7011496742 1.7239625
22.7137160442 1.7227875
22.7262824142 1.720875
22.7388487841 1.71945
22.7514151541 1.717425
22.7639815241 1.7157
22.7765478941 1.7133625
22.789114264 1.7115375
22.801680634 1.7094375
22.814247004 1.7079
22.826813374 1.7062
22.8393797439 1.703825
22.8519461139 1.702875
22.8645124839 1.7008125
22.8770788539 1.698925
22.8896452239 1.6978
22.9022115939 1.695825
22.9147779638 1.69405
22.9273443338 1.6925125
22.9399107038 1.6903
22.9524770738 1.68885
22.9650434438 1.6873625
22.9776098138 1.684125
22.9901761838 1.6834875
23.0027425538 1.6824875
23.0153089237 1.6796875
23.0278752937 1.6785875
23.0404416637 1.6767625
23.0530080337 1.6756625
23.0655744037 1.6732
23.0781407737 1.6713375
23.0907071437 1.6696125
23.1032735137 1.668875
23.1158398837 1.6667125
23.1284062537 1.66485
23.1409726237 1.6635625
23.1535389937 1.6618125
23.1661053637 1.65995
23.1786717337 1.658475
23.1912381037 1.657175
23.2038044737 1.655475
23.2163708437 1.6535
23.2289372137 1.6514375
23.2415035837 1.6502375
23.2540699537 1.64895
23.2666363237 1.64695
23.2792026937 1.645125
23.2917690637 1.6442125
23.3043354337 1.6423
23.3169018037 1.6410625
23.3294681737 1.6393875
23.3420345437 1.6379875
23.3546009137 1.636375
23.3671672837 1.6347625
23.3797336537 1.6330375
23.3923000237 1.6318125
23.4048663938 1.6302125
23.4174327638 1.6289
23.4299991338 1.6264
23.4425655038 1.6258625
23.4551318738 1.6238875
23.4676982438 1.6226
23.4802646138 1.6211875
23.4928309838 1.6193375
23.5053973539 1.6185
23.5179637239 1.617375
23.5305300939 1.6153625
23.5430964639 1.6137875
23.5556628339 1.612025
23.5682292039 1.6115375
23.580795574 1.60905
23.593361944 1.6081
23.605928314 1.6069375
23.618494684 1.6056625
23.631061054 1.603825
23.6436274241 1.6024875
23.6561937941 1.6009
23.6687601641 1.5994
23.6813265341 1.598425
23.6938929042 1.597425
23.7064592742 1.5960375
23.7190256442 1.5941875
23.7315920142 1.5929625
23.7441583843 1.5922
23.7567247543 1.5902125
23.7692911243 1.589075
23.7818574944 1.5884125
23.7944238644 1.5867
23.8069902344 1.5856
23.8195566044 1.5838625
23.8321229745 1.582325
23.8446893445 1.58135
23.8572557145 1.5800375
23.8698220846 1.5785375
23.8823884546 1.5772875
23.8949548246 1.575875
23.9075211947 1.5739625
23.9200875647 1.5730875
23.9326539348 1.5718875
23.9452203048 1.57095
23.9577866748 1.570025
23.9703530449 1.5688625
23.9829194149 1.5668875
23.9954857849 1.5662875
24.008052155 1.565125
24.020618525 1.5638375
24.0331848951 1.56285
24.0457512651 1.560975
24.0583176352 1.5605875
24.0708840052 1.5588
24.0834503752 1.55755
24.0960167453 1.556825
24.1085831153 1.55555
24.1211494854 1.5547625
24.1337158554 1.5532125
24.1462822255 1.5520125
24.1588485955 1.550825
24.1714149656 1.5499
24.1839813356 1.5489
24.1965477057 1.5476375
24.2091140757 1.546375
24.2216804458 1.54535
24.2342468158 1.543775
24.2468131859 1.543525
24.2593795559 1.5427625
24.271945926 1.54205
24.284512296 1.5407375
24.2970786661 1.5392
24.3096450361 1.5382625
24.3222114062 1.53735
24.3347777762 1.5362375
24.3473441463 1.5349625
24.3599105164 1.533725
24.3724768864 1.533125
24.3850432565 1.5319375
24.3976096265 1.5309125
24.4101759966 1.5298875
24.4227423666 1.5291125
24.4353087367 1.528125
24.4478751068 1.5278875
24.4604414768 1.5259875
24.4730078469 1.5261625
24.485574217 1.52475
24.498140587 1.5237375
24.5107069571 1.5227375
24.5232733271 1.5212375
24.5358396972 1.5207875
24.5484060673 1.5197125
24.5609724373 1.51895
24.5735388074 1.51805
24.5861051775 1.5173125
24.5986715475 1.5165875
24.6112379176 1.515425
24.6238042877 1.5143125
24.6363706577 1.51325
24.6489370278 1.5133875
24.6615033979 1.51215
24.674069768 1.5114125
24.686636138 1.5105625
24.6992025081 1.509475
24.7117688782 1.5094875
24.7243352482 1.5084125
24.7369016183 1.5074375
24.7494679884 1.5071
24.7620343585 1.507
24.7746007285 1.50515
24.7871670986 1.504475
24.7997334687 1.5038875
24.8122998388 1.5032
24.8248662089 1.5022125
24.8374325789 1.5020375
24.849998949 1.500925
24.8625653191 1.5003375
24.8751316892 1.4991875
24.8876980592 1.49875
24.9002644293 1.4986625
24.9128307994 1.497825
24.9253971695 1.497275
24.9379635396 1.496675
24.9505299097 1.4954375
24.9630962797 1.495175
24.9756626498 1.4949375
24.9882290199 1.4938875
25.00079539 1.49345
25.0133617601 1.4926625
25.0259281302 1.4924375
25.0384945002 1.4918625
25.0510608703 1.491325
25.0636272404 1.4904125
25.0761936105 1.489525
25.0887599806 1.4895875
25.1013263507 1.4890875
25.1138927208 1.4886625
25.1264590909 1.4882875
25.139025461 1.487325
25.1515918311 1.4871625
25.1641582011 1.48665
25.1767245712 1.4862
25.1892909413 1.48605
25.2018573114 1.4849625
25.2144236815 1.485275
25.2269900516 1.4850375
25.2395564217 1.4842875
25.2521227918 1.4835875
25.2646891619 1.4840375
25.277255532 1.483625
25.2898219021 1.4831125
25.3023882722 1.482525
25.3149546423 1.4821125
25.3275210124 1.48245
25.3400873825 1.4814
25.3526537526 1.4813375
25.3652201227 1.480725
25.3777864928 1.4805125
25.3903528629 1.4802625
25.402919233 1.4801375
25.4154856031 1.4796375
25.4280519732 1.4800125
25.4406183433 1.479275
25.4531847134 1.4791625
25.4657510835 1.4790375
25.4783174536 1.4796125
25.4908838237 1.478375
25.5034501938 1.4783125
25.5160165639 1.4782375
25.528582934 1.478125
25.5411493041 1.4778875
25.5537156742 1.478325
25.5662820444 1.4782625
25.5788484145 1.4778625
25.5914147846 1.4770625
25.6039811547 1.477475
25.6165475248 1.476875
25.6291138949 1.477075
25.641680265 1.47745
25.6542466351 1.4777
25.6668130052 1.4769
25.6793793753 1.4773125
25.6919457455 1.477225
25.7045121156 1.4771125
25.7170784857 1.47715
25.7296448558 1.4774625
25.7422112259 1.4772875
