#col1: k [h/Mpc], col2: P(k) [Mpc/h]^3
0.0201959527731 15478.5
0.0322426614447 20090.0
0.0445766525172 13536.375
0.0570121814348 10695.025
0.0694947913371 10407.8875
0.0820029893437 8404.6875
0.0945266191923 6263.05
0.107060265776 4891.45
0.1196007801 4626.0625
0.132146206997 4556.0625
0.144695268692 3580.2125
0.157247094974 3378.7125
0.169801072767 2785.35
0.182356757723 2583.0125
0.194913819935 2359.1125
0.207472009332 2334.925
0.220031132914 2013.1125
0.232591039353 1896.85
0.245151608324 1771.45
0.257712742954 1610.65
0.270274364376 1625.375
0.28283640773 1498.8625
0.295398819187 1411.4
0.3079615537 1352.2125
0.320524573283 1289.775
0.33308784568 1186.3975
0.345651343325 1186.44
0.358215042518 1127.05
0.37077892277 1051.83875
0.383342966279 1062.09625
0.395907157502 1019.91625
0.408471482809 995.1975
0.421035930196 941.17125
0.43360048905 907.41125
0.446165149954 873.645
0.458729904523 854.44875
0.471294745265 825.9375
0.483859665467 817.23625
0.496424659096 789.81125
0.508989720714 792.5775
0.521554845406 759.54875
0.534120028722 733.65
0.546685266618 725.895
0.559250555417 717.1925
0.571815891762 702.23875
0.584381272587 680.30125
0.596946695082 668.05375
0.609512156671 657.56875
0.622077654984 648.405
0.63464318784 626.10375
0.647208753228 607.47125
0.659774349288 597.93625
0.6723399743 598.42125
0.684905626672 586.275
0.697471304925 575.66125
0.710037007684 570.02125
0.72260273367 565.87375
0.735168481694 546.45
0.747734250644 542.085
0.760300039481 532.5225
0.772865847238 525.9925
0.785431673004 520.13875
0.79799751593 513.575
0.810563375218 501.565
0.823129250117 500.38125
0.835695139925 488.23625
0.848261043977 484.00875
0.860826961652 474.86625
0.873392892359 468.45875
0.885958835546 459.62875
0.898524790688 456.545
0.911090757291 450.21375
0.923656734887 445.60875
0.936222723034 442.8525
0.948788721311 431.7825
0.961354729322 427.455
0.973920746691 422.55375
0.986486773059 417.6825
0.999052808087 416.09125
1.01161885145 408.75625
1.02418490285 404.66625
1.03675096198 397.525
1.04931702858 393.4075
1.06188310236 388.6825
1.0744491831 383.9825
1.08701527053 380.2525
1.09958136444 375.375
1.1121474646 373.21125
1.1247135708 365.70375
1.13727968285 362.52875
1.14984580055 358.9825
1.16241192372 355.72625
1.17497805218 352.6625
1.18754418576 345.2425
1.20011032431 345.73375
1.21267646767 340.69125
1.22524261569 336.87625
1.23780876823 335.0475
1.25037492515 329.5825
1.26294108632 326.19125
1.27550725163 321.39875
1.28807342093 319.005
1.30063959413 314.48625
1.31320577111 311.9075
1.32577195175 309.0
1.33833813597 306.1
1.35090432365 303.83375
1.3634705147 299.965
1.37603670904 298.2075
1.38860290656 293.80375
1.40116910719 291.89875
1.41373531084 289.1
1.42630151743 282.855
1.43886772689 282.63375
1.45143393914 279.4525
1.4640001541 276.15875
1.47656637172 273.035
1.48913259192 271.15875
1.50169881463 268.8875
1.5142650398 264.3775
1.52683126737 262.5225
1.53939749727 260.54
1.55196372945 257.7875
1.56452996385 255.22125
1.57709620042 253.17875
1.58966243911 250.58
1.60222867987 248.31625
1.61479492266 243.86
1.62736116741 244.155
1.6399274141 240.39
1.65249366267 238.12375
1.66505991308 236.62125
1.6776261653 233.86875
1.69019241927 231.325
1.70275867497 229.61625
1.71532493235 227.05
1.72789119137 225.47375
1.74045745201 222.92125
1.75302371422 221.75625
1.76558997798 220.19875
1.77815624325 217.07125
1.79072251 214.65125
1.80328877819 212.86125
1.8158550478 210.44125
1.8284213188 210.67125
1.84098759116 207.0025
1.85355386485 205.72875
1.86612013985 202.94875
1.87868641613 201.78
1.89125269366 201.1375
1.90381897242 198.72375
1.91638525238 195.55125
1.92895153352 194.53875
1.94151781583 193.51125
1.95408409927 191.6775
1.96665038382 189.685
1.97921666946 187.36
1.99178295618 186.68375
2.00434924395 183.74625
2.01691553275 182.51125
2.02948182257 181.3425
2.04204811338 180.2175
2.05461440516 177.77375
2.06718069791 175.9325
2.07974699159 175.13625
2.0923132862 172.515
2.10487958172 171.65875
2.11744587813 169.4875
2.13001217541 168.91
2.14257847356 167.66625
2.15514477254 166.33375
2.16771107236 164.605
2.180277373 163.33375
2.19284367444 161.8
2.20540997666 160.9425
2.21797627966 159.74625
2.23054258343 158.70125
2.24310888794 157.26375
2.25567519319 155.40625
2.26824149916 154.2325
2.28080780584 153.06125
2.29337411323 151.3925
2.3059404213 150.07
2.31850673006 149.195
2.33107303948 147.835
2.34363934955 146.7125
2.35620566027 145.36125
2.36877197163 143.71375
2.38133828361 142.83125
2.39390459621 142.11125
2.40647090941 141.28125
2.41903722321 139.16125
2.4316035376 139.21625
2.44416985257 137.54375
2.4567361681 136.19
2.4693024842 135.97375
2.48186880085 134.33875
2.49443511804 133.48
2.50700143576 132.28375
2.51956775402 131.62375
2.53213407279 130.96125
2.54470039208 129.50125
2.55726671187 128.89375
2.56983303216 127.68
2.58239935293 126.26625
2.59496567419 125.63125
2.60753199593 124.646375
2.62009831814 123.387
2.6326646408 122.32975
2.64523096392 121.548125
2.6577972875 120.817
2.67036361151 120.055125
2.68292993596 119.094875
2.69549626084 118.213875
2.70806258615 117.543625
2.72062891187 116.219625
2.73319523801 115.5535
2.74576156455 114.919
2.7583278915 114.09925
2.77089421884 113.156875
2.78346054657 112.495375
2.79602687469 111.60275
2.80859320319 111.096125
2.82115953206 109.823375
2.83372586131 109.467875
2.84629219091 108.564625
2.85885852088 108.0405
2.87142485121 107.0025
2.88399118189 106.636
2.89655751291 105.477125
2.90912384427 104.82
2.92169017598 104.008875
2.93425650801 103.085625
2.94682284038 102.596625
2.95938917307 101.8985
2.97195550608 100.927875
2.9845218394 100.464375
2.99708817304 99.789125
3.00965450699 99.060375
3.02222084124 98.5665
3.0347871758 97.794125
3.04735351065 96.867875
3.0599198458 96.431875
3.07248618123 95.74275
3.08505251695 95.310125
3.09761885296 94.870125
3.11018518924 93.716
3.12275152581 93.060875
3.13531786264 92.84475
3.14788419974 92.155125
3.16045053712 91.509625
3.17301687475 90.962
3.18558321264 90.10125
3.19814955079 89.705
3.2107158892 89.12525
3.22328222786 88.652375
3.23584856676 87.845125
3.24841490591 87.276
3.2609812453 86.77125
3.27354758494 86.191875
3.2861139248 85.6005
3.29868026491 85.122125
3.31124660524 84.52625
3.32381294581 83.68725
3.3363792866 83.485375
3.34894562761 82.93275
3.36151196885 82.548875
3.3740783103 81.94375
3.38664465197 81.36525
3.39921099386 80.77325
3.41177733595 80.355625
3.42434367826 80.011375
3.43691002077 79.451625
3.44947636349 78.9155
3.46204270641 78.33925
3.47460904953 78.0295
3.48717539285 77.4795
3.49974173636 76.981625
3.51230808007 76.489875
3.52487442397 75.986875
3.53744076806 75.523125
3.55000711234 75.123375
3.5625734568 74.625375
3.57513980145 74.24375
3.58770614628 73.86475
3.60027249129 73.352
3.61283883647 72.738875
3.62540518184 72.489125
3.63797152738 72.01925
3.65053787309 71.550625
3.66310421897 71.318375
3.67567056502 70.83025
3.68823691124 70.464875
3.70080325762 69.91625
3.71336960417 69.442125
3.72593595088 69.393125
3.73850229775 68.781625
3.75106864478 68.404875
3.76363499197 68.0135
3.77620133931 67.60975
3.78876768681 67.251375
3.80133403446 66.787375
3.81390038226 66.441625
3.82646673021 66.07225
3.83903307831 65.776
3.85159942656 65.284
3.86416577495 64.962625
3.87673212349 64.608625
3.88929847217 64.148
3.90186482099 63.90175
3.91443116995 63.310875
3.92699751905 63.119375
3.93956386828 62.746125
3.95213021765 62.3535
3.96469656716 62.23125
3.9772629168 61.8585
3.98982926657 61.40625
4.00239561648 61.017125
4.01496196651 60.811875
4.02752831667 60.3945
4.04009466696 60.050375
4.05266101737 59.69125
4.06522736791 59.329375
4.07779371858 59.1015
4.09036006936 58.838
4.10292642027 58.4235
4.1154927713 58.22875
4.12805912244 57.7885
4.14062547371 57.55325
4.15319182509 57.14475
4.16575817659 57.019875
4.1783245282 56.682125
4.19089087993 56.25175
4.20345723177 56.00225
4.21602358372 55.764875
4.22858993578 55.38275
4.24115628796 55.041125
4.25372264024 54.844125
4.26628899263 54.52325
4.27885534512 54.161625
4.29142169773 54.058625
4.30398805044 53.69275
4.31655440325 53.483125
4.32912075616 53.144875
4.34168710918 52.89225
4.3542534623 52.6425
4.36681981552 52.32625
4.37938616884 52.08075
4.39195252226 51.81875
4.40451887578 51.5195
4.41708522939 51.27625
4.4296515831 51.001125
4.44221793691 50.741
4.45478429081 50.498375
4.46735064481 50.280375
4.4799169989 49.9535
4.49248335308 49.605875
4.50504970735 49.438375
4.51761606171 49.2725
4.53018241617 48.946125
4.54274877071 48.743625
4.55531512534 48.376375
4.56788148006 48.2375
4.58044783487 48.037
4.59301418976 47.779625
4.60558054474 47.5345
4.61814689981 47.337625
4.63071325496 47.174125
4.64327961019 46.800625
4.6558459655 46.592
4.6684123209 46.387125
4.68097867638 46.059375
4.69354503194 45.902875
4.70611138758 45.806625
4.71867774331 45.482875
4.73124409911 45.2475
4.74381045498 45.148625
4.75637681094 44.901375
4.76894316697 44.6465
4.78150952308 44.354125
4.79407587927 44.133625
4.80664223553 43.988125
4.81920859187 43.826875
4.83177494828 43.615
4.84434130476 43.401375
4.85690766132 43.203125
4.86947401795 43.034625
4.88204037465 42.789
4.89460673143 42.538875
4.90717308827 42.344375
4.91973944519 42.18675
4.93230580217 41.93675
4.94487215923 41.769625
4.95743851635 41.56875
4.97000487354 41.36375
4.9825712308 41.144625
4.99513758812 40.97775
5.00770394552 40.841375
5.02027030297 40.583625
5.0328366605 40.40325
5.04540301809 40.2285
5.05796937574 40.050125
5.07053573346 39.801125
5.08310209124 39.64975
5.09566844909 39.511375
5.108234807 39.39725
5.12080116497 39.14575
5.133367523 38.914875
5.1459338811 38.832125
5.15850023925 38.5405
5.17106659747 38.414875
5.18363295574 38.30825
5.19619931408 38.1275
5.20876567247 37.9475
5.22133203093 37.68425
5.23389838944 37.57175
5.24646474801 37.398125
5.25903110664 37.23225
5.27159746532 37.044
5.28416382406 36.93925
5.29673018286 36.683125
5.30929654171 36.6235
5.32186290062 36.422125
5.33442925959 36.338125
5.34699561861 36.12775
5.35956197768 35.9135
5.37212833681 35.7565
5.38469469599 35.702125
5.39726105522 35.495
5.40982741451 35.372875
5.42239377385 35.217375
5.43496013324 35.060375
5.44752649268 34.904375
5.46009285218 34.72825
5.47265921172 34.625
5.48522557132 34.448125
5.49779193097 34.3725
5.51035829067 34.18175
5.52292465041 34.006875
5.53549101021 33.90075
5.54805737005 33.718
5.56062372995 33.5925
5.57319008989 33.478125
5.58575644988 33.291875
5.59832280992 33.207
5.61088917 33.056875
5.62345553014 32.945625
5.63602189032 32.78975
5.64858825054 32.580125
5.66115461081 32.5
5.67372097113 32.364625
5.68628733149 32.262625
5.6988536919 32.099875
5.71142005235 31.950875
5.72398641285 31.839
5.73655277339 31.72725
5.74911913398 31.573625
5.76168549461 31.417
5.77425185528 31.341375
5.786818216 31.16825
5.79938457676 31.03675
5.81195093756 30.91125
5.82451729841 30.83775
5.83708365929 30.660625
5.84965002022 30.574625
5.86221638119 30.468375
5.8747827422 30.33725
5.88734910325 30.22325
5.89991546435 30.0935
5.91248182548 29.99975
5.92504818665 29.806125
5.93761454787 29.715875
5.95018090912 29.56675
5.96274727041 29.538875
5.97531363174 29.35475
5.98787999311 29.2765
6.00044635452 29.180625
6.01301271597 28.988
6.02557907746 28.896125
6.03814543898 28.790875
6.05071180054 28.6285
6.06327816214 28.568
6.07584452378 28.447625
6.08841088545 28.391375
6.10097724716 28.246375
6.11354360891 28.171375
6.12610997069 27.9775
6.13867633251 27.909625
6.15124269437 27.78975
6.16380905626 27.656125
6.17637541819 27.61825
6.18894178015 27.49825
6.20150814215 27.378125
6.21407450418 27.25925
6.22664086625 27.134625
6.23920722835 27.056375
6.25177359048 26.958375
6.26433995265 26.82925
6.27690631485 26.744
6.28947267709 26.606625
6.30203903936 26.5475
6.31460540166 26.449125
6.327171764 26.302375
6.33973812637 26.201625
6.35230448877 26.1375
6.36487085121 26.041625
6.37743721367 25.935
6.39000357617 25.90825
6.4025699387 25.72825
6.41513630126 25.643
6.42770266386 25.553125
6.44026902648 25.457125
6.45283538914 25.38825
6.46540175183 25.25675
6.47796811454 25.170625
6.49053447729 25.065
6.50310084007 24.981625
6.51566720288 24.89825
6.52823356572 24.7855
6.54079992859 24.72075
6.55336629149 24.6465
6.56593265441 24.573375
6.57849901737 24.419375
6.59106538036 24.35375
6.60363174337 24.28
6.61619810642 24.18725
6.62876446949 24.102375
6.64133083259 24.00025
6.65389719572 23.895
6.66646355888 23.8565
6.67902992207 23.7595
6.69159628528 23.664
6.70416264852 23.597625
6.71672901179 23.504625
6.72929537509 23.41875
6.74186173841 23.351875
6.75442810177 23.22975
6.76699446514 23.1675
6.77956082855 23.090375
6.79212719198 22.975
6.80469355544 22.882875
6.81725991892 22.8325
6.82982628244 22.750375
6.84239264597 22.62775
6.85495900954 22.581625
6.86752537313 22.502375
6.88009173674 22.42975
6.89265810038 22.336625
6.90522446405 22.2465
6.91779082774 22.198375
6.93035719145 22.107125
6.94292355519 22.057625
6.95548991896 21.949
6.96805628275 21.872125
6.98062264656 21.794625
6.9931890104 21.7465
7.00575537427 21.656
7.01832173815 21.57225
7.03088810207 21.481625
7.043454466 21.4275
7.05602082996 21.35175
7.06858719395 21.257
7.08115355795 21.197875
7.09371992198 21.13175
7.10628628604 21.061875
7.11885265011 20.9735
7.13141901421 20.9085
7.14398537833 20.872
7.15655174248 20.76
7.16911810665 20.668
7.18168447084 20.63175
7.19425083505 20.54975
7.20681719929 20.480125
7.21938356354 20.420125
7.23194992782 20.36
7.24451629213 20.29975
7.25708265645 20.23675
7.26964902079 20.146625
7.28221538516 20.065
7.29478174955 20.024
7.30734811396 19.96025
7.31991447839 19.846875
7.33248084284 19.80675
7.34504720732 19.748875
7.35761357181 19.647625
7.37017993633 19.6005
7.38274630086 19.523375
7.39531266542 19.485125
7.40787903 19.422125
7.42044539459 19.3605
7.43301175921 19.283
7.44557812385 19.23075
7.45814448851 19.169375
7.47071085319 19.127
7.48327721789 19.059125
7.4958435826 18.96975
7.50840994734 18.9075
7.5209763121 18.84775
7.53354267688 18.77425
7.54610904167 18.73225
7.55867540649 18.63325
7.57124177133 18.617125
7.58380813618 18.5225
7.59637450105 18.47225
7.60894086595 18.432625
7.62150723086 18.36975
7.63407359579 18.29425
7.64663996074 18.229375
7.6592063257 18.174125
7.67177269069 18.138375
7.68433905569 18.075125
7.69690542071 18.00825
7.70947178576 17.9445
7.72203815081 17.891125
7.73460451589 17.854125
7.74717088099 17.76975
7.7597372461 17.72275
7.77230361123 17.642
7.78486997638 17.5975
7.79743634154 17.5355
7.81000270673 17.481375
7.82256907193 17.445
7.83513543715 17.3855
7.84770180238 17.32325
7.86026816763 17.26825
7.8728345329 17.225875
7.88540089819 17.173
7.89796726349 17.122625
7.91053362882 17.0485
7.92309999415 16.9985
7.93566635951 16.925375
7.94823272488 16.889
7.96079909027 16.8235
7.97336545567 16.772
7.98593182109 16.737
7.99849818653 16.680125
8.01106455198 16.6195
8.02363091745 16.595125
8.03619728293 16.5185
8.04876364843 16.46275
8.06133001395 16.433375
8.07389637948 16.37825
8.08646274503 16.302375
8.0990291106 16.277
8.11159547618 16.229125
8.12416184177 16.17025
8.13672820738 16.115625
8.14929457301 16.074125
8.16186093865 16.01075
8.17442730431 15.984375
8.18699366998 15.918
8.19956003567 15.880625
8.21212640137 15.82325
8.22469276709 15.796875
8.23725913282 15.739
8.24982549857 15.680375
8.26239186433 15.639
8.27495823011 15.595625
8.2875245959 15.54375
8.30009096171 15.497875
8.31265732753 15.448
8.32522369336 15.38525
8.33779005921 15.35925
8.35035642508 15.306
8.36292279096 15.260125
8.37548915685 15.2095
8.38805552275 15.1575
8.40062188868 15.122125
8.41318825461 15.0815
8.42575462056 15.02175
8.43832098652 15.000125
8.4508873525 14.945375
8.46345371849 14.901
8.47602008449 14.85325
8.48858645051 14.819125
8.50115281654 14.781
8.51371918259 14.710875
8.52628554864 14.675875
8.53885191472 14.6345
8.5514182808 14.59225
8.5639846469 14.555125
8.57655101301 14.505625
8.58911737914 14.466375
8.60168374527 14.41
8.61425011142 14.395875
8.62681647759 14.32425
8.63938284376 14.303375
8.65194920995 14.24425
8.66451557616 14.212625
8.67708194237 14.1715
8.6896483086 14.113125
8.70221467484 14.0845
8.71478104109 14.041375
8.72734740736 14.008375
8.73991377364 13.959625
8.75248013993 13.920875
8.76504650623 13.888875
8.77761287255 13.843
8.79017923888 13.791
8.80274560522 13.766875
8.81531197157 13.7245
8.82787833793 13.677
8.84044470431 13.635875
8.8530110707 13.601375
8.8655774371 13.556
8.87814380351 13.546875
8.89071016993 13.4845
8.90327653637 13.459125
8.91584290282 13.409375
8.92840926928 13.38175
8.94097563575 13.3255
8.95354200223 13.298375
8.96610836873 13.263
8.97867473523 13.219
8.99124110175 13.1745
9.00380746828 13.14025
9.01637383482 13.10825
9.02894020137 13.064
9.04150656793 13.0295
9.05407293451 13.00025
9.06663930109 12.956875
9.07920566769 12.928125
9.0917720343 12.874625
9.10433840092 12.837
9.11690476755 12.80775
9.12947113419 12.79225
9.14203750084 12.72525
9.1546038675 12.703125
9.16717023418 12.66675
9.17973660086 12.6275
9.19230296755 12.595125
9.20486933426 12.570625
9.21743570098 12.538875
9.2300020677 12.4987125
9.24256843444 12.4560375
9.25513480119 12.4223875
9.26770116795 12.39235
9.28026753472 12.358325
9.2928339015 12.3176625
9.30540026829 12.2894125
9.31796663509 12.2634
9.3305330019 12.220325
9.34309936872 12.190575
9.35566573555 12.1579
9.36823210239 12.1276625
9.38079846924 12.0910125
9.3933648361 12.0541
9.40593120297 12.0318875
9.41849756985 11.9938
9.43106393674 11.960375
9.44363030364 11.9272
9.45619667055 11.8909125
9.46876303747 11.8581625
9.48132940441 11.8272625
9.49389577135 11.8040875
9.5064621383 11.7602
9.51902850525 11.7396875
9.53159487222 11.7007125
9.5441612392 11.6704625
9.55672760619 11.6333
9.56929397319 11.5979
9.5818603402 11.5759875
9.59442670721 11.5328875
9.60699307424 11.513325
9.61955944127 11.4778875
9.63212580832 11.4434
9.64469217537 11.4088875
9.65725854244 11.38655
9.66982490951 11.35595
9.68239127659 11.3288125
9.69495764368 11.295325
9.70752401078 11.249725
9.72009037789 11.2375
9.73265674501 11.20515
9.74522311214 11.1706875
9.75778947927 11.1450625
9.77035584642 11.110875
9.78292221357 11.0951
9.79548858074 11.0727
9.80805494791 11.0240625
9.82062131509 10.99945
9.83318768228 10.9674375
9.84575404948 10.951975
9.85832041668 10.9182875
9.8708867839 10.880375
9.88345315112 10.8619125
9.89601951836 10.8298875
9.9085858856 10.798
9.92115225285 10.7735875
9.93371862011 10.7417
9.94628498737 10.7154625
9.95885135465 10.6924875
9.97141772193 10.6492875
9.98398408923 10.6372625
9.99655045653 10.6025125
10.0091168238 10.5784125
10.0216831912 10.55155
10.0342495585 10.52485
10.0468159258 10.497125
10.0593822932 10.4730375
10.0719486605 10.4440875
10.0845150279 10.4156375
10.0970813952 10.3852125
10.1096477626 10.3649
10.12221413 10.3395
10.1347804974 10.313675
10.1473468648 10.2862
10.1599132322 10.25855
10.1724795996 10.2357125
10.185045967 10.207575
10.1976123344 10.1761
10.2101787019 10.155525
10.2227450693 10.1375375
10.2353114368 10.1045875
10.2478778042 10.068925
10.2604441717 10.0477875
10.2730105392 10.0265125
10.2855769067 9.992925
10.2981432742 9.9709875
10.3107096417 9.948025
10.3232760092 9.9195
10.3358423767 9.89635
10.3484087442 9.873675
10.3609751117 9.8430375
10.3735414793 9.8210625
10.3861078468 9.7973375
10.3986742144 9.77675
10.4112405819 9.7448
10.4238069495 9.721825
10.4363733171 9.7008375
10.4489396847 9.680375
10.4615060522 9.653675
10.4740724198 9.628675
10.4866387874 9.6051
10.4992051551 9.577025
10.5117715227 9.5572875
10.5243378903 9.5371875
10.5369042579 9.5033875
10.5494706256 9.4858
10.5620369932 9.4590875
10.5746033609 9.4377375
10.5871697285 9.4119125
10.5997360962 9.3851
10.6123024639 9.3658125
10.6248688315 9.344575
10.6374351992 9.3216875
10.6500015669 9.2959125
10.6625679346 9.28175
10.6751343023 9.2609625
10.6877006701 9.230375
10.7002670378 9.2074875
10.7128334055 9.1872625
10.7253997732 9.16325
10.737966141 9.1438375
10.7505325087 9.114175
10.7630988765 9.0903375
10.7756652443 9.0685625
10.788231612 9.0472
10.8007979798 9.02545
10.8133643476 9.0064125
10.8259307154 8.9799875
10.8384970832 8.9659125
10.851063451 8.9407625
10.8636298188 8.9168625
10.8761961866 8.8989375
10.8887625544 8.8689875
10.9013289222 8.857925
10.9138952901 8.8303125
10.9264616579 8.81165
10.9390280258 8.7920625
10.9515943936 8.7628
10.9641607615 8.7500125
10.9767271293 8.7342875
10.9892934972 8.708225
11.0018598651 8.6929125
11.014426233 8.66855
11.0269926009 8.6442625
11.0395589688 8.62415
11.0521253367 8.60545
11.0646917046 8.587725
11.0772580725 8.5552125
11.0898244404 8.54565
11.1023908084 8.528325
11.1149571763 8.5023375
11.1275235442 8.4836625
11.1400899122 8.4671
11.1526562801 8.447575
11.1652226481 8.4223625
11.177789016 8.40505
11.190355384 8.3836
11.202921752 8.3626375
11.21548812 8.3417125
11.228054488 8.3159
11.240620856 8.306975
11.253187224 8.2879
11.265753592 8.2660875
11.27831996 8.243025
11.290886328 8.2200625
11.303452696 8.2064375
11.316019064 8.190225
11.3285854321 8.1731
11.3411518001 8.160125
11.3537181682 8.1336375
11.3662845362 8.1102
11.3788509043 8.0976375
11.3914172723 8.0767375
11.4039836404 8.0506125
11.4165500085 8.0346875
11.4291163766 8.013
11.4416827446 8.0055125
11.4542491127 7.9816
11.4668154808 7.9615375
11.4793818489 7.9456625
11.491948217 7.92765
11.5045145852 7.91025
11.5170809533 7.886925
11.5296473214 7.86585
11.5422136895 7.8569625
11.5547800577 7.8316875
11.5673464258 7.8108375
11.5799127939 7.7952625
11.5924791621 7.782225
11.6050455302 7.76475
11.6176118984 7.7516375
11.6301782666 7.7343125
11.6427446347 7.7100875
11.6553110029 7.689025
11.6678773711 7.672875
11.6804437393 7.6556125
11.6930101075 7.6439
11.7055764757 7.6227
11.7181428439 7.607
11.7307092121 7.5918125
11.7432755803 7.5715875
11.7558419485 7.5629875
11.7684083168 7.542325
11.780974685 7.5241625
11.7935410532 7.507175
11.8061074215 7.490775
11.8186737897 7.4801875
11.8312401579 7.4548125
11.8438065262 7.441425
11.8563728945 7.4213625
11.8689392627 7.4063375
11.881505631 7.3947875
11.8940719993 7.369875
11.9066383675 7.3618875
11.9192047358 7.3436
11.9317711041 7.3273375
11.9443374724 7.3028
11.9569038407 7.2921125
11.969470209 7.274
11.9820365773 7.2579125
11.9946029456 7.2331875
12.007169314 7.2251625
12.0197356823 7.2111875
12.0323020506 7.196525
12.0448684189 7.1800625
12.0574347873 7.167425
12.0700011556 7.1434125
12.082567524 7.1285625
12.0951338923 7.1147875
12.1077002607 7.0980375
12.120266629 7.08605
12.1328329974 7.0649375
12.1453993658 7.0514625
12.1579657341 7.0415875
12.1705321025 7.0271375
12.1830984709 7.0065875
12.1956648393 6.9918
12.2082312077 6.976875
12.2207975761 6.9637625
12.2333639445 6.948575
12.2459303129 6.928625
12.2584966813 6.9139625
12.2710630497 6.8984375
12.2836294181 6.8857
12.2961957866 6.8641125
12.308762155 6.8551125
12.3213285234 6.8386125
12.3338948919 6.823775
12.3464612603 6.8105
12.3590276288 6.794125
12.3715939972 6.7784
12.3841603657 6.75665
12.3967267341 6.7540125
12.4092931026 6.7377875
12.4218594711 6.7214375
12.4344258395 6.7103125
12.446992208 6.69535
12.4595585765 6.6754875
12.472124945 6.6649125
12.4846913135 6.6522625
12.497257682 6.639775
12.5098240505 6.6169625
12.522390419 6.60365
12.5349567875 6.5914125
12.547523156 6.5804875
12.5600895245 6.5659125
12.572655893 6.5495375
12.5852222615 6.53555
12.5977886301 6.5214125
12.6103549986 6.5098125
12.6229213671 6.4943
12.6354877357 6.481
12.6480541042 6.467775
12.6606204728 6.4541125
12.6731868413 6.4439875
12.6857532099 6.423175
12.6983195784 6.4119125
12.710885947 6.403325
12.7234523156 6.387625
12.7360186842 6.374525
12.7485850527 6.3633
12.7611514213 6.346075
12.7737177899 6.333125
12.7862841585 6.3222
12.7988505271 6.3068375
12.8114168957 6.29475
12.8239832643 6.2824375
12.8365496329 6.2655125
12.8491160015 6.2531
12.8616823701 6.2421875
12.8742487387 6.226975
12.8868151073 6.2169375
12.899381476 6.2072125
12.9119478446 6.191475
12.9245142132 6.1780375
12.9370805819 6.1630125
12.9496469505 6.1526
12.9622133191 6.1386625
12.9747796878 6.12685
12.9873460564 6.1133625
12.9999124251 6.0986375
13.0124787938 6.0857625
13.0250451624 6.0775875
13.0376115311 6.0606
13.0501778998 6.0443625
13.0627442684 6.0390125
13.0753106371 6.02485
13.0878770058 6.0103
13.1004433745 5.9984
13.1130097432 5.9876875
13.1255761119 5.9749375
13.1381424806 5.9664125
13.1507088493 5.9489
13.163275218 5.93805
13.1758415867 5.923675
13.1884079554 5.90995
13.2009743241 5.8977625
13.2135406928 5.8887375
13.2261070615 5.8723875
13.2386734303 5.8609875
13.251239799 5.8498
13.2638061677 5.83825
13.2763725365 5.825675
13.2889389052 5.8134625
13.3015052739 5.8056375
13.3140716427 5.7931625
13.3266380114 5.7771375
13.3392043802 5.7682875
13.351770749 5.7589625
13.3643371177 5.7465875
13.3769034865 5.7368125
13.3894698552 5.7155875
13.402036224 5.71015
13.4146025928 5.7006875
13.4271689616 5.6888
13.4397353304 5.6752
13.4523016991 5.666575
13.4648680679 5.65365
13.4774344367 5.6445625
13.4900008055 5.6373
13.5025671743 5.61775
13.5151335431 5.6114375
13.5276999119 5.59885
13.5402662807 5.5882625
13.5528326495 5.5785875
13.5653990184 5.5614625
13.5779653872 5.5546
13.590531756 5.5458125
13.6030981248 5.5311125
13.6156644936 5.52165
13.6282308625 5.513
13.6407972313 5.498925
13.6533636002 5.4875375
13.665929969 5.4785375
13.6784963378 5.4633375
13.6910627067 5.4539125
13.7036290755 5.4465875
13.7161954444 5.4312125
13.7287618133 5.4225125
13.7413281821 5.411225
13.753894551 5.4023875
13.7664609198 5.3943125
13.7790272887 5.3804375
13.7915936576 5.3692375
13.8041600265 5.3606
13.8167263953 5.34935
13.8292927642 5.3361875
13.8418591331 5.3266625
13.854425502 5.31865
13.8669918709 5.3054625
13.8795582398 5.2963625
13.8921246087 5.2864375
13.9046909776 5.27675
13.9172573465 5.26435
13.9298237154 5.2567875
13.9423900843 5.2494125
13.9549564532 5.2352125
13.9675228222 5.2240625
13.9800891911 5.2111875
13.99265556 5.201825
14.0052219289 5.1973375
14.0177882979 5.18335
14.0303546668 5.1716875
14.0429210357 5.16515
14.0554874047 5.1527
14.0680537736 5.143675
14.0806201426 5.134725
14.0931865115 5.1237125
14.1057528804 5.1159125
14.1183192494 5.103075
14.1308856184 5.0960625
14.1434519873 5.0863
14.1560183563 5.0746875
14.1685847252 5.0639
14.1811510942 5.051775
14.1937174632 5.0447125
14.2062838322 5.032425
14.2188502011 5.0227625
14.2314165701 5.015925
14.2439829391 5.0084875
14.2565493081 4.997
14.2691156771 4.9875125
14.2816820461 4.9765
14.2942484151 4.9690875
14.3068147841 4.95655
14.3193811531 4.9505375
14.3319475221 4.9403125
14.3445138911 4.929025
14.3570802601 4.9191
14.3696466291 4.9089
14.3822129981 4.9013375
14.3947793671 4.8920125
14.4073457361 4.884225
14.4199121052 4.8737625
14.4324784742 4.8654375
14.4450448432 4.855875
14.4576112122 4.847625
14.4701775813 4.8375125
14.4827439503 4.829175
14.4953103194 4.8177125
14.5078766884 4.8085125
14.5204430574 4.7988125
14.5330094265 4.7893
14.5455757955 4.7799125
14.5581421646 4.7734625
14.5707085336 4.764725
14.5832749027 4.75665
14.5958412718 4.7490125
14.6084076408 4.7389
14.6209740099 4.7301125
14.633540379 4.719
14.646106748 4.7143125
14.6586731171 4.703525
14.6712394862 4.6946375
14.6838058553 4.68485
14.6963722243 4.67675
14.7089385934 4.6681625
14.7215049625 4.6574375
14.7340713316 4.6506625
14.7466377007 4.6413
14.7592040698 4.6307375
14.7717704389 4.6252125
14.784336808 4.6167625
14.7969031771 4.60925
14.8094695462 4.597475
14.8220359153 4.5912875
14.8346022844 4.5803125
14.8471686535 4.5720375
14.8597350226 4.5621625
14.8723013918 4.5602375
14.8848677609 4.5452875
14.89743413 4.5418625
14.9100004991 4.5300375
14.9225668683 4.5224875
14.9351332374 4.513775
14.9476996065 4.507075
14.9602659757 4.4956625
14.9728323448 4.4891875
14.9853987139 4.4809
14.9979650831 4.4734
15.0105314522 4.4616625
15.0230978214 4.456725
15.0356641905 4.4465375
15.0482305597 4.4390875
15.0607969288 4.433325
15.073363298 4.4255125
15.0859296671 4.413525
15.0984960363 4.4094625
15.1110624055 4.3983875
15.1236287746 4.391125
15.1361951438 4.385
15.148761513 4.3785625
15.1613278822 4.36535
15.1738942513 4.35645
15.1864606205 4.3534875
15.1990269897 4.3460375
15.2115933589 4.335125
15.2241597281 4.32805
15.2367260972 4.3220875
15.2492924664 4.309325
15.2618588356 4.303875
15.2744252048 4.2953125
15.286991574 4.29035
15.2995579432 4.2777875
15.3121243124 4.2718625
15.3246906816 4.263075
15.3372570508 4.257375
15.34982342 4.2498125
15.3623897893 4.24025
15.3749561585 4.2344375
15.3875225277 4.2289625
15.4000888969 4.218725
15.4126552661 4.211475
15.4252216354 4.204325
15.4377880046 4.1945625
15.4503543738 4.18835
15.462920743 4.1840875
15.4754871123 4.17365
15.4880534815 4.1674875
15.5006198507 4.1597625
15.51318622 4.1504625
15.5257525892 4.1411
15.5383189585 4.135625
15.5508853277 4.1296625
15.563451697 4.12255
15.5760180662 4.1147
15.5885844355 4.10675
15.6011508047 4.0995625
15.613717174 4.092675
15.6262835432 4.0855875
15.6388499125 4.0772875
15.6514162818 4.0705
15.663982651 4.0643875
15.6765490203 4.055525
15.6891153896 4.0497875
15.7016817588 4.0450375
15.7142481281 4.038025
15.7268144974 4.0280125
15.7393808667 4.0201875
15.7519472359 4.01355
15.7645136052 4.0075625
15.7770799745 4.0006
15.7896463438 3.9936375
15.8022127131 3.98625
15.8147790824 3.9795125
15.8273454517 3.9728
15.839911821 3.966025
15.8524781903 3.9589875
15.8650445596 3.953175
15.8776109289 3.9444375
15.8901772982 3.938
15.9027436675 3.9317375
15.9153100368 3.9252375
15.9278764061 3.9183625
15.9404427754 3.910175
15.9530091447 3.9031375
15.965575514 3.8990375
15.9781418833 3.8881
15.9907082527 3.8833375
16.003274622 3.87605
16.0158409913 3.8718625
16.0284073606 3.8626625
16.04097373 3.8567125
16.0535400993 3.8493875
16.0661064686 3.843725
16.078672838 3.83715
16.0912392073 3.8288125
16.1038055766 3.8236
16.116371946 3.8166
16.1289383153 3.811175
16.1415046847 3.8030125
16.154071054 3.796575
16.1666374234 3.7894375
16.1792037927 3.7822
16.1917701621 3.7776875
16.2043365314 3.7705625
16.2169029008 3.764825
16.2294692701 3.757925
16.2420356395 3.753
16.2546020088 3.7459875
16.2671683782 3.740525
16.2797347476 3.73295
16.2923011169 3.7264625
16.3048674863 3.7210875
16.3174338557 3.7131125
16.3300002251 3.7071625
16.3425665944 3.699925
16.3551329638 3.6954625
16.3676993332 3.6876875
16.3802657026 3.6819875
16.3928320719 3.6753625
16.4053984413 3.6689125
16.4179648107 3.66595
16.4305311801 3.6555125
16.4430975495 3.6497125
16.4556639189 3.644175
16.4682302883 3.638225
16.4807966577 3.6332375
16.4933630271 3.6255375
16.5059293965 3.62065
16.5184957659 3.614875
16.5310621353 3.6082625
16.5436285047 3.602675
16.5561948741 3.59585
16.5687612435 3.5885625
16.5813276129 3.5831875
16.5938939823 3.578325
16.6064603517 3.569575
16.6190267212 3.5653875
16.6315930906 3.5574
16.64415946 3.5549875
16.6567258294 3.5477625
16.6692921988 3.5415875
16.6818585683 3.5346625
16.6944249377 3.5285625
16.7069913071 3.5230125
16.7195576765 3.5176
16.732124046 3.5120125
16.7446904154 3.507675
16.7572567848 3.4999
16.7698231543 3.494475
16.7823895237 3.486775
16.7949558932 3.4837375
16.8075222626 3.4769875
16.8200886321 3.47075
16.8326550015 3.464275
16.8452213709 3.460725
16.8577877404 3.45375
16.8703541098 3.450275
16.8829204793 3.4407
16.8954868488 3.437125
16.9080532182 3.431775
16.9206195877 3.4251375
16.9331859571 3.420725
16.9457523266 3.41345
16.9583186961 3.4085125
16.9708850655 3.4034875
16.983451435 3.39705
16.9960178045 3.389175
17.0085841739 3.384825
17.0211505434 3.37995
17.0337169129 3.3730875
17.0462832823 3.3678
17.0588496518 3.3632875
17.0714160213 3.358475
17.0839823908 3.352225
17.0965487603 3.3475625
17.1091151297 3.3385875
17.1216814992 3.333675
17.1342478687 3.3293875
17.1468142382 3.3257125
17.1593806077 3.319825
17.1719469772 3.314225
17.1845133467 3.308075
17.1970797162 3.3037125
17.2096460857 3.2980125
17.2222124552 3.292425
17.2347788247 3.2874
17.2473451942 3.2819875
17.2599115637 3.2774
17.2724779332 3.272525
17.2850443027 3.2656875
17.2976106722 3.2609375
17.3101770417 3.2561125
17.3227434112 3.250075
17.3353097807 3.2463
17.3478761503 3.2392625
17.3604425198 3.2344375
17.3730088893 3.2291
17.3855752588 3.2238375
17.3981416283 3.2188125
17.4107079978 3.215725
17.4232743674 3.211125
17.4358407369 3.2031625
17.4484071064 3.1976625
17.460973476 3.1939625
17.4735398455 3.187175
17.486106215 3.1831875
17.4986725845 3.1776125
17.5112389541 3.1718875
17.5238053236 3.168125
17.5363716932 3.162425
17.5489380627 3.1564
17.5615044322 3.153875
17.5740708018 3.148125
17.5866371713 3.1431
17.5992035409 3.136625
17.6117699104 3.132275
17.62433628 3.1278375
17.6369026495 3.1246
17.6494690191 3.1174
17.6620353886 3.1128625
17.6746017582 3.108775
17.6871681277 3.1015875
17.6997344973 3.097375
17.7123008669 3.0925875
17.7248672364 3.088675
17.737433606 3.0854375
17.7499999755 3.077525
17.7625663451 3.0742875
17.7751327147 3.067675
17.7876990842 3.0639
17.8002654538 3.059425
17.8128318234 3.0531
17.825398193 3.04985
17.8379645625 3.0451375
17.8505309321 3.04065
17.8630973017 3.0354
17.8756636713 3.0303875
17.8882300408 3.0261375
17.9007964104 3.0204875
17.91336278 3.0159125
17.9259291496 3.0123875
17.9384955192 3.0053875
17.9510618888 3.0024375
17.9636282584 2.9980375
17.9761946279 2.9936375
17.9887609975 2.9880875
18.0013273671 2.9840875
18.0138937367 2.97915
18.0264601063 2.9728125
18.0390264759 2.96895
18.0515928455 2.96515
18.0641592151 2.9598875
18.0767255847 2.9543625
18.0892919543 2.9509375
18.1018583239 2.9460875
18.1144246935 2.9421
18.1269910631 2.93775
18.1395574327 2.9315875
18.1521238024 2.9279125
18.164690172 2.9242375
18.1772565416 2.919325
18.1898229112 2.9143375
18.2023892808 2.9115125
18.2149556504 2.9045875
18.22752202 2.9007875
18.2400883897 2.8977125
18.2526547593 2.8929875
18.2652211289 2.88705
18.2777874985 2.8842125
18.2903538682 2.87935
18.3029202378 2.87425
18.3154866074 2.8701
18.328052977 2.8651875
18.3406193467 2.8610625
18.3531857163 2.8574
18.3657520859 2.8513
18.3783184556 2.8489875
18.3908848252 2.842675
18.4034511948 2.8395
18.4160175645 2.83505
18.4285839341 2.8305125
18.4411503038 2.8267875
18.4537166734 2.82305
18.466283043 2.8181625
18.4788494127 2.812175
18.4914157823 2.8096125
18.503982152 2.8045
18.5165485216 2.8005
18.5291148913 2.797325
18.5416812609 2.7915625
18.5542476306 2.788025
18.5668140002 2.78415
18.5793803699 2.7811125
18.5919467396 2.77455
18.6045131092 2.770575
18.6170794789 2.7675125
18.6296458485 2.76325
18.6422122182 2.7589875
18.6547785879 2.7552
18.6673449575 2.7497125
18.6799113272 2.7458125
18.6924776969 2.7422875
18.7050440665 2.7384
18.7176104362 2.7344875
18.7301768059 2.730425
18.7427431755 2.726325
18.7553095452 2.721625
18.7678759149 2.7181375
18.7804422846 2.7144875
18.7930086542 2.7097875
18.8055750239 2.705725
18.8181413936 2.701325
18.8307077633 2.6982875
18.843274133 2.6941
18.8558405026 2.69025
18.8684068723 2.6849375
18.880973242 2.6817375
18.8935396117 2.6772125
18.9061059814 2.673975
18.9186723511 2.66895
18.9312387208 2.6650625
18.9438050905 2.6625
18.9563714602 2.6573625
18.9689378299 2.6545
18.9815041995 2.651125
18.9940705692 2.6450125
19.0066369389 2.6424
19.0192033086 2.637225
19.0317696783 2.6344125
19.044336048 2.6302375
19.0569024177 2.626725
19.0694687875 2.6230375
19.0820351572 2.6184125
19.0946015269 2.6145375
19.1071678966 2.611575
19.1197342663 2.6068375
19.132300636 2.6034625
19.1448670057 2.5996125
19.1574333754 2.5951
19.1699997451 2.5907125
19.1825661148 2.5890625
19.1951324846 2.582975
19.2076988543 2.5805375
19.220265224 2.576475
19.2328315937 2.5728875
19.2453979634 2.568075
19.2579643332 2.5643875
19.2705307029 2.5614
19.2830970726 2.5578875
19.2956634423 2.55355
19.3082298121 2.5503125
19.3207961818 2.5450375
19.3333625515 2.543025
19.3459289212 2.538
19.358495291 2.5352875
19.3710616607 2.5312125
19.3836280304 2.5277875
19.3961944002 2.5239375
19.4087607699 2.5213
19.4213271396 2.5156375
19.4338935094 2.5143
19.4464598791 2.5101
19.4590262489 2.506325
19.4715926186 2.5025
19.4841589884 2.4997625
19.4967253581 2.49555
19.5092917278 2.4917375
19.5218580976 2.487625
19.5344244673 2.4846375
19.5469908371 2.480825
19.5595572068 2.4764625
19.5721235766 2.47285
19.5846899463 2.47055
19.5972563161 2.4661625
19.6098226858 2.4625875
19.6223890556 2.4595625
19.6349554253 2.4560125
19.6475217951 2.4534625
19.6600881649 2.4482875
19.6726545346 2.4467375
19.6852209044 2.4426625
19.6977872741 2.4384
19.7103536439 2.4353625
19.7229200137 2.4308875
19.7354863834 2.42915
19.7480527532 2.424375
19.760619123 2.4215625
19.7731854927 2.4183375
19.7857518625 2.415225
19.7983182323 2.411125
19.810884602 2.4077375
19.8234509718 2.404875
19.8360173416 2.4002375
19.8485837114 2.3981875
19.8611500811 2.3946125
19.8737164509 2.3901375
19.8862828207 2.3876875
19.8988491905 2.3846375
19.9114155603 2.3811375
19.92398193 2.37695
19.9365482998 2.373625
19.9491146696 2.3704
19.9616810394 2.368125
19.9742474092 2.36445
19.986813779 2.3607125
19.9993801487 2.3576875
20.0119465185 2.3542375
20.0245128883 2.3511375
20.0370792581 2.34835
20.0496456279 2.3444125
20.0622119977 2.3414375
20.0747783675 2.3378625
20.0873447373 2.3334875
20.0999111071 2.332
20.1124774769 2.32795
20.1250438467 2.325025
20.1376102165 2.3224125
20.1501765863 2.3188875
20.1627429561 2.3157
20.1753093259 2.3113
20.1878756957 2.309675
20.2004420655 2.3070625
20.2130084353 2.3026125
20.2255748051 2.2990625
20.2381411749 2.29605
20.2507075447 2.2937125
20.2632739145 2.2914125
20.2758402843 2.2875
20.2884066541 2.2837875
20.3009730239 2.2818625
20.3135393937 2.278975
20.3261057636 2.27585
20.3386721334 2.2719375
20.3512385032 2.269825
20.363804873 2.2652125
20.3763712428 2.2625
20.3889376126 2.259725
20.4015039825 2.256725
20.4140703523 2.2528
20.4266367221 2.2493375
20.4392030919 2.2459
20.4517694617 2.2446375
20.4643358316 2.24055
20.4769022014 2.2386375
20.4894685712 2.2345875
20.5020349411 2.2326375
20.5146013109 2.228175
20.5271676807 2.2264125
20.5397340505 2.2234125
20.5523004204 2.219
20.5648667902 2.2173375
20.57743316 2.2153
20.5899995299 2.21165
20.6025658997 2.2081875
20.6151322695 2.2058
20.6276986394 2.203075
20.6402650092 2.199175
20.652831379 2.1968
20.6653977489 2.194125
20.6779641187 2.1899375
20.6905304886 2.18825
20.7030968584 2.1857125
20.7156632283 2.1820375
20.7282295981 2.1782375
20.7407959679 2.1761125
20.7533623378 2.1723125
20.7659287076 2.1711875
20.7784950775 2.1672875
20.7910614473 2.1638
20.8036278172 2.161875
20.816194187 2.159425
20.8287605569 2.1563375
20.8413269267 2.153575
20.8538932966 2.15045
20.8664596664 2.14795
20.8790260363 2.1446375
20.8915924062 2.1422375
20.904158776 2.1395125
20.9167251459 2.1364125
20.9292915157 2.134275
20.9418578856 2.1309125
20.9544242555 2.127875
20.9669906253 2.1252625
20.9795569952 2.1217375
20.992123365 2.1206
21.0046897349 2.117
21.0172561048 2.1153625
21.0298224746 2.1111375
21.0423888445 2.1093
21.0549552144 2.1062125
21.0675215842 2.1030125
21.0800879541 2.1005875
21.092654324 2.09735
21.1052206939 2.0947875
21.1177870637 2.0926875
21.1303534336 2.089475
21.1429198035 2.0862375
21.1554861733 2.08345
21.1680525432 2.0822625
21.1806189131 2.078875
21.193185283 2.0763875
21.2057516529 2.074025
21.2183180227 2.0714875
21.2308843926 2.0687125
21.2434507625 2.0660875
21.2560171324 2.0633375
21.2685835023 2.060725
21.2811498721 2.0581
21.293716242 2.05535
21.3062826119 2.0539125
21.3188489818 2.0506375
21.3314153517 2.047625
21.3439817216 2.0464
21.3565480915 2.0423
21.3691144614 2.0400625
21.3816808312 2.0373375
21.3942472011 2.035575
21.406813571 2.032425
21.4193799409 2.0300375
21.4319463108 2.0270375
21.4445126807 2.025175
21.4570790506 2.0224
21.4696454205 2.019725
21.4822117904 2.0177625
21.4947781603 2.0146875
21.5073445302 2.0123125
21.5199109001 2.0103
21.53247727 2.0083125
21.5450436399 2.005625
21.5576100098 2.0028125
21.5701763797 1.9999625
21.5827427496 1.997825
21.5953091195 1.9954
21.6078754894 1.9924375
21.6204418593 1.9911875
21.6330082292 1.988
21.6455745991 1.9854
21.658140969 1.9829125
21.670707339 1.9804875
21.6832737089 1.977975
21.6958400788 1.9759125
21.7084064487 1.9739
21.7209728186 1.9706125
21.7335391885 1.96835
21.7461055584 1.96685
21.7586719283 1.9642375
21.7712382983 1.9606625
21.7838046682 1.95985
21.7963710381 1.95705
21.808937408 1.9547875
21.8215037779 1.9523875
21.8340701479 1.9503375
21.8466365178 1.9473
21.8592028877 1.944825
21.8717692576 1.9430875
21.8843356275 1.9407875
21.8969019975 1.9379875
21.9094683674 1.936575
21.9220347373 1.93325
21.9346011072 1.9316125
21.9471674772 1.92945
21.9597338471 1.9270125
21.972300217 1.9247375
21.984866587 1.923225
21.9974329569 1.9203375
22.0099993268 1.918925
22.0225656968 1.9155875
22.0351320667 1.9123375
22.0476984366 1.912475
22.0602648066 1.9094375
22.0728311765 1.906475
22.0853975464 1.90475
22.0979639164 1.902625
22.1105302863 1.9004125
22.1230966562 1.89825
22.1356630262 1.8955
22.1482293961 1.8929375
22.1607957661 1.8911625
22.173362136 1.88935
22.1859285059 1.8864125
22.1984948759 1.8846
22.2110612458 1.882825
22.2236276158 1.880425
22.2361939857 1.8785125
22.2487603557 1.8766125
22.2613267256 1.8746
22.2738930956 1.8708875
22.2864594655 1.869975
22.2990258355 1.86705
22.3115922054 1.8648875
22.3241585754 1.863775
22.3367249453 1.8609125
22.3492913153 1.8596
22.3618576852 1.857325
22.3744240552 1.855475
22.3869904251 1.853275
22.3995567951 1.8515625
22.412123165 1.8486625
22.424689535 1.847125
22.4372559049 1.845325
22.4498222749 1.843
22.4623886449 1.840975
22.4749550148 1.838425
22.4875213848 1.8365875
22.5000877547 1.8350375
22.5126541247 1.8334875
22.5252204947 1.8306625
22.5377868646 1.8283125
22.5503532346 1.82655
22.5629196046 1.8251875
22.5754859745 1.8227125
22.5880523445 1.8204125
22.6006187144 1.818125
22.6131850844 1.817
22.6257514544 1.814675
22.6383178244 1.8124375
22.6508841943 1.8106125
22.6634505643 1.808875
22.6760169343 1.806775
22.6885833042 1.805425
22.7011496742 1.8024625
22.7137160442 1.8006
22.7262824142 1.800025
22.7388487841 1.797725
22.7514151541 1.796075
22.7639815241 1.7927875
22.7765478941 1.7917875
22.789114264 1.7892125
22.801680634 1.7882
22.814247004 1.7861375
22.826813374 1.784325
22.8393797439 1.7819875
22.8519461139 1.78045
22.8645124839 1.778325
22.8770788539 1.7768625
22.8896452239 1.775275
22.9022115939 1.7732625
22.9147779638 1.7714875
22.9273443338 1.769975
22.9399107038 1.7678375
22.9524770738 1.7657
22.9650434438 1.76415
22.9776098138 1.7621125
22.9901761838 1.7606125
23.0027425538 1.7589875
23.0153089237 1.7576125
23.0278752937 1.75565
23.0404416637 1.7534875
23.0530080337 1.752025
23.0655744037 1.75
23.0781407737 1.7475625
23.0907071437 1.746825
23.1032735137 1.74535
23.1158398837 1.7431375
23.1284062537 1.7416
23.1409726237 1.7400625
23.1535389937 1.7382125
23.1661053637 1.7368125
23.1786717337 1.7348875
23.1912381037 1.7329625
23.2038044737 1.7310625
23.2163708437 1.7302
23.2289372137 1.728225
23.2415035837 1.7265375
23.2540699537 1.725225
23.2666363237 1.722975
23.2792026937 1.7211
23.2917690637 1.7202875
23.3043354337 1.7180625
23.3169018037 1.716375
23.3294681737 1.7152
23.3420345437 1.7138125
23.3546009137 1.7119625
23.3671672837 1.710475
23.3797336537 1.7086
23.3923000237 1.7074375
23.4048663938 1.7053375
23.4174327638 1.703975
23.4299991338 1.7027375
23.4425655038 1.7016875
23.4551318738 1.6994625
23.4676982438 1.6981875
23.4802646138 1.69605
23.4928309838 1.6954625
23.5053973539 1.6933125
23.5179637239 1.691925
23.5305300939 1.6899125
23.5430964639 1.68815
23.5556628339 1.6872125
23.5682292039 1.686075
23.580795574 1.6850625
23.593361944 1.682725
23.605928314 1.6820875
23.618494684 1.680525
23.631061054 1.6786375
23.6436274241 1.6767125
23.6561937941 1.6757625
23.6687601641 1.6744875
23.6813265341 1.673025
23.6938929042 1.6720125
23.7064592742 1.6702875
23.7190256442 1.6688
23.7315920142 1.6669625
23.7441583843 1.6661625
23.7567247543 1.6643875
23.7692911243 1.662875
23.7818574944 1.6622125
23.7944238644 1.660325
23.8069902344 1.6592625
23.8195566044 1.6577875
23.8321229745 1.6566375
23.8446893445 1.6551875
23.8572557145 1.65455
23.8698220846 1.652325
23.8823884546 1.6513125
23.8949548246 1.6495125
23.9075211947 1.64875
23.9200875647 1.64715
23.9326539348 1.6459625
23.9452203048 1.6444125
23.9577866748 1.6438
23.9703530449 1.6422375
23.9829194149 1.6404625
23.9954857849 1.6396375
24.008052155 1.6379375
24.020618525 1.637425
24.0331848951 1.636275
24.0457512651 1.634225
24.0583176352 1.6338
24.0708840052 1.632175
24.0834503752 1.6312625
24.0960167453 1.63
24.1085831153 1.62825
24.1211494854 1.6275
24.1337158554 1.626025
24.1462822255 1.625225
24.1588485955 1.62415
24.1714149656 1.6229625
24.1839813356 1.6218875
24.1965477057 1.6205625
24.2091140757 1.6192875
24.2216804458 1.6180625
24.2342468158 1.6167625
24.2468131859 1.6163875
24.2593795559 1.6155
24.271945926 1.6143125
24.284512296 1.6131625
24.2970786661 1.6119125
24.3096450361 1.610375
24.3222114062 1.6096625
24.3347777762 1.6088625
24.3473441463 1.608
24.3599105164 1.607375
24.3724768864 1.6056
24.3850432565 1.604775
24.3976096265 1.6040125
24.4101759966 1.6024625
24.4227423666 1.601875
24.4353087367 1.60125
24.4478751068 1.6
24.4604414768 1.599
24.4730078469 1.5986625
24.485574217 1.5980375
24.498140587 1.596625
24.5107069571 1.595325
24.5232733271 1.593975
24.5358396972 1.59365
24.5484060673 1.5925
24.5609724373 1.5917625
24.5735388074 1.5907875
24.5861051775 1.5901125
24.5986715475 1.5889625
24.6112379176 1.58825
24.6238042877 1.5872125
24.6363706577 1.586375
24.6489370278 1.5856875
24.6615033979 1.584575
24.674069768 1.584175
24.686636138 1.5829875
24.6992025081 1.5822125
24.7117688782 1.581825
24.7243352482 1.58055
24.7369016183 1.580125
24.7494679884 1.5795625
24.7620343585 1.579025
24.7746007285 1.578375
24.7871670986 1.5768375
24.7997334687 1.5762875
24.8122998388 1.5763125
24.8248662089 1.5753125
24.8374325789 1.5743375
24.849998949 1.5735375
24.8625653191 1.5723125
24.8751316892 1.5718875
24.8876980592 1.571725
24.9002644293 1.5712375
24.9128307994 1.57065
24.9253971695 1.57015
24.9379635396 1.5690875
24.9505299097 1.5687
24.9630962797 1.567825
24.9756626498 1.5672625
24.9882290199 1.5667
25.00079539 1.5662625
25.0133617601 1.565525
25.0259281302 1.5651375
25.0384945002 1.5643375
25.0510608703 1.56415
25.0636272404 1.5631
25.0761936105 1.56225
25.0887599806 1.5622
25.1013263507 1.5617375
25.1138927208 1.5618125
25.1264590909 1.5611875
25.139025461 1.559575
25.1515918311 1.56045
25.1641582011 1.5596125
25.1767245712 1.559
25.1892909413 1.5585125
25.2018573114 1.5577875
25.2144236815 1.55795
25.2269900516 1.5580875
25.2395564217 1.5571875
25.2521227918 1.5565625
25.2646891619 1.5565625
25.277255532 1.5561625
25.2898219021 1.555775
25.3023882722 1.5553125
25.3149546423 1.55455
25.3275210124 1.55495
25.3400873825 1.5540625
25.3526537526 1.55365
25.3652201227 1.5537875
25.3777864928 1.553425
25.3903528629 1.5528125
25.402919233 1.552925
25.4154856031 1.5531
25.4280519732 1.553125
25.4406183433 1.5525375
25.4531847134 1.5522
25.4657510835 1.5521625
25.4783174536 1.5523125
25.4908838237 1.5511375
25.5034501938 1.5509625
25.5160165639 1.55105
25.528582934 1.5503625
25.5411493041 1.5509625
25.5537156742 1.5508
25.5662820444 1.55095
25.5788484145 1.5506
25.5914147846 1.550275
25.6039811547 1.5501375
25.6165475248 1.55015
25.6291138949 1.550425
25.641680265 1.550675
25.6542466351 1.5505875
25.6668130052 1.5493875
25.6793793753 1.5500125
25.6919457455 1.550025
25.7045121156 1.55065
25.7170784857 1.5507125
25.7296448558 1.5504125
25.7422112259 1.5508375
