#col1: k [h/Mpc], col2: P(k) [Mpc/h]^3
0.0201959527731 15504.875
0.0322426614447 20130.625
0.0445766525172 13549.375
0.0570121814348 10706.525
0.0694947913371 10424.25
0.0820029893437 8416.4875
0.0945266191923 6280.175
0.107060265776 4907.95
0.1196007801 4638.1
0.132146206997 4561.2125
0.144695268692 3585.3875
0.157247094974 3387.625
0.169801072767 2790.85
0.182356757723 2588.6125
0.194913819935 2365.025
0.207472009332 2341.575
0.220031132914 2019.375
0.232591039353 1903.0625
0.245151608324 1775.2125
0.257712742954 1615.9875
0.270274364376 1627.9375
0.28283640773 1502.4125
0.295398819187 1415.3875
0.3079615537 1356.5125
0.320524573283 1292.8875
0.33308784568 1189.62
0.345651343325 1189.72875
0.358215042518 1129.22
0.37077892277 1055.43125
0.383342966279 1064.7775
0.395907157502 1022.66875
0.408471482809 997.73125
0.421035930196 944.455
0.43360048905 909.825
0.446165149954 876.72375
0.458729904523 856.38875
0.471294745265 829.03125
0.483859665467 819.13
0.496424659096 792.37625
0.508989720714 795.2725
0.521554845406 762.12625
0.534120028722 735.5175
0.546685266618 728.19875
0.559250555417 719.55125
0.571815891762 705.175
0.584381272587 682.25875
0.596946695082 670.36125
0.609512156671 659.57625
0.622077654984 650.51125
0.63464318784 627.90875
0.647208753228 609.045
0.659774349288 599.59625
0.6723399743 600.42625
0.684905626672 588.5425
0.697471304925 577.405
0.710037007684 572.24
0.72260273367 567.81875
0.735168481694 548.17375
0.747734250644 543.7125
0.760300039481 533.9675
0.772865847238 527.48625
0.785431673004 521.77875
0.79799751593 515.63625
0.810563375218 503.3375
0.823129250117 501.9175
0.835695139925 490.065
0.848261043977 485.4525
0.860826961652 476.3725
0.873392892359 469.5525
0.885958835546 461.12125
0.898524790688 457.5975
0.911090757291 452.03375
0.923656734887 446.57125
0.936222723034 444.23
0.948788721311 432.99375
0.961354729322 428.48875
0.973920746691 424.02125
0.986486773059 418.79875
0.999052808087 417.0975
1.01161885145 410.25375
1.02418490285 405.78625
1.03675096198 398.59125
1.04931702858 394.48125
1.06188310236 389.655
1.0744491831 384.745
1.08701527053 381.41875
1.09958136444 376.56125
1.1121474646 374.29625
1.1247135708 366.51
1.13727968285 363.54375
1.14984580055 359.97375
1.16241192372 356.835
1.17497805218 353.72875
1.18754418576 346.19375
1.20011032431 346.85125
1.21267646767 341.5375
1.22524261569 337.92375
1.23780876823 335.7275
1.25037492515 330.3575
1.26294108632 327.055
1.27550725163 322.2575
1.28807342093 319.83375
1.30063959413 315.235
1.31320577111 312.84
1.32577195175 309.81625
1.33833813597 306.82625
1.35090432365 304.50125
1.3634705147 300.42875
1.37603670904 298.7325
1.38860290656 294.58
1.40116910719 292.79
1.41373531084 289.91375
1.42630151743 283.2175
1.43886772689 283.3125
1.45143393914 280.16875
1.4640001541 276.81875
1.47656637172 273.94
1.48913259192 271.575
1.50169881463 269.54125
1.5142650398 264.92625
1.52683126737 263.29125
1.53939749727 261.01
1.55196372945 258.59
1.56452996385 255.57375
1.57709620042 253.77
1.58966243911 251.22875
1.60222867987 248.7575
1.61479492266 244.465
1.62736116741 244.68375
1.6399274141 240.96
1.65249366267 238.43625
1.66505991308 237.165
1.6776261653 234.30375
1.69019241927 231.88125
1.70275867497 230.1175
1.71532493235 227.5375
1.72789119137 226.03
1.74045745201 223.2975
1.75302371422 222.16875
1.76558997798 220.4675
1.77815624325 217.42625
1.79072251 215.17
1.80328877819 213.34875
1.8158550478 210.78875
1.8284213188 211.04875
1.84098759116 207.4275
1.85355386485 206.17625
1.86612013985 203.49375
1.87868641613 202.1875
1.89125269366 201.33125
1.90381897242 199.07625
1.91638525238 195.96625
1.92895153352 194.99625
1.94151781583 193.935
1.95408409927 192.1175
1.96665038382 189.945
1.97921666946 187.7675
1.99178295618 187.04875
2.00434924395 184.27
2.01691553275 182.85375
2.02948182257 181.63625
2.04204811338 180.54875
2.05461440516 178.29125
2.06718069791 176.21875
2.07974699159 175.4825
2.0923132862 172.865
2.10487958172 172.15125
2.11744587813 170.01
2.13001217541 169.30625
2.14257847356 167.97375
2.15514477254 166.785
2.16771107236 164.97125
2.180277373 163.75625
2.19284367444 162.25125
2.20540997666 161.28
2.21797627966 160.18375
2.23054258343 159.12625
2.24310888794 157.6575
2.25567519319 155.7425
2.26824149916 154.69125
2.28080780584 153.40875
2.29337411323 151.7875
2.3059404213 150.5125
2.31850673006 149.525
2.33107303948 148.23125
2.34363934955 147.13625
2.35620566027 145.8425
2.36877197163 144.0725
2.38133828361 143.245
2.39390459621 142.50375
2.40647090941 141.5975
2.41903722321 139.57125
2.4316035376 139.61875
2.44416985257 137.9075
2.4567361681 136.68
2.4693024842 136.305
2.48186880085 134.69375
2.49443511804 133.94625
2.50700143576 132.6375
2.51956775402 132.07
2.53213407279 131.37
2.54470039208 129.99625
2.55726671187 129.2725
2.56983303216 128.10125
2.58239935293 126.65125
2.59496567419 126.035
2.60753199593 125.04625
2.62009831814 123.7895
2.6326646408 122.694625
2.64523096392 121.94725
2.6577972875 121.16275
2.67036361151 120.46475
2.68292993596 119.4345
2.69549626084 118.57225
2.70806258615 117.923
2.72062891187 116.570375
2.73319523801 115.85975
2.74576156455 115.30925
2.7583278915 114.40125
2.77089421884 113.53225
2.78346054657 112.841375
2.79602687469 112.03375
2.80859320319 111.374625
2.82115953206 110.206375
2.83372586131 109.813
2.84629219091 108.828875
2.85885852088 108.425875
2.87142485121 107.29075
2.88399118189 106.94675
2.89655751291 105.818125
2.90912384427 105.159625
2.92169017598 104.35025
2.93425650801 103.365875
2.94682284038 102.93225
2.95938917307 102.207875
2.97195550608 101.276
2.9845218394 100.776375
2.99708817304 100.1335
3.00965450699 99.352375
3.02222084124 98.85
3.0347871758 98.079
3.04735351065 97.1415
3.0599198458 96.741625
3.07248618123 96.04775
3.08505251695 95.569875
3.09761885296 95.157125
3.11018518924 94.025125
3.12275152581 93.364375
3.13531786264 93.23075
3.14788419974 92.476375
3.16045053712 91.871
3.17301687475 91.238375
3.18558321264 90.345375
3.19814955079 90.012125
3.2107158892 89.452875
3.22328222786 88.947875
3.23584856676 88.137875
3.24841490591 87.5735
3.2609812453 87.038
3.27354758494 86.497
3.2861139248 85.924125
3.29868026491 85.34275
3.31124660524 84.83675
3.32381294581 84.079375
3.3363792866 83.77725
3.34894562761 83.199
3.36151196885 82.890625
3.3740783103 82.180875
3.38664465197 81.6835
3.39921099386 81.091
3.41177733595 80.637375
3.42434367826 80.31925
3.43691002077 79.7615
3.44947636349 79.189875
3.46204270641 78.683
3.47460904953 78.379125
3.48717539285 77.705375
3.49974173636 77.272125
3.51230808007 76.86
3.52487442397 76.2855
3.53744076806 75.866875
3.55000711234 75.463
3.5625734568 74.876625
3.57513980145 74.5995
3.58770614628 74.176875
3.60027249129 73.633875
3.61283883647 73.0285
3.62540518184 72.79825
3.63797152738 72.273875
3.65053787309 71.84125
3.66310421897 71.609125
3.67567056502 71.1345
3.68823691124 70.738625
3.70080325762 70.24225
3.71336960417 69.791125
3.72593595088 69.6705
3.73850229775 69.08225
3.75106864478 68.706
3.76363499197 68.313875
3.77620133931 67.918375
3.78876768681 67.559875
3.80133403446 67.096
3.81390038226 66.691625
3.82646673021 66.38275
3.83903307831 66.10375
3.85159942656 65.591875
3.86416577495 65.263875
3.87673212349 64.913625
3.88929847217 64.418625
3.90186482099 64.19275
3.91443116995 63.617875
3.92699751905 63.404875
3.93956386828 63.068375
3.95213021765 62.667
3.96469656716 62.50425
3.9772629168 62.1835
3.98982926657 61.69775
4.00239561648 61.32125
4.01496196651 61.11675
4.02752831667 60.696
4.04009466696 60.368125
4.05266101737 60.000125
4.06522736791 59.624
4.07779371858 59.3855
4.09036006936 59.160625
4.10292642027 58.735375
4.1154927713 58.54
4.12805912244 58.08025
4.14062547371 57.833625
4.15319182509 57.42625
4.16575817659 57.295
4.1783245282 56.990625
4.19089087993 56.53925
4.20345723177 56.26075
4.21602358372 56.074625
4.22858993578 55.622375
4.24115628796 55.29725
4.25372264024 55.16375
4.26628899263 54.79775
4.27885534512 54.5305
4.29142169773 54.339125
4.30398805044 53.96925
4.31655440325 53.781875
4.32912075616 53.416625
4.34168710918 53.182
4.3542534623 52.911125
4.36681981552 52.6325
4.37938616884 52.370375
4.39195252226 52.09325
4.40451887578 51.82575
4.41708522939 51.593625
4.4296515831 51.3215
4.44221793691 51.047125
4.45478429081 50.77075
4.46735064481 50.588
4.4799169989 50.243
4.49248335308 49.899875
4.50504970735 49.68425
4.51761606171 49.549375
4.53018241617 49.234375
4.54274877071 49.034
4.55531512534 48.725125
4.56788148006 48.543375
4.58044783487 48.301
4.59301418976 48.02875
4.60558054474 47.83925
4.61814689981 47.639625
4.63071325496 47.441375
4.64327961019 47.068625
4.6558459655 46.88275
4.6684123209 46.673875
4.68097867638 46.376875
4.69354503194 46.204
4.70611138758 46.11275
4.71867774331 45.743875
4.73124409911 45.556875
4.74381045498 45.454875
4.75637681094 45.173125
4.76894316697 44.945625
4.78150952308 44.694125
4.79407587927 44.401875
4.80664223553 44.32325
4.81920859187 44.078625
4.83177494828 43.936375
4.84434130476 43.68075
4.85690766132 43.529
4.86947401795 43.337
4.88204037465 43.058875
4.89460673143 42.82625
4.90717308827 42.64575
4.91973944519 42.45675
4.93230580217 42.234625
4.94487215923 42.061375
4.95743851635 41.886
4.97000487354 41.63325
4.9825712308 41.4545
4.99513758812 41.263
5.00770394552 41.125
5.02027030297 40.885
5.0328366605 40.67675
5.04540301809 40.528
5.05796937574 40.311875
5.07053573346 40.08575
5.08310209124 39.969125
5.09566844909 39.776625
5.108234807 39.682125
5.12080116497 39.445875
5.133367523 39.19
5.1459338811 39.10325
5.15850023925 38.8
5.17106659747 38.7115
5.18363295574 38.589125
5.19619931408 38.411875
5.20876567247 38.252875
5.22133203093 37.986875
5.23389838944 37.843625
5.24646474801 37.67175
5.25903110664 37.49825
5.27159746532 37.3215
5.28416382406 37.24775
5.29673018286 36.971125
5.30929654171 36.897875
5.32186290062 36.695375
5.33442925959 36.626625
5.34699561861 36.402875
5.35956197768 36.198125
5.37212833681 36.02875
5.38469469599 35.971375
5.39726105522 35.747625
5.40982741451 35.654625
5.42239377385 35.495625
5.43496013324 35.342625
5.44752649268 35.175875
5.46009285218 35.00975
5.47265921172 34.895875
5.48522557132 34.72275
5.49779193097 34.656125
5.51035829067 34.429125
5.52292465041 34.273125
5.53549101021 34.16125
5.54805737005 33.97
5.56062372995 33.85375
5.57319008989 33.756625
5.58575644988 33.574375
5.59832280992 33.46125
5.61088917 33.32525
5.62345553014 33.211
5.63602189032 33.04825
5.64858825054 32.839375
5.66115461081 32.774
5.67372097113 32.646
5.68628733149 32.51625
5.6988536919 32.36325
5.71142005235 32.228375
5.72398641285 32.12675
5.73655277339 32.004625
5.74911913398 31.8235
5.76168549461 31.703375
5.77425185528 31.609375
5.786818216 31.43775
5.79938457676 31.31475
5.81195093756 31.185625
5.82451729841 31.1
5.83708365929 30.944125
5.84965002022 30.833
5.86221638119 30.727375
5.8747827422 30.623625
5.88734910325 30.468375
5.89991546435 30.3675
5.91248182548 30.277125
5.92504818665 30.071375
5.93761454787 29.992125
5.95018090912 29.829375
5.96274727041 29.803
5.97531363174 29.64225
5.98787999311 29.546125
6.00044635452 29.41025
6.01301271597 29.271375
6.02557907746 29.166625
6.03814543898 29.074375
6.05071180054 28.870125
6.06327816214 28.82275
6.07584452378 28.69575
6.08841088545 28.651375
6.10097724716 28.48775
6.11354360891 28.423
6.12610997069 28.250375
6.13867633251 28.155
6.15124269437 28.052875
6.16380905626 27.942625
6.17637541819 27.86075
6.18894178015 27.766
6.20150814215 27.633375
6.21407450418 27.536375
6.22664086625 27.4045
6.23920722835 27.294625
6.25177359048 27.23725
6.26433995265 27.084875
6.27690631485 27.00775
6.28947267709 26.85425
6.30203903936 26.795
6.31460540166 26.723125
6.327171764 26.573125
6.33973812637 26.467875
6.35230448877 26.3715
6.36487085121 26.296
6.37743721367 26.20325
6.39000357617 26.17675
6.4025699387 25.98075
6.41513630126 25.915375
6.42770266386 25.817625
6.44026902648 25.728375
6.45283538914 25.631375
6.46540175183 25.515
6.47796811454 25.418375
6.49053447729 25.32
6.50310084007 25.227375
6.51566720288 25.159375
6.52823356572 25.035875
6.54079992859 24.96325
6.55336629149 24.89825
6.56593265441 24.816125
6.57849901737 24.6715
6.59106538036 24.6195
6.60363174337 24.510125
6.61619810642 24.4405
6.62876446949 24.3525
6.64133083259 24.237875
6.65389719572 24.142
6.66646355888 24.10525
6.67902992207 24.00875
6.69159628528 23.90525
6.70416264852 23.844125
6.71672901179 23.7695
6.72929537509 23.656875
6.74186173841 23.602875
6.75442810177 23.492625
6.76699446514 23.413125
6.77956082855 23.339
6.79212719198 23.210125
6.80469355544 23.1415
6.81725991892 23.089125
6.82982628244 22.985
6.84239264597 22.87825
6.85495900954 22.860375
6.86752537313 22.7435
6.88009173674 22.677875
6.89265810038 22.577625
6.90522446405 22.49325
6.91779082774 22.4365
6.93035719145 22.368875
6.94292355519 22.2615
6.95548991896 22.19725
6.96805628275 22.107375
6.98062264656 22.04
6.9931890104 21.9915
7.00575537427 21.8865
7.01832173815 21.81725
7.03088810207 21.7095
7.043454466 21.67725
7.05602082996 21.582375
7.06858719395 21.50375
7.08115355795 21.419875
7.09371992198 21.37225
7.10628628604 21.3015
7.11885265011 21.21575
7.13141901421 21.146625
7.14398537833 21.10775
7.15655174248 20.999875
7.16911810665 20.8845
7.18168447084 20.8475
7.19425083505 20.806875
7.20681719929 20.72425
7.21938356354 20.64625
7.23194992782 20.57925
7.24451629213 20.538
7.25708265645 20.458375
7.26964902079 20.393875
7.28221538516 20.296875
7.29478174955 20.259
7.30734811396 20.195375
7.31991447839 20.08525
7.33248084284 20.026
7.34504720732 19.988875
7.35761357181 19.88425
7.37017993633 19.8255
7.38274630086 19.744625
7.39531266542 19.73025
7.40787903 19.661875
7.42044539459 19.582875
7.43301175921 19.496
7.44557812385 19.464375
7.45814448851 19.41025
7.47071085319 19.35075
7.48327721789 19.276
7.4958435826 19.19575
7.50840994734 19.143
7.5209763121 19.06675
7.53354267688 18.98775
7.54610904167 18.962125
7.55867540649 18.876
7.57124177133 18.822125
7.58380813618 18.749875
7.59637450105 18.699375
7.60894086595 18.64325
7.62150723086 18.6005
7.63407359579 18.5205
7.64663996074 18.4635
7.6592063257 18.396125
7.67177269069 18.36875
7.68433905569 18.298375
7.69690542071 18.23325
7.70947178576 18.150375
7.72203815081 18.096125
7.73460451589 18.0845
7.74717088099 17.982625
7.7597372461 17.939125
7.77230361123 17.863
7.78486997638 17.803125
7.79743634154 17.766
7.81000270673 17.717875
7.82256907193 17.66775
7.83513543715 17.59925
7.84770180238 17.539375
7.86026816763 17.495625
7.8728345329 17.439
7.88540089819 17.402
7.89796726349 17.333375
7.91053362882 17.269
7.92309999415 17.217875
7.93566635951 17.15025
7.94823272488 17.1095
7.96079909027 17.036875
7.97336545567 16.988875
7.98593182109 16.97125
7.99849818653 16.88175
8.01106455198 16.840625
8.02363091745 16.804
8.03619728293 16.73575
8.04876364843 16.693125
8.06133001395 16.637
8.07389637948 16.587125
8.08646274503 16.51725
8.0990291106 16.483125
8.11159547618 16.442
8.12416184177 16.385
8.13672820738 16.3355
8.14929457301 16.274875
8.16186093865 16.219125
8.17442730431 16.189375
8.18699366998 16.136625
8.19956003567 16.091875
8.21212640137 16.0455
8.22469276709 16.00425
8.23725913282 15.937875
8.24982549857 15.892625
8.26239186433 15.825375
8.27495823011 15.79625
8.2875245959 15.762125
8.30009096171 15.695
8.31265732753 15.666125
8.32522369336 15.59275
8.33779005921 15.5665
8.35035642508 15.5105
8.36292279096 15.4655
8.37548915685 15.416
8.38805552275 15.360125
8.40062188868 15.327625
8.41318825461 15.28425
8.42575462056 15.23325
8.43832098652 15.207
8.4508873525 15.15975
8.46345371849 15.1065
8.47602008449 15.058875
8.48858645051 15.01825
8.50115281654 14.99725
8.51371918259 14.9155
8.52628554864 14.8925
8.53885191472 14.833875
8.5514182808 14.79825
8.5639846469 14.7545
8.57655101301 14.712125
8.58911737914 14.67825
8.60168374527 14.614375
8.61425011142 14.602375
8.62681647759 14.532875
8.63938284376 14.502
8.65194920995 14.45325
8.66451557616 14.4095
8.67708194237 14.378625
8.6896483086 14.31325
8.70221467484 14.2825
8.71478104109 14.255
8.72734740736 14.214625
8.73991377364 14.16675
8.75248013993 14.12925
8.76504650623 14.080125
8.77761287255 14.036125
8.79017923888 14.017625
8.80274560522 13.972
8.81531197157 13.933125
8.82787833793 13.876125
8.84044470431 13.8525
8.8530110707 13.795
8.8655774371 13.75575
8.87814380351 13.755875
8.89071016993 13.68775
8.90327653637 13.66275
8.91584290282 13.62075
8.92840926928 13.588375
8.94097563575 13.53225
8.95354200223 13.5045
8.96610836873 13.458
8.97867473523 13.42575
8.99124110175 13.386
9.00380746828 13.343
9.01637383482 13.30825
9.02894020137 13.26975
9.04150656793 13.24025
9.05407293451 13.197375
9.06663930109 13.17025
9.07920566769 13.134875
9.0917720343 13.077625
9.10433840092 13.046
9.11690476755 13.011125
9.12947113419 12.9845
9.14203750084 12.93025
9.1546038675 12.906
9.16717023418 12.869125
9.17973660086 12.8385
9.19230296755 12.795125
9.20486933426 12.776875
9.21743570098 12.73375
9.2300020677 12.695
9.24256843444 12.659875
9.25513480119 12.6215
9.26770116795 12.593125
9.28026753472 12.56025
9.2928339015 12.516875
9.30540026829 12.4844875
9.31796663509 12.459425
9.3305330019 12.430875
9.34309936872 12.3832375
9.35566573555 12.3550125
9.36823210239 12.3222875
9.38079846924 12.2857625
9.3933648361 12.2477
9.40593120297 12.2350875
9.41849756985 12.1910875
9.43106393674 12.1469875
9.44363030364 12.1267375
9.45619667055 12.089125
9.46876303747 12.062875
9.48132940441 12.0196625
9.49389577135 11.999325
9.5064621383 11.9572625
9.51902850525 11.934075
9.53159487222 11.8995125
9.5441612392 11.8605
9.55672760619 11.832175
9.56929397319 11.7982625
9.5818603402 11.768375
9.59442670721 11.7367125
9.60699307424 11.7132
9.61955944127 11.664875
9.63212580832 11.6507125
9.64469217537 11.6020375
9.65725854244 11.5863125
9.66982490951 11.5497375
9.68239127659 11.5185875
9.69495764368 11.4931625
9.70752401078 11.4492625
9.72009037789 11.43
9.73265674501 11.402725
9.74522311214 11.3613
9.75778947927 11.333775
9.77035584642 11.3131875
9.78292221357 11.27765
9.79548858074 11.275
9.80805494791 11.2265875
9.82062131509 11.19255
9.83318768228 11.161525
9.84575404948 11.1401625
9.85832041668 11.112325
9.8708867839 11.08275
9.88345315112 11.0575875
9.89601951836 11.017975
9.9085858856 10.9889625
9.92115225285 10.965675
9.93371862011 10.9371875
9.94628498737 10.9094
9.95885135465 10.8776
9.97141772193 10.8407375
9.98398408923 10.82445
9.99655045653 10.7873125
10.0091168238 10.763375
10.0216831912 10.7429875
10.0342495585 10.7144875
10.0468159258 10.6791125
10.0593822932 10.6600875
10.0719486605 10.6346125
10.0845150279 10.6068875
10.0970813952 10.5698125
10.1096477626 10.550725
10.12221413 10.527025
10.1347804974 10.4999125
10.1473468648 10.47145
10.1599132322 10.4488875
10.1724795996 10.411225
10.185045967 10.3984625
10.1976123344 10.3647
10.2101787019 10.345625
10.2227450693 10.319475
10.2353114368 10.2892875
10.2478778042 10.2597625
10.2604441717 10.230875
10.2730105392 10.2134
10.2855769067 10.1859625
10.2981432742 10.1564125
10.3107096417 10.140375
10.3232760092 10.1108875
10.3358423767 10.0863625
10.3484087442 10.0531625
10.3609751117 10.028525
10.3735414793 10.0121875
10.3861078468 9.9810375
10.3986742144 9.9595375
10.4112405819 9.9323375
10.4238069495 9.9090125
10.4363733171 9.8866625
10.4489396847 9.8682125
10.4615060522 9.8413375
10.4740724198 9.81255
10.4866387874 9.7837
10.4992051551 9.7626
10.5117715227 9.743725
10.5243378903 9.721025
10.5369042579 9.6877875
10.5494706256 9.6670625
10.5620369932 9.6418125
10.5746033609 9.629125
10.5871697285 9.596025
10.5997360962 9.5682
10.6123024639 9.546275
10.6248688315 9.52895
10.6374351992 9.5085
10.6500015669 9.482475
10.6625679346 9.4603
10.6751343023 9.4458
10.6877006701 9.41575
10.7002670378 9.3955625
10.7128334055 9.3666875
10.7253997732 9.3484125
10.737966141 9.32585
10.7505325087 9.2962875
10.7630988765 9.274425
10.7756652443 9.2478875
10.788231612 9.234975
10.8007979798 9.2014875
10.8133643476 9.18945
10.8259307154 9.1707625
10.8384970832 9.1360875
10.851063451 9.1233
10.8636298188 9.09675
10.8761961866 9.07965
10.8887625544 9.0477
10.9013289222 9.03135
10.9138952901 9.007775
10.9264616579 8.990125
10.9390280258 8.963525
10.9515943936 8.9438625
10.9641607615 8.929275
10.9767271293 8.90075
10.9892934972 8.8901125
11.0018598651 8.8704125
11.014426233 8.853775
11.0269926009 8.815375
11.0395589688 8.795375
11.0521253367 8.7856
11.0646917046 8.762425
11.0772580725 8.733575
11.0898244404 8.716925
11.1023908084 8.7000875
11.1149571763 8.673375
11.1275235442 8.6592625
11.1400899122 8.6371875
11.1526562801 8.625425
11.1652226481 8.5956375
11.177789016 8.5751125
11.190355384 8.55885
11.202921752 8.5351625
11.21548812 8.5148125
11.228054488 8.4930625
11.240620856 8.4782625
11.253187224 8.464675
11.265753592 8.4373625
11.27831996 8.4137125
11.290886328 8.3921875
11.303452696 8.3733
11.316019064 8.3591
11.3285854321 8.348125
11.3411518001 8.3282875
11.3537181682 8.3025375
11.3662845362 8.286075
11.3788509043 8.2681875
11.3914172723 8.24425
11.4039836404 8.2178875
11.4165500085 8.2108125
11.4291163766 8.1880375
11.4416827446 8.171625
11.4542491127 8.1465375
11.4668154808 8.1352125
11.4793818489 8.1140375
11.491948217 8.0997
11.5045145852 8.07275
11.5170809533 8.0632625
11.5296473214 8.0340125
11.5422136895 8.0179875
11.5547800577 8.00645
11.5673464258 7.98235
11.5799127939 7.96635
11.5924791621 7.9482125
11.6050455302 7.929
11.6176118984 7.917725
11.6301782666 7.8949375
11.6427446347 7.8806125
11.6553110029 7.8588625
11.6678773711 7.8414875
11.6804437393 7.824425
11.6930101075 7.80715
11.7055764757 7.792575
11.7181428439 7.7746375
11.7307092121 7.7545125
11.7432755803 7.739
11.7558419485 7.72405
11.7684083168 7.7067125
11.780974685 7.6871125
11.7935410532 7.6713875
11.8061074215 7.6573625
11.8186737897 7.6386375
11.8312401579 7.61895
11.8438065262 7.604525
11.8563728945 7.58705
11.8689392627 7.5697625
11.881505631 7.558775
11.8940719993 7.5349125
11.9066383675 7.520375
11.9192047358 7.5072
11.9317711041 7.4877875
11.9443374724 7.4664125
11.9569038407 7.452525
11.969470209 7.4353125
11.9820365773 7.4205375
11.9946029456 7.3987375
12.007169314 7.3843
12.0197356823 7.37245
12.0323020506 7.35575
12.0448684189 7.3433375
12.0574347873 7.3300125
12.0700011556 7.3058375
12.082567524 7.2919875
12.0951338923 7.278625
12.1077002607 7.25635
12.120266629 7.2443875
12.1328329974 7.226725
12.1453993658 7.213125
12.1579657341 7.201775
12.1705321025 7.1889625
12.1830984709 7.167625
12.1956648393 7.151025
12.2082312077 7.1398375
12.2207975761 7.1189
12.2333639445 7.104975
12.2459303129 7.088
12.2584966813 7.0775375
12.2710630497 7.0557375
12.2836294181 7.0424
12.2961957866 7.022775
12.308762155 7.0107625
12.3213285234 6.9987125
12.3338948919 6.9856375
12.3464612603 6.966575
12.3590276288 6.9475875
12.3715939972 6.9360375
12.3841603657 6.913775
12.3967267341 6.91375
12.4092931026 6.893775
12.4218594711 6.87985
12.4344258395 6.8643625
12.446992208 6.8492125
12.4595585765 6.834
12.472124945 6.8211375
12.4846913135 6.8030625
12.497257682 6.7967125
12.5098240505 6.775575
12.522390419 6.7628625
12.5349567875 6.7472875
12.547523156 6.7322375
12.5600895245 6.7210125
12.572655893 6.7065625
12.5852222615 6.6874625
12.5977886301 6.678025
12.6103549986 6.6684625
12.6229213671 6.650925
12.6354877357 6.6376125
12.6480541042 6.6263
12.6606204728 6.60725
12.6731868413 6.5941
12.6857532099 6.5822125
12.6983195784 6.5671875
12.710885947 6.5538875
12.7234523156 6.5433375
12.7360186842 6.527
12.7485850527 6.5168
12.7611514213 6.4955375
12.7737177899 6.486925
12.7862841585 6.4753625
12.7988505271 6.460375
12.8114168957 6.44625
12.8239832643 6.436375
12.8365496329 6.41845
12.8491160015 6.40895
12.8616823701 6.3926625
12.8742487387 6.384
12.8868151073 6.367025
12.899381476 6.3570375
12.9119478446 6.3424
12.9245142132 6.3279875
12.9370805819 6.319675
12.9496469505 6.3015375
12.9622133191 6.2918375
12.9747796878 6.27695
12.9873460564 6.268025
12.9999124251 6.246625
13.0124787938 6.236825
13.0250451624 6.2255625
13.0376115311 6.211475
13.0501778998 6.1973
13.0627442684 6.1865125
13.0753106371 6.1757875
13.0878770058 6.160925
13.1004433745 6.1468875
13.1130097432 6.136975
13.1255761119 6.1281875
13.1381424806 6.114325
13.1507088493 6.09855
13.163275218 6.086175
13.1758415867 6.0727875
13.1884079554 6.059625
13.2009743241 6.047175
13.2135406928 6.0344625
13.2261070615 6.021175
13.2386734303 6.01285
13.251239799 5.99485
13.2638061677 5.9841875
13.2763725365 5.972225
13.2889389052 5.9613625
13.3015052739 5.9564
13.3140716427 5.9366625
13.3266380114 5.9242875
13.3392043802 5.9148375
13.351770749 5.9041
13.3643371177 5.8923125
13.3769034865 5.8801125
13.3894698552 5.86535
13.402036224 5.8545875
13.4146025928 5.8426375
13.4271689616 5.836475
13.4397353304 5.823675
13.4523016991 5.8080125
13.4648680679 5.8010375
13.4774344367 5.79255
13.4900008055 5.7802875
13.5025671743 5.76495
13.5151335431 5.7554875
13.5276999119 5.7448875
13.5402662807 5.7295125
13.5528326495 5.7242
13.5653990184 5.7079125
13.5779653872 5.6988625
13.590531756 5.693675
13.6030981248 5.676025
13.6156644936 5.6626125
13.6282308625 5.6575875
13.6407972313 5.6395875
13.6533636002 5.6339
13.665929969 5.621975
13.6784963378 5.61155
13.6910627067 5.5956625
13.7036290755 5.5874875
13.7161954444 5.575925
13.7287618133 5.5607625
13.7413281821 5.5522625
13.753894551 5.546925
13.7664609198 5.5365875
13.7790272887 5.5236
13.7915936576 5.5113375
13.8041600265 5.502325
13.8167263953 5.4928875
13.8292927642 5.4789375
13.8418591331 5.4682
13.854425502 5.4582625
13.8669918709 5.4477625
13.8795582398 5.4372
13.8921246087 5.428975
13.9046909776 5.4190125
13.9172573465 5.4054875
13.9298237154 5.4005375
13.9423900843 5.3896125
13.9549564532 5.3750375
13.9675228222 5.3635875
13.9800891911 5.3509375
13.99265556 5.345
14.0052219289 5.33485
14.0177882979 5.325225
14.0303546668 5.311925
14.0429210357 5.3052125
14.0554874047 5.2918125
14.0680537736 5.2842125
14.0806201426 5.275425
14.0931865115 5.2603375
14.1057528804 5.2531875
14.1183192494 5.243225
14.1308856184 5.233825
14.1434519873 5.2251625
14.1560183563 5.2147125
14.1685847252 5.2017375
14.1811510942 5.1926125
14.1937174632 5.18085
14.2062838322 5.170925
14.2188502011 5.1636625
14.2314165701 5.1524875
14.2439829391 5.145525
14.2565493081 5.1348625
14.2691156771 5.126675
14.2816820461 5.1121875
14.2942484151 5.1097625
14.3068147841 5.0927625
14.3193811531 5.0902625
14.3319475221 5.0783875
14.3445138911 5.06745
14.3570802601 5.056875
14.3696466291 5.043875
14.3822129981 5.0383
14.3947793671 5.0305625
14.4073457361 5.02195
14.4199121052 5.0132375
14.4324784742 5.00025
14.4450448432 4.9899625
14.4576112122 4.9826
14.4701775813 4.9751
14.4827439503 4.9631625
14.4953103194 4.95275
14.5078766884 4.9463125
14.5204430574 4.9315125
14.5330094265 4.9262375
14.5455757955 4.919375
14.5581421646 4.90865
14.5707085336 4.9019
14.5832749027 4.894125
14.5958412718 4.8829
14.6084076408 4.8722625
14.6209740099 4.863775
14.633540379 4.856025
14.646106748 4.8469375
14.6586731171 4.8416375
14.6712394862 4.8291125
14.6838058553 4.820175
14.6963722243 4.811625
14.7089385934 4.8025625
14.7215049625 4.7929375
14.7340713316 4.7857125
14.7466377007 4.777125
14.7592040698 4.7677
14.7717704389 4.7620625
14.784336808 4.748625
14.7969031771 4.7419625
14.8094695462 4.7324625
14.8220359153 4.7262375
14.8346022844 4.7159125
14.8471686535 4.7063
14.8597350226 4.699525
14.8723013918 4.69255
14.8848677609 4.6825625
14.89743413 4.6743875
14.9100004991 4.6641125
14.9225668683 4.6553375
14.9351332374 4.6477375
14.9476996065 4.6409875
14.9602659757 4.6293625
14.9728323448 4.6215
14.9853987139 4.61435
14.9979650831 4.6057125
15.0105314522 4.5968375
15.0230978214 4.58855
15.0356641905 4.5827125
15.0482305597 4.5725125
15.0607969288 4.564725
15.073363298 4.5579125
15.0859296671 4.545125
15.0984960363 4.540175
15.1110624055 4.532
15.1236287746 4.5245375
15.1361951438 4.5160375
15.148761513 4.5070625
15.1613278822 4.500375
15.1738942513 4.4883
15.1864606205 4.48465
15.1990269897 4.47855
15.2115933589 4.4653125
15.2241597281 4.461
15.2367260972 4.45185
15.2492924664 4.4429875
15.2618588356 4.435275
15.2744252048 4.42925
15.286991574 4.420275
15.2995579432 4.410375
15.3121243124 4.403175
15.3246906816 4.3949625
15.3372570508 4.3867375
15.34982342 4.3809375
15.3623897893 4.372475
15.3749561585 4.3638375
15.3875225277 4.3554375
15.4000888969 4.3488125
15.4126552661 4.3411625
15.4252216354 4.332325
15.4377880046 4.3269125
15.4503543738 4.3186375
15.462920743 4.3135375
15.4754871123 4.3026625
15.4880534815 4.2961375
15.5006198507 4.2897125
15.51318622 4.2796125
15.5257525892 4.2721
15.5383189585 4.2651125
15.5508853277 4.25855
15.563451697 4.2546625
15.5760180662 4.2435125
15.5885844355 4.2364375
15.6011508047 4.22565
15.613717174 4.2217
15.6262835432 4.2145125
15.6388499125 4.207175
15.6514162818 4.2013875
15.663982651 4.191575
15.6765490203 4.184675
15.6891153896 4.1793125
15.7016817588 4.170775
15.7142481281 4.1656625
15.7268144974 4.1554125
15.7393808667 4.149325
15.7519472359 4.142425
15.7645136052 4.13435
15.7770799745 4.130025
15.7896463438 4.1206
15.8022127131 4.11355
15.8147790824 4.106975
15.8273454517 4.100975
15.839911821 4.093175
15.8524781903 4.08525
15.8650445596 4.076875
15.8776109289 4.0721125
15.8901772982 4.0655125
15.9027436675 4.0564375
15.9153100368 4.0515
15.9278764061 4.0450125
15.9404427754 4.0358125
15.9530091447 4.029175
15.965575514 4.0228125
15.9781418833 4.015375
15.9907082527 4.0078625
16.003274622 4.003525
16.0158409913 3.9961125
16.0284073606 3.988925
16.04097373 3.9812
16.0535400993 3.9761625
16.0661064686 3.968875
16.078672838 3.96235
16.0912392073 3.9539375
16.1038055766 3.9477625
16.116371946 3.94195
16.1289383153 3.9346375
16.1415046847 3.9279375
16.154071054 3.9199875
16.1666374234 3.9151375
16.1792037927 3.9082875
16.1917701621 3.9023125
16.2043365314 3.8934
16.2169029008 3.8883625
16.2294692701 3.882625
16.2420356395 3.8758875
16.2546020088 3.87025
16.2671683782 3.8620625
16.2797347476 3.857225
16.2923011169 3.85125
16.3048674863 3.8436625
16.3174338557 3.8392125
16.3300002251 3.8311
16.3425665944 3.8259
16.3551329638 3.81885
16.3676993332 3.8134625
16.3802657026 3.8062
16.3928320719 3.798975
16.4053984413 3.793175
16.4179648107 3.7875625
16.4305311801 3.78195
16.4430975495 3.7728
16.4556639189 3.768475
16.4682302883 3.761825
16.4807966577 3.7566875
16.4933630271 3.7473625
16.5059293965 3.7431
16.5184957659 3.737925
16.5310621353 3.72945
16.5436285047 3.7256
16.5561948741 3.7177375
16.5687612435 3.711075
16.5813276129 3.7039
16.5938939823 3.7006625
16.6064603517 3.692375
16.6190267212 3.685425
16.6315930906 3.6802875
16.64415946 3.6773375
16.6567258294 3.66955
16.6692921988 3.6634875
16.6818585683 3.6547375
16.6944249377 3.65215
16.7069913071 3.6419125
16.7195576765 3.6385375
16.732124046 3.632125
16.7446904154 3.627
16.7572567848 3.6210375
16.7698231543 3.614075
16.7823895237 3.6093625
16.7949558932 3.6024875
16.8075222626 3.594775
16.8200886321 3.593375
16.8326550015 3.5839
16.8452213709 3.579175
16.8577877404 3.5722375
16.8703541098 3.5674375
16.8829204793 3.56115
16.8954868488 3.556025
16.9080532182 3.5533375
16.9206195877 3.545975
16.9331859571 3.5380625
16.9457523266 3.533275
16.9583186961 3.5282375
16.9708850655 3.5231
16.983451435 3.5163875
16.9960178045 3.509375
17.0085841739 3.5044375
17.0211505434 3.499125
17.0337169129 3.4937375
17.0462832823 3.4891
17.0588496518 3.4828625
17.0714160213 3.4767875
17.0839823908 3.4695
17.0965487603 3.46385
17.1091151297 3.4595875
17.1216814992 3.4521375
17.1342478687 3.447275
17.1468142382 3.4418375
17.1593806077 3.43735
17.1719469772 3.433075
17.1845133467 3.426025
17.1970797162 3.4208625
17.2096460857 3.41505
17.2222124552 3.4092375
17.2347788247 3.4056875
17.2473451942 3.39945
17.2599115637 3.3941
17.2724779332 3.3897875
17.2850443027 3.38275
17.2976106722 3.378675
17.3101770417 3.371125
17.3227434112 3.36735
17.3353097807 3.3613375
17.3478761503 3.3571375
17.3604425198 3.3500625
17.3730088893 3.3456875
17.3855752588 3.341
17.3981416283 3.3348375
17.4107079978 3.3310625
17.4232743674 3.3276125
17.4358407369 3.32015
17.4484071064 3.3149125
17.460973476 3.3070125
17.4735398455 3.30445
17.486106215 3.2978875
17.4986725845 3.2921
17.5112389541 3.28775
17.5238053236 3.28275
17.5363716932 3.2778625
17.5489380627 3.2720625
17.5615044322 3.268175
17.5740708018 3.2622375
17.5866371713 3.2561875
17.5992035409 3.2509625
17.6117699104 3.24815
17.62433628 3.24085
17.6369026495 3.2369
17.6494690191 3.23275
17.6620353886 3.2247125
17.6746017582 3.2216
17.6871681277 3.2171875
17.6997344973 3.2106125
17.7123008669 3.20565
17.7248672364 3.2009125
17.737433606 3.197175
17.7499999755 3.191875
17.7625663451 3.1881625
17.7751327147 3.1801
17.7876990842 3.1762125
17.8002654538 3.1720625
17.8128318234 3.167375
17.825398193 3.1620375
17.8379645625 3.15685
17.8505309321 3.152225
17.8630973017 3.1475875
17.8756636713 3.1425875
17.8882300408 3.137425
17.9007964104 3.1344625
17.91336278 3.1269625
17.9259291496 3.123775
17.9384955192 3.117325
17.9510618888 3.1141
17.9636282584 3.1082875
17.9761946279 3.1049
17.9887609975 3.100225
18.0013273671 3.0942
18.0138937367 3.0903125
18.0264601063 3.0832125
18.0390264759 3.0798375
18.0515928455 3.0758625
18.0641592151 3.0698625
18.0767255847 3.06675
18.0892919543 3.062525
18.1018583239 3.057225
18.1144246935 3.0521875
18.1269910631 3.04945
18.1395574327 3.0429875
18.1521238024 3.0379875
18.164690172 3.033025
18.1772565416 3.0287625
18.1898229112 3.0252875
18.2023892808 3.0194125
18.2149556504 3.0143125
18.22752202 3.0097375
18.2400883897 3.006325
18.2526547593 3.0022
18.2652211289 2.9972125
18.2777874985 2.9933875
18.2903538682 2.9881
18.3029202378 2.984375
18.3154866074 2.9798125
18.328052977 2.9731625
18.3406193467 2.969375
18.3531857163 2.9654875
18.3657520859 2.9611375
18.3783184556 2.95625
18.3908848252 2.9522375
18.4034511948 2.9481
18.4160175645 2.942975
18.4285839341 2.939275
18.4411503038 2.9355125
18.4537166734 2.9308625
18.466283043 2.9262625
18.4788494127 2.921725
18.4914157823 2.9161625
18.503982152 2.9138125
18.5165485216 2.909975
18.5291148913 2.904875
18.5416812609 2.8997125
18.5542476306 2.8961125
18.5668140002 2.8912375
18.5793803699 2.88765
18.5919467396 2.8823
18.6045131092 2.87795
18.6170794789 2.8749625
18.6296458485 2.8697
18.6422122182 2.8654125
18.6547785879 2.861075
18.6673449575 2.856475
18.6799113272 2.8531625
18.6924776969 2.8489875
18.7050440665 2.844225
18.7176104362 2.840475
18.7301768059 2.8361375
18.7427431755 2.8327125
18.7553095452 2.82805
18.7678759149 2.823925
18.7804422846 2.8206125
18.7930086542 2.81485
18.8055750239 2.812175
18.8181413936 2.8071
18.8307077633 2.8039
18.843274133 2.7986625
18.8558405026 2.7945
18.8684068723 2.7917875
18.880973242 2.7867875
18.8935396117 2.7829
18.9061059814 2.779775
18.9186723511 2.7730375
18.9312387208 2.7708375
18.9438050905 2.7659875
18.9563714602 2.7639625
18.9689378299 2.757975
18.9815041995 2.7545
18.9940705692 2.7502875
19.0066369389 2.7469625
19.0192033086 2.7432125
19.0317696783 2.7388125
19.044336048 2.7350875
19.0569024177 2.733325
19.0694687875 2.7268375
19.0820351572 2.7236125
19.0946015269 2.717825
19.1071678966 2.715225
19.1197342663 2.7123
19.132300636 2.70775
19.1448670057 2.703
19.1574333754 2.699925
19.1699997451 2.6965
19.1825661148 2.692275
19.1951324846 2.6872375
19.2076988543 2.6830625
19.220265224 2.68085
19.2328315937 2.67645
19.2453979634 2.6719875
19.2579643332 2.668525
19.2705307029 2.6646375
19.2830970726 2.66025
19.2956634423 2.656775
19.3082298121 2.6532375
19.3207961818 2.6489625
19.3333625515 2.64505
19.3459289212 2.641975
19.358495291 2.6383375
19.3710616607 2.6344625
19.3836280304 2.630775
19.3961944002 2.625575
19.4087607699 2.6231875
19.4213271396 2.6193
19.4338935094 2.6145875
19.4464598791 2.61265
19.4590262489 2.6083
19.4715926186 2.6051125
19.4841589884 2.601475
19.4967253581 2.597825
19.5092917278 2.593825
19.5218580976 2.5904125
19.5344244673 2.5870875
19.5469908371 2.5836875
19.5595572068 2.5785375
19.5721235766 2.576025
19.5846899463 2.572625
19.5972563161 2.5684875
19.6098226858 2.5649125
19.6223890556 2.56055
19.6349554253 2.557825
19.6475217951 2.5538
19.6600881649 2.5508875
19.6726545346 2.5476
19.6852209044 2.5443375
19.6977872741 2.540925
19.7103536439 2.536475
19.7229200137 2.534
19.7354863834 2.5292125
19.7480527532 2.52625
19.760619123 2.523075
19.7731854927 2.5188875
19.7857518625 2.5152375
19.7983182323 2.51205
19.810884602 2.5080875
19.8234509718 2.5052
19.8360173416 2.501375
19.8485837114 2.499225
19.8611500811 2.4954125
19.8737164509 2.4916625
19.8862828207 2.48735
19.8988491905 2.4849875
19.9114155603 2.4812625
19.92398193 2.4788375
19.9365482998 2.4742625
19.9491146696 2.4720125
19.9616810394 2.46795
19.9742474092 2.4644875
19.986813779 2.461425
19.9993801487 2.457375
20.0119465185 2.4558
20.0245128883 2.4514
20.0370792581 2.44845
20.0496456279 2.4447375
20.0622119977 2.4410375
20.0747783675 2.436525
20.0873447373 2.4352125
20.0999111071 2.43195
20.1124774769 2.428825
20.1250438467 2.4252625
20.1376102165 2.4210375
20.1501765863 2.4197125
20.1627429561 2.415225
20.1753093259 2.4118125
20.1878756957 2.408775
20.2004420655 2.40485
20.2130084353 2.4019625
20.2255748051 2.398325
20.2381411749 2.3957375
20.2507075447 2.3928625
20.2632739145 2.389575
20.2758402843 2.3861
20.2884066541 2.3822875
20.3009730239 2.3799625
20.3135393937 2.3769625
20.3261057636 2.3738125
20.3386721334 2.371225
20.3512385032 2.3679375
20.363804873 2.36365
20.3763712428 2.3611875
20.3889376126 2.3589
20.4015039825 2.354025
20.4140703523 2.3516
20.4266367221 2.3487375
20.4392030919 2.3451375
20.4517694617 2.3419875
20.4643358316 2.3392125
20.4769022014 2.3357
20.4894685712 2.3319125
20.5020349411 2.329425
20.5146013109 2.3269625
20.5271676807 2.3238625
20.5397340505 2.3202875
20.5523004204 2.317275
20.5648667902 2.3143625
20.57743316 2.312375
20.5899995299 2.30835
20.6025658997 2.3052
20.6151322695 2.304125
20.6276986394 2.2993875
20.6402650092 2.296725
20.652831379 2.2941875
20.6653977489 2.291025
20.6779641187 2.287125
20.6905304886 2.2856125
20.7030968584 2.281925
20.7156632283 2.2787875
20.7282295981 2.2749875
20.7407959679 2.2722
20.7533623378 2.2698875
20.7659287076 2.2667375
20.7784950775 2.264025
20.7910614473 2.2616875
20.8036278172 2.2578625
20.816194187 2.2553
20.8287605569 2.252375
20.8413269267 2.2491375
20.8538932966 2.2466
20.8664596664 2.2434625
20.8790260363 2.241275
20.8915924062 2.238025
20.904158776 2.2361125
20.9167251459 2.2326125
20.9292915157 2.2285875
20.9418578856 2.2267625
20.9544242555 2.223625
20.9669906253 2.221325
20.9795569952 2.218175
20.992123365 2.2148625
21.0046897349 2.2124875
21.0172561048 2.2106625
21.0298224746 2.2071875
21.0423888445 2.20465
21.0549552144 2.201425
21.0675215842 2.198975
21.0800879541 2.1957125
21.092654324 2.192575
21.1052206939 2.1903625
21.1177870637 2.187975
21.1303534336 2.1843375
21.1429198035 2.18245
21.1554861733 2.17905
21.1680525432 2.1761875
21.1806189131 2.1745625
21.193185283 2.1708125
21.2057516529 2.1685875
21.2183180227 2.1659625
21.2308843926 2.1632125
21.2434507625 2.16015
21.2560171324 2.1584625
21.2685835023 2.15635
21.2811498721 2.152825
21.293716242 2.1499
21.3062826119 2.1471875
21.3188489818 2.144525
21.3314153517 2.143025
21.3439817216 2.140225
21.3565480915 2.1368625
21.3691144614 2.1335
21.3816808312 2.1308375
21.3942472011 2.1285125
21.406813571 2.1264875
21.4193799409 2.12325
21.4319463108 2.121575
21.4445126807 2.1189625
21.4570790506 2.1158375
21.4696454205 2.11325
21.4822117904 2.111325
21.4947781603 2.1088625
21.5073445302 2.105925
21.5199109001 2.1040125
21.53247727 2.101425
21.5450436399 2.0988375
21.5576100098 2.0973
21.5701763797 2.093575
21.5827427496 2.0911125
21.5953091195 2.08865
21.6078754894 2.0861875
21.6204418593 2.0834375
21.6330082292 2.0800125
21.6455745991 2.078425
21.658140969 2.07665
21.670707339 2.0741
21.6832737089 2.0713625
21.6958400788 2.0688625
21.7084064487 2.0663375
21.7209728186 2.0642125
21.7335391885 2.0622625
21.7461055584 2.0591
21.7586719283 2.0563125
21.7712382983 2.0544125
21.7838046682 2.0511
21.7963710381 2.0493375
21.808937408 2.0466875
21.8215037779 2.0442625
21.8340701479 2.0415875
21.8466365178 2.039925
21.8592028877 2.0371375
21.8717692576 2.0351
21.8843356275 2.032325
21.8969019975 2.0301625
21.9094683674 2.0279375
21.9220347373 2.0255875
21.9346011072 2.0237125
21.9471674772 2.02105
21.9597338471 2.01835
21.972300217 2.016525
21.984866587 2.0137875
21.9974329569 2.0116125
22.0099993268 2.0104375
22.0225656968 2.0073375
22.0351320667 2.0045625
22.0476984366 2.0022
22.0602648066 2.000075
22.0728311765 1.997875
22.0853975464 1.996675
22.0979639164 1.9933
22.1105302863 1.991025
22.1230966562 1.98945
22.1356630262 1.987425
22.1482293961 1.98505
22.1607957661 1.9826375
22.173362136 1.9801125
22.1859285059 1.9780625
22.1984948759 1.97605
22.2110612458 1.9736375
22.2236276158 1.9710125
22.2361939857 1.9694625
22.2487603557 1.96665
22.2613267256 1.9652375
22.2738930956 1.963275
22.2864594655 1.9599125
22.2990258355 1.9584
22.3115922054 1.955725
22.3241585754 1.9540375
22.3367249453 1.951925
22.3492913153 1.9490875
22.3618576852 1.9478625
22.3744240552 1.945625
22.3869904251 1.944025
22.3995567951 1.941475
22.412123165 1.9399125
22.424689535 1.9377625
22.4372559049 1.934675
22.4498222749 1.933125
22.4623886449 1.9313
22.4749550148 1.9291
22.4875213848 1.9270375
22.5000877547 1.92435
22.5126541247 1.9233375
22.5252204947 1.9198375
22.5377868646 1.918375
22.5503532346 1.9161
22.5629196046 1.91485
22.5754859745 1.9124875
22.5880523445 1.90955
22.6006187144 1.9087625
22.6131850844 1.90625
22.6257514544 1.9038
22.6383178244 1.9022125
22.6508841943 1.900175
22.6634505643 1.8989875
22.6760169343 1.8964125
22.6885833042 1.8950875
22.7011496742 1.8930625
22.7137160442 1.8906125
22.7262824142 1.8884625
22.7388487841 1.88725
22.7514151541 1.8849375
22.7639815241 1.883375
22.7765478941 1.881
22.789114264 1.8789625
22.801680634 1.877825
22.814247004 1.8754375
22.826813374 1.8733125
22.8393797439 1.8710875
22.8519461139 1.870175
22.8645124839 1.867425
22.8770788539 1.8654125
22.8896452239 1.8644875
22.9022115939 1.86195
22.9147779638 1.860675
22.9273443338 1.8592375
22.9399107038 1.856775
22.9524770738 1.8550875
22.9650434438 1.853725
22.9776098138 1.85105
22.9901761838 1.8490375
23.0027425538 1.8479
23.0153089237 1.8452625
23.0278752937 1.84435
23.0404416637 1.84265
23.0530080337 1.8410125
23.0655744037 1.8382
23.0781407737 1.836775
23.0907071437 1.8354125
23.1032735137 1.8335625
23.1158398837 1.8316125
23.1284062537 1.83065
23.1409726237 1.828675
23.1535389937 1.82615
23.1661053637 1.825075
23.1786717337 1.82245
23.1912381037 1.8216125
23.2038044737 1.819875
23.2163708437 1.8183
23.2289372137 1.81585
23.2415035837 1.8148375
23.2540699537 1.813375
23.2666363237 1.8116125
23.2792026937 1.8098375
23.2917690637 1.8081625
23.3043354337 1.80655
23.3169018037 1.80485
23.3294681737 1.8028875
23.3420345437 1.8019
23.3546009137 1.8001
23.3671672837 1.798025
23.3797336537 1.797425
23.3923000237 1.7949375
23.4048663938 1.793525
23.4174327638 1.7919625
23.4299991338 1.790225
23.4425655038 1.7887
23.4551318738 1.7874625
23.4676982438 1.7854
23.4802646138 1.7841625
23.4928309838 1.7827375
23.5053973539 1.7810625
23.5179637239 1.77925
23.5305300939 1.77765
23.5430964639 1.7765125
23.5556628339 1.7750375
23.5682292039 1.774475
23.580795574 1.7718625
23.593361944 1.7704375
23.605928314 1.7695875
23.618494684 1.767525
23.631061054 1.7660125
23.6436274241 1.7654875
23.6561937941 1.7629625
23.6687601641 1.7621875
23.6813265341 1.7603875
23.6938929042 1.758675
23.7064592742 1.7579125
23.7190256442 1.75645
23.7315920142 1.754925
23.7441583843 1.753825
23.7567247543 1.7516875
23.7692911243 1.75005
23.7818574944 1.7495
23.7944238644 1.7484
23.8069902344 1.7470875
23.8195566044 1.7450125
23.8321229745 1.7432
23.8446893445 1.7431625
23.8572557145 1.7414625
23.8698220846 1.739925
23.8823884546 1.7386
23.8949548246 1.736725
23.9075211947 1.735575
23.9200875647 1.7345875
23.9326539348 1.7330625
23.9452203048 1.73195
23.9577866748 1.730775
23.9703530449 1.7295375
23.9829194149 1.7278
23.9954857849 1.7265
24.008052155 1.72595
24.020618525 1.7247625
24.0331848951 1.7234625
24.0457512651 1.72255
24.0583176352 1.7209
24.0708840052 1.718925
24.0834503752 1.718325
24.0960167453 1.717575
24.1085831153 1.7165375
24.1211494854 1.7156625
24.1337158554 1.7134625
24.1462822255 1.7122625
24.1588485955 1.71105
24.1714149656 1.7098375
24.1839813356 1.7091125
24.1965477057 1.707475
24.2091140757 1.70725
24.2216804458 1.7053375
24.2342468158 1.704675
24.2468131859 1.704
24.2593795559 1.7021625
24.271945926 1.7016625
24.284512296 1.700475
24.2970786661 1.6993875
24.3096450361 1.6977375
24.3222114062 1.6969625
24.3347777762 1.6954875
24.3473441463 1.695625
24.3599105164 1.6943375
24.3724768864 1.6928875
24.3850432565 1.692025
24.3976096265 1.691175
24.4101759966 1.690675
24.4227423666 1.6892625
24.4353087367 1.688025
24.4478751068 1.6872875
24.4604414768 1.6862
24.4730078469 1.6854375
24.485574217 1.6842375
24.498140587 1.6837625
24.5107069571 1.6825125
24.5232733271 1.6814375
24.5358396972 1.68065
24.5484060673 1.679625
24.5609724373 1.6787
24.5735388074 1.6778125
24.5861051775 1.676875
24.5986715475 1.6764
24.6112379176 1.674775
24.6238042877 1.6747375
24.6363706577 1.6737875
24.6489370278 1.672825
24.6615033979 1.6715875
24.674069768 1.671125
24.686636138 1.669425
24.6992025081 1.6695375
24.7117688782 1.6688875
24.7243352482 1.66795
24.7369016183 1.6673
24.7494679884 1.6665125
24.7620343585 1.666225
24.7746007285 1.6651
24.7871670986 1.6638125
24.7997334687 1.6639375
24.8122998388 1.6634
24.8248662089 1.6624875
24.8374325789 1.6621875
24.849998949 1.6603625
24.8625653191 1.6603625
24.8751316892 1.65925
24.8876980592 1.6587125
24.9002644293 1.65855
24.9128307994 1.6575125
24.9253971695 1.657125
24.9379635396 1.65645
24.9505299097 1.6559
24.9630962797 1.6548375
24.9756626498 1.6542375
24.9882290199 1.654525
25.00079539 1.6526
25.0133617601 1.6525125
25.0259281302 1.6521375
25.0384945002 1.6523375
25.0510608703 1.6516875
25.0636272404 1.6507375
25.0761936105 1.6496625
25.0887599806 1.6502125
25.1013263507 1.64905
25.1138927208 1.6487375
25.1264590909 1.648425
25.139025461 1.6481
25.1515918311 1.647475
25.1641582011 1.6463125
25.1767245712 1.6462
25.1892909413 1.6463125
25.2018573114 1.645575
25.2144236815 1.645875
25.2269900516 1.64485
25.2395564217 1.6444
25.2521227918 1.644025
25.2646891619 1.6443
25.277255532 1.64285
25.2898219021 1.6434125
25.3023882722 1.6434625
25.3149546423 1.6420375
25.3275210124 1.642175
25.3400873825 1.641875
25.3526537526 1.6419
25.3652201227 1.6412125
25.3777864928 1.6408125
25.3903528629 1.6412125
25.402919233 1.640675
25.4154856031 1.6409875
25.4280519732 1.640075
25.4406183433 1.6403125
25.4531847134 1.6396375
25.4657510835 1.64
25.4783174536 1.6392
25.4908838237 1.6397875
25.5034501938 1.6392625
25.5160165639 1.639675
25.528582934 1.6393
25.5411493041 1.6385375
25.5537156742 1.6393125
25.5662820444 1.63905
25.5788484145 1.63855
25.5914147846 1.6385625
25.6039811547 1.638575
25.6165475248 1.6387125
25.6291138949 1.6387625
25.641680265 1.6389375
25.6542466351 1.639225
25.6668130052 1.6387
25.6793793753 1.639575
25.6919457455 1.639325
25.7045121156 1.639275
25.7170784857 1.6390625
25.7296448558 1.639
25.7422112259 1.6383125
